/*** Spectra Vista SIG Data ***/
name= 230505_1435_R930_T940.sig
instrument= HK: 9202056 (HR-512i)
integration= 10.0, 0.0, 0.0, 10.0, 0.0, 0.0
scan method= Time-based, Time-based
scan coadds= 500, 0, 0, 500, 0, 0
scan time= 5, 5
scan settings= AI, AI
external data set1= 0,0,0,0,0,0,0,0,0,0,0,0,0,0,0,0,0,0,0,0,0,0,0,0,0,0,0,0,0,0,0,0
external data set2= 0,0,0,0,0,0,0,0,0,0,0,0,0,0,0,0,0,0,0,0,0,0,0,0,0,0,0,0,0,0,0,0
external data dark= 0,0,0,0,0,0,0,0,0,0,0,0,0,0,0,0
external data mask= 0
optic= LENS 4(1), LENS 4(1)
temp= 25.1, 0.0, 0.0, 28.3, 0.0, 0.0
battery= 8.27, 8.22
error= 0, 0
units= Radiance, Radiance
time= 5/5/2023 2:29:13 PM, 5/5/2023 2:35:53 PM
longitude= 07745.5848W     , 07746.1400W     
latitude= 3411.3895N      , 3410.9566N      
gpstime= 153714.000      , 154355.000      
comm= 
memory slot= 930, 940
factors= 1.000, 1.000, 1.000 [Overlap: Preserve, Matching Type: None]
inclinometer x offset= 5, 5
inclinometer y offset= -14, -45
data= 
339.7  56113.20  87766.80  156.41
341.4  60656.20  94721.00  156.16
343.0  63251.00  98704.85  156.05
344.7  64901.25  100637.00  155.06
346.4  68588.80  105332.80  153.57
348.0  72054.50  110287.50  153.06
349.7  75956.40  115689.60  152.31
351.3  82203.10  124397.05  151.33
353.0  86771.30  130758.60  150.69
354.6  92891.40  139076.90  149.72
356.2  92492.40  138357.45  149.59
357.9  86673.00  128631.75  148.41
359.5  88170.40  129062.80  146.38
361.2  94660.20  138076.70  145.87
362.8  100040.85  144869.90  144.81
364.5  106788.00  153629.10  143.86
366.1  116811.90  166908.80  142.89
367.7  123373.80  175834.80  142.52
369.4  124840.10  176757.35  141.59
371.0  125989.50  177331.70  140.75
372.6  122813.25  172150.50  140.17
374.3  116983.50  162632.75  139.02
375.9  119662.95  164493.45  137.46
377.5  130891.80  178795.50  136.60
379.1  138454.25  188910.70  136.44
380.8  135340.80  183965.60  135.93
382.4  125235.00  169947.00  135.70
384.0  113495.85  152230.95  134.13
385.6  118850.40  157787.50  132.76
387.3  125892.00  166514.40  132.27
388.9  132512.60  174136.30  131.41
390.5  143427.35  187379.50  130.64
392.1  148268.25  193556.25  130.54
393.8  134080.00  174400.00  130.07
395.4  137126.85  175681.80  128.12
397.0  144549.60  184506.40  127.64
398.6  164712.90  207033.50  125.69
400.2  200717.20  251402.00  125.25
401.8  224164.50  279979.00  124.90
403.4  235743.20  293183.80  124.37
405.0  237060.00  293100.00  123.64
406.6  235562.25  289038.75  122.70
408.3  238182.00  289546.95  121.57
409.9  243236.80  293781.60  120.78
411.5  247416.75  296527.50  119.85
413.1  256450.00  305400.00  119.09
414.7  260433.60  308540.40  118.47
416.3  263296.00  310233.00  117.83
417.9  262740.00  308221.20  117.31
419.5  260755.35  304309.80  116.70
421.1  262963.20  305292.40  116.10
422.7  264176.00  305767.00  115.74
424.3  262496.20  302619.10  115.29
425.9  262139.35  301165.15  114.89
427.5  258211.50  295815.50  114.56
429.1  250175.85  286009.85  114.32
430.7  234962.25  267883.95  114.01
432.3  240492.85  271709.75  112.98
433.9  257665.10  290435.95  112.72
435.5  269546.20  302878.00  112.37
437.1  282910.00  317262.00  112.14
438.7  282483.20  316537.95  112.06
440.3  283950.45  316759.45  111.55
441.9  294180.75  326846.25  111.10
443.5  305908.20  339052.10  110.83
445.0  312557.50  345843.75  110.65
446.6  314313.45  346881.15  110.36
448.2  321646.90  353677.80  109.96
449.8  330324.15  362282.05  109.67
451.4  339015.70  370935.75  109.42
453.0  336697.90  368095.20  109.33
454.6  332524.35  362343.00  108.97
456.2  334400.15  363160.10  108.60
457.8  337862.60  366085.40  108.35
459.3  338045.40  365484.15  108.12
460.9  339600.80  366096.50  107.80
462.5  344066.40  370015.20  107.54
464.1  344025.60  369403.20  107.38
465.7  340802.40  365200.80  107.16
467.2  337654.50  360963.50  106.90
468.8  336500.70  358776.90  106.62
470.4  335218.50  356643.00  106.39
472.0  337245.30  357662.40  106.05
473.6  341074.25  361028.80  105.85
475.1  343570.00  362985.70  105.65
476.7  344000.50  362818.30  105.47
478.3  346726.05  364794.15  105.21
479.9  349335.45  366796.35  105.00
481.5  351344.80  368188.50  104.79
483.0  350478.20  366788.50  104.65
484.6  343219.20  358924.80  104.58
486.2  327059.95  341709.55  104.48
487.8  320052.60  332866.80  104.00
489.3  326887.50  338887.50  103.67
490.9  333684.00  345439.20  103.52
492.5  334376.90  345763.55  103.41
494.0  337296.50  347954.50  103.16
495.6  340312.00  350550.20  103.01
497.2  341063.55  350902.95  102.88
498.8  337193.95  346508.70  102.76
500.3  331836.10  340580.50  102.64
501.9  325854.50  333869.00  102.46
503.5  324851.80  332186.40  102.26
505.0  326496.50  333266.55  102.07
506.6  329025.60  335398.50  101.94
508.2  327564.00  333558.00  101.83
509.7  326848.50  332280.00  101.66
511.3  326416.30  331369.65  101.52
512.9  323013.15  327515.40  101.39
514.4  317108.50  320982.00  101.22
516.0  309540.00  313260.00  101.20
517.5  300022.65  303459.75  101.15
519.1  300673.10  303453.15  100.92
520.7  307538.00  310032.80  100.81
522.2  311130.50  313265.50  100.69
523.8  315284.60  316907.30  100.51
525.4  316573.05  318085.20  100.48
526.9  312631.00  313568.60  100.30
528.5  315670.80  315641.85  99.99
530.0  320851.35  320364.30  99.85
531.6  322624.00  321914.00  99.78
533.2  320741.10  319586.95  99.64
534.7  322672.00  320824.00  99.43
536.3  323008.20  320839.80  99.33
537.8  321541.85  318942.75  99.19
539.4  318642.00  315799.20  99.11
541.0  315854.40  312487.20  98.93
542.5  316213.20  312238.80  98.74
544.1  318577.70  314034.90  98.57
545.6  319652.25  314685.00  98.45
547.2  319272.40  313897.35  98.32
548.7  319536.00  313600.00  98.14
550.3  320149.95  313703.60  97.99
551.8  320553.45  313636.05  97.84
553.4  321578.40  314199.60  97.71
554.9  322986.40  315183.40  97.58
556.5  321667.20  313637.20  97.50
558.0  318806.50  310546.50  97.41
559.6  316361.50  307644.75  97.24
561.1  318229.50  308914.00  97.07
562.7  320253.20  310450.15  96.94
564.2  322536.75  312202.00  96.80
565.8  322007.00  311174.00  96.64
567.3  321859.30  310788.90  96.56
568.9  321325.80  310527.30  96.64
570.4  319659.75  309102.75  96.70
572.0  320415.00  309837.00  96.70
573.5  322861.35  312477.90  96.78
575.1  323547.20  313393.60  96.86
576.6  323025.50  312808.00  96.84
578.2  321855.65  311587.90  96.81
579.7  321827.20  311183.95  96.69
581.2  323719.90  312586.10  96.56
582.8  326639.70  315097.55  96.47
584.3  327406.00  315626.75  96.40
585.9  325750.80  313905.90  96.36
587.4  322056.00  310327.20  96.36
588.9  313777.75  302741.00  96.48
590.5  309021.60  297635.20  96.32
592.0  309947.70  298072.95  96.17
593.6  311467.00  299231.40  96.07
595.1  312049.10  299500.30  95.98
596.6  313005.60  300002.40  95.85
598.2  313514.50  300135.75  95.73
599.7  312961.45  299186.80  95.60
601.2  311928.40  297788.40  95.47
602.8  312008.80  297321.00  95.29
604.3  313407.00  298257.20  95.17
605.8  314614.20  299120.60  95.08
607.4  314381.25  298744.20  95.03
608.9  312624.50  296865.00  94.96
610.5  310792.90  294836.85  94.87
612.0  309145.20  293065.50  94.80
613.5  307014.50  290848.00  94.73
615.0  305067.70  288776.95  94.66
616.6  302604.80  286173.60  94.57
618.1  302929.20  286108.20  94.45
619.6  304570.00  287356.00  94.35
621.2  305447.20  288104.40  94.32
622.7  304204.80  286848.00  94.29
624.2  302169.60  284870.70  94.28
625.8  299642.35  282348.55  94.23
627.3  297946.75  280676.75  94.20
628.8  295952.65  278787.95  94.20
630.3  294711.15  277492.70  94.16
631.8  294149.70  276619.20  94.04
633.4  294993.60  277044.90  93.92
634.9  295888.40  277580.10  93.81
636.4  297099.75  278450.90  93.72
638.0  298738.80  279723.60  93.63
639.5  298620.00  279552.00  93.61
641.0  297847.55  278578.30  93.53
642.5  297362.80  277977.00  93.48
644.0  296958.00  277393.00  93.41
645.5  295739.00  276254.00  93.41
647.1  293646.00  274418.40  93.45
648.6  291364.30  272355.60  93.48
650.1  289970.25  270987.00  93.45
651.6  290511.85  271542.95  93.47
653.1  291174.15  272385.75  93.55
654.7  288596.00  270277.65  93.65
656.2  280041.60  262303.75  93.67
657.7  276544.80  258278.40  93.39
659.2  280524.40  261354.60  93.17
660.7  285497.25  265728.75  93.08
662.2  289802.50  269600.50  93.03
663.7  291765.90  271320.00  92.99
665.2  292394.80  271746.00  92.94
666.8  292562.65  271752.55  92.89
668.3  292422.00  271443.90  92.83
669.8  292084.65  271036.15  92.79
671.3  291212.10  270197.30  92.78
672.8  290766.00  269601.40  92.72
674.3  290218.40  268961.00  92.68
675.8  290122.50  268660.00  92.60
677.3  289737.00  268172.80  92.56
678.8  289313.20  267599.20  92.49
680.3  288591.40  266730.00  92.42
681.8  287662.55  265729.80  92.38
683.3  285689.25  263762.40  92.32
684.8  281696.80  260069.20  92.32
686.3  269374.00  249591.00  92.66
687.8  255091.20  236800.20  92.83
689.3  249582.90  231119.70  92.60
690.8  250111.20  230846.40  92.30
692.3  253739.20  233610.85  92.07
693.8  255997.20  235555.30  92.01
695.3  258034.40  237016.00  91.85
696.8  261330.00  239355.80  91.59
698.3  261856.00  239680.00  91.53
699.8  260115.95  238268.65  91.60
701.3  257838.70  236361.25  91.67
702.8  257948.80  236471.10  91.67
704.2  259585.00  237796.00  91.61
705.7  261246.40  239163.20  91.55
707.2  262118.80  239937.05  91.54
708.7  262514.40  240139.80  91.48
710.2  262813.65  240364.65  91.46
711.7  262257.00  239787.00  91.43
713.2  261192.80  238788.00  91.42
714.7  258619.20  236602.20  91.49
716.2  250331.40  229995.00  91.88
717.6  234576.00  216972.00  92.50
719.1  220106.20  204279.80  92.81
720.6  217436.80  201225.60  92.54
722.1  223068.50  205683.00  92.21
723.6  223066.60  205945.50  92.32
725.0  220533.30  203788.80  92.41
726.5  219539.40  202859.25  92.40
728.0  219019.95  202359.60  92.39
729.5  219230.80  202384.00  92.32
731.0  221612.80  204131.75  92.11
732.4  227317.20  208692.00  91.81
733.9  234246.95  214355.40  91.51
735.4  238439.85  217875.90  91.38
736.8  240483.00  219564.00  91.30
738.3  241386.15  220166.65  91.21
739.8  241741.50  220200.75  91.09
741.2  241836.30  220067.55  91.00
742.7  242827.20  220635.20  90.86
744.2  244490.40  221970.00  90.79
745.7  245295.00  222543.00  90.72
747.1  245844.60  223039.20  90.72
748.6  245532.30  222675.30  90.69
750.0  244358.85  221554.45  90.67
751.5  243239.10  220387.70  90.61
753.0  242630.10  219795.05  90.59
754.4  242358.00  219418.00  90.53
755.9  241437.50  218625.00  90.55
757.3  239022.55  216576.75  90.61
758.8  220483.60  201706.85  91.48
760.3  170989.50  159315.00  93.17
761.7  135824.00  127139.10  93.61
763.2  125070.00  117084.00  93.61
764.6  130003.20  120479.40  92.67
766.1  151670.40  138700.80  91.45
767.5  179056.15  162297.20  90.64
769.0  202006.50  182415.50  90.30
770.4  216891.00  195562.00  90.17
771.9  224910.00  202790.00  90.16
773.3  228805.50  206307.00  90.17
774.8  230087.00  207421.50  90.15
776.2  230781.60  208007.10  90.13
777.7  230715.10  207892.30  90.11
779.1  230140.00  207274.00  90.06
780.5  229646.80  206712.10  90.01
782.0  229142.85  206312.00  90.04
783.4  228172.80  205440.00  90.04
784.9  227331.60  204614.00  90.01
786.3  226392.40  203776.80  90.01
787.8  224538.20  202260.05  90.08
789.2  222126.80  200189.35  90.12
790.6  219565.80  198068.70  90.21
792.0  217579.60  196171.50  90.16
793.5  215645.40  194326.20  90.11
794.9  214875.00  193473.45  90.04
796.3  214706.30  193305.55  90.03
797.8  215097.50  193632.10  90.02
799.2  214978.60  193534.80  90.03
800.6  213886.00  192543.20  90.02
802.1  212712.30  191589.95  90.07
803.5  211714.80  190619.00  90.04
804.9  211351.40  190091.20  89.94
806.3  211628.75  190221.50  89.88
807.8  211516.15  189957.20  89.81
809.2  209880.85  188660.35  89.89
810.6  207863.25  186902.25  89.92
812.0  204617.55  184354.25  90.10
813.4  197943.75  179137.50  90.50
814.8  188331.15  171259.25  90.94
816.3  179108.55  163385.70  91.22
817.7  173290.00  157973.40  91.16
819.1  171838.80  156382.40  91.01
820.5  175675.50  159159.00  90.60
821.9  177081.15  160534.80  90.66
823.3  172222.05  156467.85  90.85
824.7  175763.70  159024.30  90.48
826.1  181227.20  163732.80  90.35
827.5  182489.25  164829.00  90.32
828.9  180949.50  163643.50  90.44
830.3  180950.00  163501.25  90.36
831.7  181311.30  163743.90  90.31
833.2  181879.35  164050.65  90.20
834.5  184141.30  165632.60  89.95
835.9  187346.90  168283.05  89.82
837.3  190354.75  170720.50  89.69
838.7  192241.25  172325.00  89.64
840.1  193741.60  173536.30  89.57
841.5  194545.20  174189.20  89.54
842.9  194781.45  174285.90  89.48
844.3  194350.00  173868.50  89.46
845.7  194806.00  174036.80  89.34
847.1  195045.30  174142.10  89.28
848.5  193908.75  173194.00  89.32
849.9  189953.70  169900.40  89.44
851.2  187898.70  167732.40  89.27
852.6  186796.80  167014.50  89.41
854.0  180237.20  161325.45  89.51
855.4  177209.20  158222.50  89.29
856.8  181636.05  161904.00  89.14
858.2  185543.10  165382.80  89.13
859.5  187359.00  167118.00  89.20
860.9  187814.40  167666.40  89.27
862.3  188221.40  167820.40  89.16
863.7  188243.05  167965.20  89.23
865.0  185385.00  165574.25  89.31
866.4  178208.80  159062.40  89.26
867.8  176568.15  157363.80  89.12
869.1  178887.60  159451.50  89.14
870.5  181020.60  161352.75  89.14
871.9  182475.20  162372.00  88.98
873.2  182392.40  162431.00  89.06
874.6  181459.60  161847.70  89.19
876.0  180941.20  161282.40  89.14
877.3  180803.50  161097.95  89.10
878.7  180604.60  160857.40  89.07
880.0  179468.40  159689.40  88.98
881.4  178294.50  158694.75  89.01
882.8  178230.75  158806.80  89.10
884.1  178622.50  158943.75  88.98
885.5  177925.05  158447.40  89.05
886.8  176433.40  157149.85  89.07
888.2  175890.40  156596.30  89.03
889.5  176041.25  156733.50  89.03
890.9  175642.60  156536.00  89.12
892.2  173696.75  155044.75  89.26
893.6  169956.00  152016.20  89.44
894.9  164228.40  147231.00  89.65
896.2  155602.75  140309.50  90.17
897.6  147108.00  133332.00  90.64
898.9  138971.50  126247.00  90.84
900.3  133504.80  121368.00  90.91
901.6  131686.80  119389.20  90.66
903.0  135925.60  122955.60  90.46
904.3  144139.95  129699.70  89.98
905.6  147546.75  132925.00  90.09
907.0  143507.00  129749.75  90.41
908.3  136551.35  123963.45  90.78
909.6  132343.65  120135.85  90.78
911.0  131882.80  119791.20  90.83
912.3  131785.50  119805.00  90.91
913.6  129783.45  117932.40  90.87
914.9  128421.60  116986.80  91.10
916.2  127667.00  116087.90  90.93
917.6  127581.60  116147.40  91.04
918.9  131519.65  119313.65  90.72
920.2  136754.80  123760.00  90.50
921.5  139238.40  125440.00  90.09
922.9  138966.00  124974.00  89.93
924.2  137406.30  123859.20  90.14
925.5  136790.50  123373.25  90.19
926.8  135537.60  122581.80  90.44
928.1  128568.45  117432.60  91.34
929.4  116637.00  107374.65  92.06
930.7  102083.20  95091.20  93.15
932.0  85656.00  81016.30  94.58
933.4  70425.70  67506.50  95.85
934.7  61180.20  58941.90  96.34
936.0  58404.50  56508.25  96.75
937.3  56994.80  55069.30  96.62
938.6  64623.80  61120.10  94.58
939.9  75456.00  71133.00  94.27
941.2  79600.00  75222.00  94.50
942.5  78628.20  74169.90  94.33
943.8  73647.50  70337.50  95.51
945.1  70711.20  67344.00  95.24
946.4  70093.60  66674.40  95.12
947.7  72010.80  68106.60  94.58
949.0  73272.40  69299.80  94.58
950.2  75348.00  71311.50  94.64
951.5  76582.80  72024.30  94.05
952.8  76411.50  72243.60  94.55
954.1  78169.40  73460.40  93.98
955.4  78077.00  73287.00  93.87
956.7  79818.80  74951.80  93.90
958.0  82564.80  77620.80  94.01
959.3  83044.50  77508.20  93.33
960.5  85982.40  80352.60  93.45
961.8  89543.20  83296.00  93.02
963.1  92767.50  86406.30  93.14
964.4  95968.70  88420.60  92.13
965.7  97641.90  90510.75  92.70
966.9  102791.60  93853.20  91.30
968.2  111553.40  101308.70  90.82
969.5  118156.80  107152.00  90.69
970.8  122130.00  110920.00  90.82
972.0  123338.25  111906.90  90.73
973.3  120304.80  109256.40  90.82
974.6  117052.65  106411.50  90.91
975.8  115487.05  104640.20  90.61
977.1  116457.40  106047.80  91.06
978.4  118793.35  106847.65  89.94
979.6  119767.05  108264.00  90.40
980.9  122262.75  110520.00  90.40
982.2  125445.50  112760.00  89.89
983.4  128035.40  114368.70  89.33
984.7  129882.60  116674.20  89.83
985.9  131188.75  118444.70  90.29
987.2  133318.80  120293.40  90.23
988.5  133833.15  120528.10  90.06
989.7  135318.30  120905.70  89.35
991.0  135887.60  121152.80  89.16
992.2  135634.50  122238.50  90.12
993.5  136231.20  121665.60  89.31
994.7  135818.75  121798.75  89.68
996.0  135394.15  121047.75  89.40
997.2  136204.40  121479.60  89.19
998.5  135170.75  121937.25  90.21
999.7  134878.65  121293.75  89.93
1001.0  134379.00  120443.40  89.63
1002.2  133312.15  120082.70  90.08
1003.4  132332.80  118892.75  89.84
1004.7  130907.70  116362.40  88.89
1005.9  128935.20  115417.80  89.52
1007.2  128507.40  116071.20  90.32
1008.4  128587.50  115214.40  89.60
1009.6  129187.80  115858.90  89.68
1010.9  128589.30  115322.15  89.68
1012.1  129355.85  116114.70  89.76
1013.3  129463.80  115192.20  88.98
1014.6  128721.60  115440.80  89.68
1015.8  128325.00  114979.20  89.60
1017.1  128104.40  114674.10  89.52
1018.3  127191.10  114680.50  90.16
1019.5  127860.70  114123.60  89.26
1020.8  127657.25  114784.25  89.92
1022.0  127641.15  114549.75  89.74
1023.2  126893.40  113536.20  89.47
1024.4  126112.65  114751.15  90.99
1025.7  127627.50  113704.50  89.09
1026.9  127244.40  114163.20  89.72
1028.1  126843.60  113427.45  89.42
1029.3  127464.30  113718.15  89.22
1030.6  126868.50  114053.50  89.90
1031.8  128054.55  114853.05  89.69
1033.0  126126.60  113920.80  90.32
1034.2  125482.50  114328.50  91.11
1035.4  126240.40  114764.00  90.91
1036.7  125315.50  114995.40  91.76
1037.9  125857.05  113726.25  90.36
1039.1  126161.55  113701.15  90.12
1040.3  126743.65  115513.20  91.14
1041.5  126745.85  115223.50  90.91
1042.7  126753.75  114923.40  90.67
1043.9  126768.15  114612.30  90.41
1045.2  126479.40  115791.00  91.55
1046.4  126180.30  115208.10  91.30
1047.6  125551.30  114307.90  91.04
1048.8  124891.00  113362.60  90.77
1050.0  126176.00  114347.00  90.63
1051.2  125484.90  113341.20  90.32
1052.4  126486.55  114045.25  90.16
1053.6  127179.00  114461.10  90.00
1054.8  126109.40  115237.90  91.38
1056.0  124986.40  113826.90  91.07
1057.2  125320.25  113927.50  90.91
1058.4  123346.90  114037.70  92.45
1059.7  124066.80  114523.20  92.31
1060.9  124401.75  114644.75  92.16
1062.1  122671.50  112657.50  91.84
1063.3  120851.10  113137.20  93.62
1064.5  121578.00  113649.00  93.48
1065.7  121902.75  116484.85  95.56
1066.9  121787.60  113483.90  93.18
1068.1  124984.20  113622.00  90.91
1069.3  124945.10  113322.30  90.70
1070.5  121921.70  113000.60  92.68
1071.7  121784.00  112650.20  92.50
1072.9  121644.90  112287.60  92.31
1074.1  122582.30  112904.75  92.11
1075.3  124741.80  114627.60  91.89
1076.5  121779.95  111905.90  91.89
