/*** Spectra Vista SIG Data ***/
name= 230505_1712_R953_T956.sig
instrument= HK: 9202056 (HR-512i)
integration= 10.0, 0.0, 0.0, 200.0, 0.0, 0.0
scan method= Time-based, Time-based
scan coadds= 500, 0, 0, 25, 0, 0
scan time= 5, 5
scan settings= AI, AI
external data set1= 0,0,0,0,0,0,0,0,0,0,0,0,0,0,0,0,0,0,0,0,0,0,0,0,0,0,0,0,0,0,0,0
external data set2= 0,0,0,0,0,0,0,0,0,0,0,0,0,0,0,0,0,0,0,0,0,0,0,0,0,0,0,0,0,0,0,0
external data dark= 0,0,0,0,0,0,0,0,0,0,0,0,0,0,0,0
external data mask= 0
optic= LENS 4(1), LENS 4(1)
temp= 24.8, 0.0, 0.0, 25.4, 0.0, 0.0
battery= 8.24, 8.27
error= 0, 0
units= Radiance, Radiance
time= 5/5/2023 5:11:29 PM, 5/5/2023 5:12:59 PM
longitude=                 , 07748.6048W     
latitude=                 , 3410.9545N      
gpstime=                 , 182057.000      
comm= 
memory slot= 953, 956
factors= 1.000, 1.000, 1.000 [Overlap: Preserve, Matching Type: None]
inclinometer x offset= 3, 5
inclinometer y offset= -16, 18
data= 
339.7  44782.65  4550.21  10.16
341.4  48316.40  4883.78  10.11
343.0  50434.35  5068.40  10.05
344.7  51440.25  5152.04  10.02
346.4  54044.30  5389.12  9.97
348.0  56614.25  5602.61  9.90
349.7  59529.60  5861.70  9.85
351.3  64178.50  6267.65  9.77
353.0  67518.50  6557.99  9.71
354.6  72075.40  6908.31  9.58
356.2  71783.25  6797.18  9.47
357.9  67134.00  6293.81  9.38
359.5  67662.80  6275.08  9.27
361.2  72523.90  6647.01  9.17
362.8  76465.90  6944.23  9.08
364.5  81425.85  7353.81  9.03
366.1  88670.30  7975.48  8.99
367.7  93585.60  8375.67  8.95
369.4  94405.85  8426.11  8.93
371.0  94994.90  8482.11  8.93
372.6  92551.50  8248.39  8.91
374.3  87912.75  7839.76  8.92
375.9  89431.10  7989.03  8.93
377.5  97494.15  8703.63  8.93
379.1  103101.90  9171.91  8.90
380.8  100654.40  8942.92  8.88
382.4  93357.00  8295.53  8.89
384.0  84193.65  7511.20  8.92
385.6  87778.40  7860.25  8.95
387.3  92944.80  8311.68  8.94
388.9  97631.40  8715.81  8.93
390.5  105519.70  9394.88  8.90
392.1  109307.25  9686.14  8.86
393.8  99120.00  8776.00  8.85
395.4  100871.40  8922.06  8.84
397.0  106649.40  9416.29  8.83
398.6  120775.40  10632.88  8.80
400.2  147403.80  12863.29  8.73
401.8  164918.25  14270.90  8.65
403.4  173692.40  14895.93  8.58
405.0  174840.00  14871.00  8.51
406.6  173769.75  14665.61  8.44
408.3  175464.45  14702.73  8.38
409.9  179131.20  14895.44  8.32
411.5  181953.00  15041.14  8.27
413.1  188400.00  15490.00  8.22
414.7  191219.70  15663.69  8.19
416.3  193030.75  15782.80  8.18
417.9  192389.10  15721.37  8.17
419.5  190611.15  15589.07  8.18
421.1  191829.60  15707.60  8.19
422.7  192572.60  15785.77  8.20
424.3  191043.90  15683.11  8.21
425.9  190511.75  15662.52  8.22
427.5  187467.00  15428.70  8.23
429.1  181545.95  14950.96  8.24
430.7  170352.45  14066.90  8.26
432.3  173495.40  14363.99  8.28
433.9  185828.65  15385.90  8.28
435.5  194055.00  16068.52  8.28
437.1  203528.00  16847.30  8.28
438.7  203263.10  16831.42  8.28
440.3  203835.45  16906.17  8.29
441.9  210795.75  17508.94  8.31
443.5  219011.20  18190.70  8.31
445.0  223626.25  18570.94  8.30
446.6  224615.60  18669.81  8.31
448.2  229449.85  19114.26  8.33
449.8  235402.05  19654.51  8.35
451.4  241417.85  20196.72  8.37
453.0  239775.80  20101.10  8.38
454.6  236410.65  19880.45  8.41
456.2  237360.60  20034.89  8.44
457.8  239609.95  20291.22  8.47
459.3  239509.80  20347.36  8.50
460.9  240292.80  20484.31  8.52
462.5  243168.00  20808.00  8.56
464.1  243045.60  20856.96  8.58
465.7  240516.00  20712.12  8.61
467.2  238061.50  20574.68  8.64
468.8  236948.85  20540.45  8.67
470.4  235872.00  20501.10  8.69
472.0  236894.85  20649.11  8.72
473.6  239374.30  20906.11  8.73
475.1  240858.55  21073.63  8.75
476.7  240939.30  21112.46  8.76
478.3  242538.60  21310.89  8.79
479.9  244256.85  21548.16  8.82
481.5  245536.80  21770.39  8.87
483.0  244886.40  21808.26  8.91
484.6  239808.00  21434.88  8.94
486.2  228518.50  20498.00  8.97
487.8  223095.60  20102.04  9.01
489.3  227550.00  20580.00  9.04
490.9  232239.60  21058.92  9.07
492.5  232597.20  21153.74  9.09
494.0  234366.50  21379.88  9.12
495.6  236379.85  21628.20  9.15
497.2  236787.30  21734.02  9.18
498.8  234028.70  21541.68  9.20
500.3  230165.10  21246.81  9.23
501.9  225810.25  20901.06  9.26
503.5  224803.80  20842.77  9.27
505.0  225679.45  20970.48  9.29
506.6  227354.85  21193.18  9.32
508.2  226281.60  21160.44  9.35
509.7  225694.80  21179.66  9.38
511.3  225330.10  21211.07  9.41
512.9  222970.05  21042.59  9.44
514.4  218868.00  20714.08  9.46
516.0  213810.00  20305.50  9.50
517.5  207070.20  19748.25  9.54
519.1  207098.45  19830.01  9.58
520.7  211596.00  20320.30  9.60
522.2  214018.50  20604.28  9.63
523.8  216840.80  20944.85  9.66
525.4  217838.55  21100.42  9.69
526.9  215091.30  20905.55  9.72
528.5  217038.15  21161.00  9.75
530.0  220633.65  21563.42  9.77
531.6  221917.60  21735.94  9.79
533.2  220583.40  21658.61  9.82
534.7  221788.00  21835.80  9.85
536.3  222094.20  21907.79  9.86
537.8  221034.10  21843.50  9.88
539.4  219033.60  21677.04  9.90
541.0  216963.60  21489.36  9.90
542.5  217101.60  21528.00  9.92
544.1  218636.10  21702.95  9.93
545.6  219363.75  21787.91  9.93
547.2  219095.95  21780.09  9.94
548.7  219240.00  21809.20  9.95
550.3  219626.30  21862.70  9.95
551.8  219854.25  21904.63  9.96
553.4  220506.00  21996.26  9.98
554.9  221402.90  22114.28  9.99
556.5  220460.00  22046.00  10.00
558.0  218477.00  21868.35  10.01
559.6  216669.25  21710.06  10.02
561.1  217832.45  21838.84  10.03
562.7  219157.35  21965.81  10.02
564.2  220639.20  22102.48  10.02
565.8  220239.60  22034.95  10.00
567.3  219961.30  21948.96  9.98
568.9  219381.70  21798.89  9.94
570.4  218033.10  21575.09  9.90
572.0  218232.75  21514.24  9.86
573.5  219727.20  21564.69  9.81
575.1  220035.20  21486.72  9.77
576.6  219539.00  21331.70  9.72
578.2  218657.10  21143.90  9.67
579.7  218572.25  21038.16  9.63
581.2  219845.90  21062.48  9.58
582.8  221879.75  21126.54  9.52
584.3  222408.75  21012.15  9.45
585.9  221233.20  20691.66  9.35
587.4  218570.40  20152.80  9.22
588.9  212645.75  19245.54  9.05
590.5  208960.30  18570.76  8.89
592.0  209397.00  18315.55  8.75
593.6  210371.20  18135.39  8.62
595.1  210703.90  17892.27  8.49
596.6  211422.40  17685.04  8.36
598.2  211870.75  17439.29  8.23
599.7  211631.90  17123.68  8.09
601.2  211039.50  16785.95  7.95
602.8  211083.65  16538.04  7.83
604.3  212025.40  16404.51  7.74
605.8  212856.00  16308.10  7.66
607.4  212649.30  16174.69  7.61
608.9  211433.85  15988.56  7.56
610.5  210118.70  15819.71  7.53
612.0  208924.95  15668.45  7.50
613.5  207408.00  15490.41  7.47
615.0  206012.45  15330.16  7.44
616.6  204280.80  15141.52  7.41
618.1  204384.60  15089.76  7.38
619.6  205390.00  15106.90  7.36
621.2  205898.00  15079.45  7.32
622.7  204979.20  14943.36  7.29
624.2  203523.30  14762.12  7.25
625.8  201722.05  14534.19  7.21
627.3  200410.50  14314.48  7.14
628.8  198857.40  14073.87  7.08
630.3  197912.30  13942.55  7.04
631.8  197510.30  13881.34  7.03
633.4  198046.20  13911.26  7.02
634.9  198682.00  13952.90  7.02
636.4  199513.75  14005.25  7.02
638.0  200618.70  14069.58  7.01
639.5  200592.00  14044.80  7.00
641.0  200061.40  13986.09  6.99
642.5  199750.60  13924.47  6.97
644.0  199391.00  13848.15  6.95
645.5  198443.90  13693.63  6.90
647.1  196854.00  13450.60  6.83
648.6  195091.60  13209.51  6.77
650.1  194080.50  13086.94  6.74
651.6  194408.75  13051.23  6.71
653.1  194791.50  13025.24  6.69
654.7  193115.70  12834.56  6.65
656.2  187400.15  12374.15  6.60
657.7  184976.80  12132.76  6.56
659.2  187617.30  12227.87  6.52
660.7  191047.75  12369.64  6.47
662.2  193987.30  12481.95  6.43
663.7  195350.40  12497.68  6.40
665.2  195676.60  12472.07  6.37
666.8  195741.95  12432.33  6.35
668.3  195648.90  12403.49  6.34
669.8  195359.45  12369.67  6.33
671.3  194779.70  12314.28  6.32
672.8  194437.40  12266.07  6.31
674.3  194011.20  12218.02  6.30
675.8  193920.00  12175.55  6.28
677.3  193669.00  12126.03  6.26
678.8  193358.00  12071.95  6.24
680.3  192830.10  12010.70  6.23
681.8  192162.60  11944.10  6.22
683.3  190832.95  11830.36  6.20
684.8  188138.60  11604.66  6.17
686.3  179781.40  10921.30  6.07
687.8  169696.80  10090.08  5.95
689.3  165729.20  9728.90  5.87
690.8  165986.40  9693.12  5.84
692.3  168346.20  9770.29  5.80
693.8  169717.90  9753.07  5.75
695.3  171054.00  9796.48  5.73
696.8  173489.40  9953.02  5.74
698.3  173992.00  9934.40  5.71
699.8  172726.75  9734.25  5.64
701.3  171109.15  9536.43  5.57
702.8  171226.50  9481.03  5.54
704.2  172429.00  9506.46  5.51
705.7  173664.00  9522.04  5.48
707.2  174407.35  9508.76  5.45
708.7  174831.60  9478.50  5.42
710.2  175102.20  9431.25  5.39
711.7  174945.00  9349.13  5.34
713.2  174307.20  9211.16  5.28
714.7  172484.40  8957.16  5.19
716.2  166672.40  8352.45  5.01
717.6  155412.00  7387.20  4.75
719.1  145039.20  6585.30  4.54
720.6  142908.80  6392.00  4.47
722.1  147095.50  6632.65  4.51
723.6  147252.40  6566.74  4.46
725.0  145375.20  6335.46  4.36
726.5  144671.40  6206.89  4.29
728.0  144352.80  6135.55  4.25
729.5  144560.00  6096.54  4.22
731.0  146271.15  6157.46  4.21
732.4  150404.10  6443.09  4.28
733.9  155695.05  6818.35  4.38
735.4  158959.90  7044.43  4.43
736.8  160626.00  7156.35  4.46
738.3  161612.30  7257.64  4.49
739.8  162104.25  7357.35  4.54
741.2  162423.90  7462.33  4.59
742.7  163286.40  7583.24  4.64
744.2  164640.00  7705.74  4.68
745.7  165307.50  7785.45  4.71
747.1  165786.90  7826.67  4.72
748.6  165653.10  7831.53  4.73
750.0  164907.35  7796.56  4.73
751.5  164175.70  7765.81  4.73
753.0  163784.55  7742.99  4.73
754.4  163618.00  7731.40  4.73
755.9  163062.50  7700.00  4.72
757.3  161471.05  7588.07  4.70
758.8  149322.90  6842.38  4.58
760.3  115519.50  4927.80  4.27
761.7  90375.20  3480.49  3.85
763.2  82368.00  2904.00  3.53
764.6  85114.80  2967.03  3.49
766.1  99792.00  3776.64  3.78
767.5  118873.20  4915.73  4.14
769.0  135082.00  5932.10  4.39
770.4  145702.00  6602.99  4.53
771.9  151480.00  6996.50  4.62
773.3  154305.75  7202.35  4.67
774.8  155369.50  7289.43  4.69
776.2  155878.80  7327.61  4.70
777.7  155809.50  7340.60  4.71
779.1  155474.00  7322.30  4.71
780.5  155071.55  7307.63  4.71
782.0  154734.00  7292.98  4.71
783.4  154137.60  7257.60  4.71
784.9  153499.40  7208.17  4.70
786.3  152714.40  7131.40  4.67
787.8  151395.60  6998.85  4.62
789.2  149514.65  6828.13  4.57
790.6  147607.95  6687.08  4.53
792.0  146191.50  6618.19  4.53
793.5  145089.00  6607.26  4.55
794.9  144567.90  6631.04  4.59
796.3  144302.20  6568.72  4.55
797.8  144581.00  6563.80  4.54
799.2  144520.40  6559.28  4.54
800.6  143628.80  6499.02  4.52
802.1  142738.70  6429.76  4.50
803.5  142089.20  6385.50  4.49
804.9  141798.80  6402.11  4.51
806.3  142226.25  6485.71  4.56
807.8  142169.85  6502.46  4.57
809.2  141065.80  6421.73  4.55
810.6  139431.75  6262.61  4.49
812.0  137038.40  6016.32  4.39
813.4  132175.00  5615.31  4.25
814.8  125121.90  5116.17  4.09
816.3  118416.15  4683.87  3.96
817.7  114259.60  4444.05  3.89
819.1  113309.05  4415.30  3.90
820.5  116077.50  4648.88  4.00
821.9  117350.00  4746.81  4.05
823.3  113859.90  4511.43  3.96
824.7  116205.40  4670.05  4.02
826.1  120243.20  4921.84  4.09
827.5  121116.75  4934.85  4.07
828.9  120124.00  4841.86  4.03
830.3  120202.50  4840.41  4.03
831.7  120612.00  4863.81  4.03
833.2  120942.45  4902.89  4.05
834.5  122535.70  5025.72  4.10
835.9  124943.65  5197.99  4.16
837.3  126996.00  5347.20  4.21
838.7  128537.50  5480.50  4.26
840.1  129829.80  5567.21  4.29
841.5  130569.20  5634.25  4.32
842.9  130640.70  5669.45  4.34
844.3  130513.50  5703.43  4.37
845.7  130830.80  5775.96  4.41
847.1  131106.10  5817.55  4.44
848.5  130362.75  5793.90  4.44
849.9  127899.00  5668.61  4.43
851.2  126439.50  5577.74  4.41
852.6  125666.25  5545.53  4.41
854.0  121364.10  5352.85  4.41
855.4  119083.25  5287.96  4.44
856.8  122102.60  5438.96  4.45
858.2  124891.35  5569.71  4.46
859.5  126117.00  5613.85  4.45
860.9  126494.40  5650.20  4.47
862.3  126663.60  5667.93  4.47
863.7  126871.15  5688.57  4.48
865.0  124862.25  5588.81  4.48
866.4  120033.20  5375.72  4.48
867.8  118768.65  5332.47  4.49
869.1  120390.60  5387.39  4.47
870.5  121826.10  5470.72  4.49
871.9  122745.50  5509.05  4.49
873.2  122703.90  5518.74  4.50
874.6  122227.70  5477.47  4.48
876.0  121764.20  5466.35  4.49
877.3  121686.85  5454.58  4.48
878.7  121568.70  5430.48  4.47
880.0  120756.00  5371.56  4.45
881.4  119916.75  5342.51  4.46
882.8  119958.90  5336.25  4.45
884.1  120235.00  5341.38  4.44
885.5  119492.10  5296.17  4.43
886.8  118582.75  5219.86  4.40
888.2  118008.10  5193.70  4.40
889.5  118118.00  5201.74  4.40
890.9  117862.40  5202.52  4.41
892.2  116575.00  5082.67  4.36
893.6  113776.10  4815.42  4.23
894.9  109645.20  4452.84  4.06
896.2  103411.50  4029.65  3.90
897.6  97170.00  3653.10  3.76
898.9  91566.50  3355.78  3.66
900.3  87738.95  3160.63  3.60
901.6  86339.40  3061.59  3.55
903.0  89233.60  3216.56  3.60
904.3  95043.10  3557.55  3.74
905.6  97566.95  3695.32  3.79
907.0  94682.25  3520.24  3.72
908.3  90030.85  3229.07  3.59
909.6  86564.40  3079.70  3.56
911.0  86328.40  3022.90  3.50
912.3  86145.50  3023.65  3.51
913.6  84691.65  2919.41  3.45
914.9  83562.00  2844.04  3.40
916.2  82835.10  2776.02  3.35
917.6  83048.40  2798.37  3.37
918.9  85747.15  2975.21  3.47
920.2  90035.40  3279.64  3.64
921.5  91884.80  3433.92  3.74
922.9  91584.00  3418.50  3.73
924.2  90314.00  3306.14  3.66
925.5  89666.50  3272.50  3.65
926.8  89029.60  3172.51  3.56
928.1  84025.05  2851.45  3.39
929.4  75814.05  2401.35  3.17
930.7  65724.80  1957.76  2.98
932.0  54605.70  1516.83  2.78
933.4  44517.80  1149.44  2.58
934.7  38424.15  913.97  2.38
936.0  36028.75  834.35  2.32
937.3  35044.10  789.46  2.25
938.6  39708.60  953.79  2.40
939.9  47160.00  1218.30  2.58
941.2  50148.00  1253.70  2.50
942.5  49851.90  1236.17  2.48
943.8  46753.75  1179.19  2.52
945.1  44615.40  1094.34  2.45
946.4  44022.20  1089.87  2.48
947.7  45115.20  1127.88  2.50
949.0  46347.00  1169.71  2.52
950.2  47541.00  1233.38  2.59
951.5  48320.10  1208.00  2.50
952.8  48162.40  1180.91  2.45
954.1  49444.50  1247.89  2.52
955.4  49337.00  1245.40  2.52
956.7  50616.80  1362.76  2.69
958.0  52900.80  1458.48  2.76
959.3  52846.50  1459.57  2.76
960.5  54762.60  1509.81  2.76
961.8  57266.00  1639.89  2.86
963.1  59371.20  1696.32  2.86
964.4  60923.95  1833.11  3.01
965.7  63083.25  1919.93  3.04
966.9  65920.70  2067.01  3.14
968.2  72282.05  2475.80  3.43
969.5  77612.80  2722.24  3.51
970.8  80240.00  2920.50  3.64
972.0  81222.75  2978.17  3.67
973.3  79180.20  2854.17  3.60
974.6  76365.90  2722.88  3.57
975.8  75289.90  2584.10  3.43
977.1  76120.20  2667.46  3.50
978.4  76983.40  2720.97  3.53
979.6  77814.75  2808.10  3.61
980.9  80127.00  3004.76  3.75
982.2  83160.50  3171.38  3.81
983.4  84877.40  3308.78  3.90
984.7  85854.60  3412.17  3.97
985.9  87709.05  3523.36  4.02
987.2  88879.20  3639.45  4.09
988.5  89222.10  3717.59  4.17
989.7  89678.40  3803.33  4.24
991.0  90864.60  3806.49  4.19
992.2  90423.00  3767.63  4.17
993.5  90820.80  3941.28  4.34
994.7  90253.75  3943.13  4.37
996.0  91458.30  3945.26  4.31
997.2  91109.70  4003.31  4.39
998.5  90744.00  3970.05  4.38
999.7  91212.90  3881.40  4.26
1001.0  90581.40  3882.06  4.29
1002.2  89553.20  3867.07  4.32
1003.4  88911.10  3876.94  4.36
1004.7  87271.80  3792.17  4.35
1005.9  86303.40  3795.27  4.40
1007.2  86017.05  3938.13  4.58
1008.4  86410.80  3909.06  4.52
1009.6  86125.20  3896.14  4.52
1010.9  86746.75  3929.12  4.53
1012.1  86576.75  3972.35  4.59
1013.3  85629.60  3924.69  4.58
1014.6  85814.40  4035.32  4.70
1015.8  85207.80  4055.07  4.76
1017.1  85747.30  4132.40  4.82
1018.3  85489.10  4065.95  4.76
1019.5  85592.70  4015.46  4.69
1020.8  84747.25  4076.45  4.81
1022.0  85094.10  4036.52  4.74
1023.2  85708.70  4062.82  4.74
1024.4  85211.25  4090.14  4.80
1025.7  84698.25  4060.88  4.79
1026.9  85622.40  4043.28  4.72
1028.1  84155.85  4085.83  4.86
1029.3  84976.20  4061.36  4.78
1030.6  84579.00  4100.80  4.85
1031.8  85809.75  4224.48  4.92
1033.0  85440.60  4136.41  4.84
1034.2  86443.50  4182.75  4.84
1035.4  86073.00  4160.20  4.83
1036.7  85509.40  4128.04  4.83
1037.9  84915.60  4018.33  4.73
1039.1  85665.25  3971.75  4.64
1040.3  85030.55  4010.88  4.72
1041.5  83948.55  4032.82  4.80
1042.7  84502.50  4056.12  4.80
1043.9  85090.95  4167.72  4.90
1045.2  85507.20  4097.22  4.79
1046.4  85948.90  4114.58  4.79
1047.6  86199.40  4216.28  4.89
1048.8  86463.00  4227.08  4.89
1050.0  84774.50  4140.15  4.88
1051.2  85005.90  4047.90  4.76
1052.4  85015.55  3836.07  4.51
1053.6  84786.00  3921.35  4.63
1054.8  84797.70  4131.17  4.87
1056.0  84812.20  4129.02  4.87
1057.2  84306.35  4101.39  4.86
1058.4  86110.10  3956.41  4.59
1059.7  83506.50  3817.44  4.57
1060.9  82934.50  3780.84  4.56
1062.1  82615.50  3630.08  4.39
1063.3  82281.60  3728.39  4.53
1064.5  81933.00  3568.05  4.35
1065.7  83977.45  3927.98  4.68
1066.9  83037.00  3736.67  4.50
1068.1  82375.95  3976.77  4.83
1069.3  84265.30  3922.70  4.66
1070.5  83263.60  3717.13  4.46
1071.7  82204.20  3957.98  4.81
1072.9  84215.70  3898.88  4.63
1074.1  83872.10  3871.02  4.62
1075.3  80913.60  3708.54  4.58
1076.5  82283.75  3785.05  4.60
