/*** Spectra Vista SIG Data ***/
name= 230503_1734_R894_T895.sig
instrument= HK: 9202056 (HR-512i)
integration= 10.0, 0.0, 0.0, 10.0, 0.0, 0.0
scan method= Time-based, Time-based
scan coadds= 300, 0, 0, 300, 0, 0
scan time= 3, 3
scan settings= AI, AI
external data set1= 0,0,0,0,0,0,0,0,0,0,0,0,0,0,0,0,0,0,0,0,0,0,0,0,0,0,0,0,0,0,0,0
external data set2= 0,0,0,0,0,0,0,0,0,0,0,0,0,0,0,0,0,0,0,0,0,0,0,0,0,0,0,0,0,0,0,0
external data dark= 0,0,0,0,0,0,0,0,0,0,0,0,0,0,0,0
external data mask= 0
optic= LENS 4(1), LENS 4(1)
temp= 21.5, 0.0, 0.0, 22.2, 0.0, 0.0
battery= 8.33, 8.33
error= 0, 0
units= Radiance, Radiance
time= 5/3/2023 5:33:55 PM, 5/3/2023 5:34:16 PM
longitude= 07756.1981W     , 07756.2010W     
latitude= 3406.5871N      , 3406.5862N      
gpstime= 184249.375      , 184310.375      
comm= 
memory slot= 894, 895
factors= 1.000, 1.000, 1.000 [Overlap: Preserve, Matching Type: None]
inclinometer x offset= 4, 3
inclinometer y offset= -11, -17
data= 
339.7  72299.70  74457.90  102.99
341.4  78557.60  80643.20  102.65
343.0  82392.75  84723.05  102.83
344.7  84612.00  86855.50  102.65
346.4  88951.10  91400.70  102.75
348.0  93670.85  96170.70  102.67
349.7  98701.20  101368.80  102.70
351.3  107055.20  109786.20  102.55
353.0  113243.90  116185.30  102.60
354.6  121383.30  124505.70  102.57
356.2  122222.10  125271.30  102.49
357.9  114729.00  117484.50  102.40
359.5  115554.80  118379.20  102.44
361.2  124746.00  127681.20  102.35
362.8  131677.70  134731.45  102.32
364.5  140644.65  144042.45  102.42
366.1  153687.10  157204.80  102.29
367.7  163292.40  166910.40  102.22
369.4  165299.75  168999.60  102.24
371.0  167157.90  170943.50  102.26
372.6  163672.50  167322.75  102.23
374.3  155861.25  159480.50  102.32
375.9  158171.20  161734.65  102.25
377.5  172723.20  176658.95  102.28
379.1  184094.90  188144.55  102.20
380.8  180667.20  184604.00  102.18
382.4  168601.50  172224.00  102.15
384.0  151528.50  154840.05  102.19
385.6  157496.20  160894.70  102.16
387.3  167263.20  170820.00  102.13
388.9  175664.60  179530.30  102.20
390.5  189970.00  194028.45  102.14
392.1  198218.25  202464.00  102.14
393.8  180080.00  183920.00  102.13
395.4  181430.55  185263.05  102.11
397.0  192365.55  196478.75  102.14
398.6  215821.00  220390.50  102.12
400.2  264140.60  269667.40  102.09
401.8  296490.25  302641.50  102.07
403.4  312995.20  319412.10  102.05
405.0  315240.00  321660.00  102.04
406.6  313062.75  319415.25  102.03
408.3  315479.85  321879.60  102.03
409.9  322457.60  328889.60  101.99
411.5  327267.00  333787.50  101.99
413.1  339200.00  345900.00  101.98
414.7  344813.70  351575.70  101.96
416.3  348521.25  355393.50  101.97
417.9  348175.80  355016.10  101.96
419.5  345403.05  352127.40  101.95
421.1  347921.20  354726.40  101.96
422.7  350325.80  357055.60  101.92
424.3  347936.30  354643.90  101.93
425.9  347699.00  354404.05  101.93
427.5  343018.00  349575.00  101.91
429.1  333178.30  339527.15  101.91
430.7  313257.30  319232.55  101.91
432.3  317422.95  323520.60  101.92
433.9  341137.30  347660.95  101.91
435.5  356756.80  363567.75  101.91
437.1  375288.00  382394.00  101.89
438.7  376200.35  383277.65  101.88
440.3  377074.60  384246.80  101.90
441.9  390226.50  397647.00  101.90
443.5  406378.05  414068.05  101.89
445.0  415981.25  423847.50  101.89
446.6  418420.75  426269.80  101.88
448.2  427537.75  435565.15  101.88
449.8  439242.70  447450.25  101.87
451.4  451115.40  459584.80  101.88
453.0  449358.80  457750.15  101.87
454.6  443164.05  451435.80  101.87
456.2  445192.70  453525.40  101.87
457.8  450064.45  458458.30  101.87
459.3  450605.25  458938.50  101.85
460.9  452217.70  460601.90  101.85
462.5  458265.60  466752.00  101.85
464.1  458836.80  467323.20  101.85
465.7  454675.20  463120.80  101.86
467.2  450532.00  458845.00  101.85
468.8  448776.00  457027.95  101.84
470.4  447322.50  455584.50  101.85
472.0  449458.65  457730.40  101.84
473.6  454819.20  463170.40  101.84
475.1  458346.35  466775.80  101.84
476.7  459209.90  467586.60  101.82
478.3  462630.15  471072.45  101.82
479.9  466198.20  474732.90  101.83
481.5  468861.70  477419.70  101.83
483.0  468090.15  476593.15  101.82
484.6  459148.80  467481.60  101.81
486.2  438190.90  446164.25  101.82
487.8  426837.60  434586.60  101.82
489.3  435337.50  443250.00  101.82
490.9  444912.00  452984.40  101.81
492.5  446179.80  454286.80  101.82
494.0  449607.00  457783.00  101.82
495.6  453905.55  462161.00  101.82
497.2  455250.50  463521.30  101.82
498.8  450447.25  458566.90  101.80
500.3  443500.70  451481.70  101.80
501.9  435283.25  443160.75  101.81
503.5  433721.60  441597.00  101.82
505.0  435751.10  443655.05  101.81
506.6  439401.60  447318.45  101.80
508.2  437626.80  445532.40  101.81
509.7  436437.00  444328.65  101.81
511.3  435863.25  443750.75  101.81
512.9  431657.10  439419.60  101.80
514.4  423736.50  431392.00  101.81
516.0  414480.00  421920.00  101.80
517.5  401477.40  408683.25  101.79
519.1  400907.65  408148.00  101.81
520.7  409670.80  417032.00  101.80
522.2  414586.50  422059.00  101.80
523.8  420189.15  427761.75  101.80
525.4  422779.35  430340.10  101.79
526.9  417525.00  425025.80  101.80
528.5  420817.20  428373.15  101.80
530.0  428002.35  435766.50  101.81
531.6  430998.40  438780.00  101.81
533.2  428555.60  436268.70  101.80
534.7  430892.00  438620.00  101.79
536.3  431789.60  439518.00  101.79
537.8  429929.85  437644.20  101.79
539.4  426447.60  434037.60  101.78
541.0  422500.80  430063.20  101.79
542.5  422832.00  430394.40  101.79
544.1  426026.00  433615.80  101.78
545.6  427710.75  435342.00  101.78
547.2  427386.10  434961.30  101.77
548.7  427560.00  435148.00  101.77
550.3  428386.70  436043.50  101.79
551.8  428992.20  436646.70  101.78
553.4  430401.40  438037.60  101.77
554.9  432401.80  440060.30  101.77
556.5  430904.40  438525.60  101.77
558.0  427160.00  434741.50  101.77
559.6  423610.25  431137.00  101.78
561.1  425898.65  433471.25  101.78
562.7  428663.40  436311.60  101.78
564.2  431961.70  439674.20  101.79
565.8  431436.00  439129.00  101.78
567.3  431148.05  438821.85  101.78
568.9  430844.50  438450.40  101.77
570.4  428645.25  436252.50  101.77
572.0  429270.00  436896.00  101.78
573.5  432724.95  440367.90  101.77
575.1  433899.20  441620.80  101.78
576.6  433191.50  440877.50  101.77
578.2  431705.25  439306.45  101.76
579.7  431283.00  438933.80  101.77
581.2  433596.20  441277.90  101.77
582.8  437406.60  445143.30  101.77
584.3  438594.50  446373.25  101.77
585.9  436624.20  444360.30  101.77
587.4  432410.40  440024.40  101.76
588.9  422606.00  430073.00  101.77
590.5  416166.30  423514.50  101.77
592.0  417489.45  424881.90  101.77
593.6  419627.00  427063.00  101.77
595.1  420350.70  427818.60  101.78
596.6  421296.80  428796.00  101.78
598.2  421691.25  429162.50  101.77
599.7  420494.85  427925.45  101.77
601.2  418650.05  426002.85  101.76
602.8  418174.50  425518.40  101.76
604.3  419778.70  427138.20  101.75
605.8  421295.60  428752.80  101.77
607.4  421070.40  428506.20  101.77
608.9  418799.55  426166.20  101.76
610.5  416331.30  423627.60  101.75
612.0  414181.95  421480.80  101.76
613.5  411389.00  418615.50  101.76
615.0  408841.65  415994.60  101.75
616.6  405478.40  412584.80  101.75
618.1  405669.60  412813.80  101.76
619.6  407854.00  415036.00  101.76
621.2  409313.00  416418.20  101.74
622.7  407846.40  414988.80  101.75
624.2  405305.10  412348.50  101.74
625.8  402002.95  409013.95  101.74
627.3  399996.75  406983.25  101.75
628.8  397596.15  404556.95  101.75
630.3  395944.45  402855.80  101.75
631.8  395020.60  401952.20  101.75
633.4  395929.60  402889.30  101.76
634.9  397076.65  403973.05  101.74
636.4  398489.95  405395.40  101.73
638.0  400528.50  407534.10  101.75
639.5  400512.00  407484.00  101.74
641.0  399318.15  406348.25  101.76
642.5  398647.20  405607.30  101.75
644.0  398137.00  405146.00  101.76
645.5  396887.80  403859.10  101.76
647.1  394754.40  401730.40  101.77
648.6  392290.40  399138.80  101.75
650.1  390373.50  397232.25  101.76
651.6  390840.25  397717.60  101.76
653.1  391563.15  398516.70  101.78
654.7  388527.05  395414.00  101.77
656.2  377293.95  383975.05  101.77
657.7  371416.80  377977.60  101.77
659.2  376183.60  382779.15  101.75
660.7  382620.75  389305.75  101.75
662.2  388407.50  395189.60  101.75
663.7  391039.95  397871.40  101.75
665.2  391742.80  398609.50  101.75
666.8  391972.40  398860.25  101.76
668.3  391689.00  398583.90  101.76
669.8  391355.25  398208.25  101.75
671.3  390394.10  397219.00  101.75
672.8  389715.45  396539.55  101.75
674.3  389170.10  395956.50  101.74
675.8  389001.50  395819.00  101.75
677.3  388615.50  395360.70  101.74
678.8  388163.60  394884.60  101.73
680.3  387333.80  394028.20  101.73
681.8  386174.95  392939.75  101.75
683.3  383799.90  390468.65  101.74
684.8  378967.20  385530.80  101.73
686.3  364115.60  370348.60  101.71
687.8  344853.60  350859.60  101.74
689.3  337063.30  342942.95  101.74
690.8  337548.00  343399.20  101.73
692.3  343013.70  348946.85  101.73
693.8  347122.40  353193.70  101.75
695.3  350101.70  356194.80  101.74
696.8  354116.20  360354.40  101.76
698.3  354984.00  361256.00  101.77
699.8  353105.60  359371.45  101.77
701.3  350087.90  356372.65  101.80
702.8  349810.60  356032.10  101.78
704.2  351475.40  357770.00  101.79
705.7  353438.40  359709.60  101.77
707.2  354320.05  360627.15  101.78
708.7  354469.20  360823.80  101.79
710.2  354640.75  360947.85  101.78
711.7  353849.00  360108.50  101.77
713.2  352366.40  358637.60  101.78
714.7  349479.60  355708.80  101.78
716.2  340769.20  346902.40  101.80
717.6  323028.00  328860.00  101.81
719.1  304983.40  310511.80  101.81
720.6  300179.20  305619.20  101.81
722.1  306453.50  312067.00  101.83
723.6  307249.90  312829.30  101.82
725.0  304310.70  309800.70  101.80
726.5  303105.30  308720.40  101.85
728.0  302487.75  308022.75  101.83
729.5  302297.20  307857.20  101.84
731.0  304773.45  310414.30  101.85
732.4  310850.10  316572.30  101.84
733.9  318659.25  324463.30  101.82
735.4  323528.15  329419.75  101.82
736.8  325584.00  331512.00  101.82
738.3  326206.80  332171.20  101.83
739.8  325998.75  331889.25  101.81
741.2  325428.30  331291.35  101.80
742.7  325988.80  331887.20  101.81
744.2  327810.00  333748.80  101.81
745.7  328600.50  334525.50  101.80
747.1  329245.50  335215.50  101.81
748.6  328719.75  334674.60  101.81
750.0  327085.45  333089.80  101.84
751.5  325479.70  331345.30  101.80
753.0  324553.15  330400.40  101.80
754.4  324198.00  329964.00  101.78
755.9  323062.50  328812.50  101.78
757.3  320230.95  325968.50  101.79
758.8  299536.90  304883.50  101.78
760.3  236715.00  240843.00  101.74
761.7  186758.00  190088.30  101.78
763.2  171534.00  174504.00  101.73
764.6  176356.80  179487.00  101.77
766.1  203750.40  207312.00  101.75
767.5  239374.80  243649.35  101.79
769.0  269821.50  274616.50  101.78
770.4  289672.75  294797.25  101.77
771.9  300300.00  305760.00  101.82
773.3  305569.25  311017.00  101.78
774.8  307307.00  312812.50  101.79
776.2  308070.30  313637.40  101.81
777.7  308034.65  313520.90  101.78
779.1  307174.00  312650.00  101.78
780.5  306470.55  311941.90  101.79
782.0  305751.35  311288.40  101.81
783.4  304512.00  310118.40  101.84
784.9  303342.20  308866.00  101.82
786.3  302355.60  307871.60  101.82
787.8  300395.70  305905.35  101.83
789.2  297734.10  303157.75  101.82
790.6  294723.60  300138.90  101.84
792.0  292049.80  297381.00  101.83
793.5  289332.00  294577.20  101.81
794.9  287846.55  293089.50  101.82
796.3  287730.90  292971.90  101.82
797.8  288275.00  293597.00  101.85
799.2  288320.00  293635.90  101.84
800.6  286982.80  292112.40  101.79
802.1  285570.45  290781.25  101.82
803.5  284367.60  289570.60  101.83
804.9  283405.20  288600.00  101.83
806.3  283572.75  288655.75  101.79
807.8  283147.50  288313.70  101.82
809.2  281222.15  286375.70  101.83
810.6  278966.25  284001.00  101.80
812.0  275748.00  280761.60  101.82
813.4  268918.75  273806.25  101.82
814.8  258131.45  262885.65  101.84
816.3  246727.80  251345.70  101.87
817.7  239028.40  243500.40  101.87
819.1  236278.35  240597.05  101.83
820.5  239778.00  244167.00  101.83
821.9  242093.05  246552.35  101.84
823.3  236074.30  240490.25  101.87
824.7  239324.90  243691.70  101.82
826.1  246153.60  250835.20  101.90
827.5  248120.25  252754.50  101.87
828.9  246228.75  250937.00  101.91
830.3  245962.75  250615.75  101.89
831.7  246205.80  250925.40  101.92
833.2  246408.60  251065.35  101.89
834.5  248584.00  253177.40  101.85
835.9  252356.00  257019.10  101.85
837.3  255802.25  260397.50  101.80
838.7  257922.50  262725.00  101.86
840.1  259659.60  264388.50  101.82
841.5  260411.40  265209.60  101.84
842.9  260249.25  264967.65  101.81
844.3  259532.00  264316.00  101.84
845.7  259842.40  264542.00  101.81
847.1  259753.00  264517.70  101.83
848.5  258389.25  263061.75  101.81
849.9  253271.60  258008.60  101.87
851.2  250158.15  254799.60  101.86
852.6  249224.55  253764.75  101.82
854.0  240754.80  245194.95  101.84
855.4  235501.70  239832.00  101.84
856.8  241169.50  245723.05  101.89
858.2  246536.55  251149.50  101.87
859.5  249120.00  253618.00  101.81
860.9  249835.20  254390.40  101.82
862.3  250134.00  254569.00  101.77
863.7  250153.30  254998.45  101.94
865.0  246998.25  251723.75  101.91
866.4  237489.00  241907.40  101.86
867.8  234554.10  238656.00  101.75
869.1  237384.60  241913.40  101.91
870.5  240597.00  244988.85  101.83
871.9  242204.90  246844.10  101.92
873.2  242472.30  247169.10  101.94
874.6  241285.80  245842.10  101.89
876.0  240519.40  245133.20  101.92
877.3  240326.45  244795.75  101.86
878.7  240051.90  244577.30  101.89
880.0  238597.20  242969.40  101.83
881.4  236883.00  241308.75  101.87
882.8  237142.95  241625.40  101.89
884.1  237442.50  241983.75  101.91
885.5  236576.85  241172.70  101.94
886.8  234727.35  239160.35  101.89
888.2  233997.05  238484.05  101.92
889.5  234191.65  238734.65  101.94
890.9  233883.20  238257.00  101.87
892.2  231984.25  236414.10  101.91
893.6  228024.30  232273.20  101.86
894.9  221923.80  225993.60  101.83
896.2  211920.75  216047.50  101.95
897.6  201966.00  205902.00  101.95
898.9  191865.50  195857.50  102.08
900.3  184833.35  188373.25  101.92
901.6  181645.80  185488.80  102.12
903.0  185730.40  189621.40  102.09
904.3  195862.30  199800.55  102.01
905.6  200982.60  204970.35  101.98
907.0  196647.75  200694.00  102.06
908.3  188271.20  192102.30  102.03
909.6  182839.55  186168.95  101.82
911.0  181936.40  185310.80  101.85
912.3  182274.75  185697.75  101.88
913.6  179789.10  183257.70  101.93
914.9  178265.60  181784.00  101.97
916.2  176952.40  180515.20  102.01
917.6  177230.10  180540.00  101.87
918.9  180648.80  184310.60  102.03
920.2  186877.60  190899.80  102.15
921.5  189728.00  193491.20  101.98
922.9  188892.00  193026.00  102.19
924.2  187401.55  190949.60  101.89
925.5  186205.25  189805.00  101.93
926.8  185699.80  189354.00  101.97
928.1  178848.50  182560.45  102.08
929.4  165007.05  168780.60  102.29
930.7  147531.20  150677.60  102.13
932.0  126342.60  129554.70  102.54
933.4  106550.80  108375.30  101.71
934.7  92889.45  94754.70  102.01
936.0  87986.00  89882.25  102.16
937.3  86262.40  88187.90  102.23
938.6  94210.60  96546.40  102.48
939.9  109254.00  111612.00  102.16
941.2  116216.00  118604.00  102.05
942.5  115105.20  117537.00  102.11
943.8  108816.25  110885.00  101.90
945.1  104383.20  106487.70  102.02
946.4  103430.80  105995.20  102.48
947.7  105847.20  108016.20  102.05
949.0  107701.60  110350.00  102.46
950.2  109882.50  112125.00  102.04
951.5  112139.10  113962.50  101.63
952.8  111607.10  113922.60  102.07
954.1  113486.90  116312.30  102.49
955.4  113044.00  115918.00  102.54
956.7  115347.90  118268.10  102.53
958.0  119150.40  122116.80  102.49
959.3  119282.10  122301.90  102.53
960.5  122832.00  125391.00  102.08
961.8  127547.00  130150.00  102.04
963.1  131464.80  134115.30  102.02
964.4  134787.50  137483.25  102.00
965.7  137686.05  139880.25  101.59
966.9  142455.75  145807.65  102.35
968.2  152532.20  155947.10  102.24
969.5  161017.60  164492.80  102.16
970.8  165790.00  169330.00  102.14
972.0  167860.35  170868.60  101.79
973.3  164498.40  167567.40  101.87
974.6  160243.20  163372.95  101.95
975.8  157598.35  161426.65  102.43
977.1  158095.80  161999.40  102.47
978.4  159939.65  163921.55  102.49
979.6  161042.70  165102.60  102.52
980.9  165089.25  168543.00  102.09
982.2  168435.25  171959.00  102.09
983.4  171912.70  174789.90  101.67
984.7  173176.80  176845.80  102.12
985.9  175418.10  179916.00  102.56
987.2  176992.20  180057.00  101.73
988.5  177661.55  181574.80  102.20
989.7  178556.10  181758.90  101.79
991.0  178454.80  182547.80  102.29
992.2  179171.50  183357.75  102.34
993.5  179071.20  182498.40  101.91
994.7  179631.25  182260.00  101.46
996.0  179330.00  182019.95  101.50
997.2  179458.50  183139.70  102.05
998.5  178652.25  182433.25  102.12
999.7  178544.40  181455.45  101.63
1001.0  177181.20  180167.40  101.69
1002.2  175035.80  180124.05  102.91
1003.4  173686.80  178856.05  102.98
1004.7  170387.80  174543.60  102.44
1005.9  168447.60  171567.00  101.85
1007.2  168925.05  172034.10  101.84
1008.4  167678.10  172821.60  103.07
1009.6  168149.20  173275.70  103.05
1010.9  168390.75  172472.95  102.42
1012.1  168060.75  172134.95  102.42
1013.3  168201.00  172278.60  102.42
1014.6  168564.00  171628.80  101.82
1015.8  167335.80  171442.20  102.45
1017.1  167362.20  171494.60  102.47
1018.3  166808.00  170978.20  102.50
1019.5  166958.60  170128.70  101.90
1020.8  167349.00  170567.25  101.92
1022.0  165824.40  170188.20  102.63
1023.2  164738.80  170304.30  103.38
1024.4  165877.90  169286.35  102.05
1025.7  165915.75  170556.75  102.80
1026.9  166488.00  170055.60  102.14
1028.1  167092.05  169531.35  101.46
1029.3  166203.45  169952.40  102.26
1030.6  165313.50  169158.00  102.33
1031.8  166338.90  168979.20  101.59
1033.0  165456.40  169525.00  102.46
1034.2  164521.50  170098.50  103.39
1035.4  164973.25  169276.90  102.61
1036.7  165121.60  169544.50  102.68
1037.9  165282.15  169831.20  102.75
1039.1  166657.85  169772.95  101.87
1040.3  166852.40  168456.75  100.96
1041.5  166251.05  171189.20  102.97
1042.7  165624.90  169005.00  102.04
1043.9  166708.80  170181.90  102.08
1045.2  165670.20  171014.40  103.23
1046.4  164583.00  170069.10  103.33
1047.6  163029.30  168651.00  103.45
1048.8  163319.00  169083.20  103.53
1050.0  165606.00  169549.00  102.38
1051.2  165963.90  170011.80  102.44
1052.4  165884.00  167957.55  101.25
1053.6  165332.70  167452.35  101.28
1054.8  165246.80  167421.10  101.32
1056.0  165160.60  169624.40  102.70
1057.2  164055.60  168612.70  102.78
1058.4  165238.30  167565.60  101.41
1059.7  162241.20  167013.00  102.94
1060.9  160990.50  165869.00  103.03
1062.1  160224.00  162727.50  101.56
1063.3  159420.60  164563.20  103.23
1064.5  161223.00  163866.00  101.64
1065.7  159828.05  162537.00  101.69
1066.9  160538.20  163306.10  101.72
1068.1  159070.80  164751.90  103.57
1069.3  159813.50  165624.90  103.64
1070.5  160579.80  163553.50  101.85
1071.7  158319.20  161363.80  101.92
1072.9  159074.10  162193.20  101.96
1074.1  158066.65  164518.35  104.08
1075.3  158455.80  165198.60  104.26
1076.5  157984.80  164567.50  104.17
