/*** Spectra Vista SIG Data ***/
name= 230505_1330_R918_T928.sig
instrument= HK: 9202056 (HR-512i)
integration= 70.0, 0.0, 0.0, 30.0, 0.0, 0.0
scan method= Time-based, Time-based
scan coadds= 71, 0, 0, 166, 0, 0
scan time= 5, 5
scan settings= AI, AI
external data set1= 0,0,0,0,0,0,0,0,0,0,0,0,0,0,0,0,0,0,0,0,0,0,0,0,0,0,0,0,0,0,0,0
external data set2= 0,0,0,0,0,0,0,0,0,0,0,0,0,0,0,0,0,0,0,0,0,0,0,0,0,0,0,0,0,0,0,0
external data dark= 0,0,0,0,0,0,0,0,0,0,0,0,0,0,0,0
external data mask= 0
optic= LENS 4(1), LENS 4(1)
temp= 24.1, 0.0, 0.0, 27.3, 0.0, 0.0
battery= 8.31, 8.24
error= 0, 0
units= Radiance, Radiance
time= 5/5/2023 1:24:32 PM, 5/5/2023 1:30:27 PM
longitude= 07746.1433W     , 07746.6211W     
latitude= 3411.2556N      , 3410.8691N      
gpstime= 143234.883      , 143830.000      
comm= 
memory slot= 918, 928
factors= 1.000, 1.000, 1.000 [Overlap: Preserve, Matching Type: None]
inclinometer x offset= 9, 5
inclinometer y offset= -38, -33
data= 
339.7  3982.39  59710.20  1499.35
341.4  4171.20  64363.93  1543.06
343.0  4256.36  67023.87  1574.67
344.7  4326.75  68159.67  1575.31
346.4  4439.90  71293.57  1605.75
348.0  4579.56  74358.28  1623.70
349.7  4733.49  77734.80  1642.23
351.3  4993.83  83477.57  1671.61
353.0  5252.50  87439.80  1664.73
354.6  5538.54  92848.03  1676.40
356.2  5572.05  92111.25  1653.09
357.9  5385.75  85420.50  1586.05
359.5  5508.46  85386.93  1550.11
361.2  5905.34  91031.97  1541.52
362.8  6299.45  95277.00  1512.47
364.5  6760.93  100922.75  1492.74
366.1  7399.30  109331.73  1477.60
367.7  7907.91  114891.60  1452.87
369.4  8184.00  115292.10  1408.75
371.0  8483.80  115421.37  1360.49
372.6  8578.93  111705.50  1302.09
374.3  8539.43  105386.33  1234.11
375.9  8998.94  106328.75  1181.57
377.5  10024.11  115298.73  1150.21
379.1  10882.46  121525.98  1116.71
380.8  11096.00  118139.47  1064.70
382.4  10882.29  108916.50  1000.86
384.0  10522.41  97406.40  925.70
385.6  11568.77  100660.33  870.10
387.3  12930.17  106017.60  819.92
388.9  14409.69  110726.83  768.42
390.5  16591.54  118875.17  716.48
392.1  18338.79  122627.25  668.68
393.8  18000.00  110373.33  613.19
395.4  19950.90  110938.10  556.06
397.0  22727.53  116295.83  511.70
398.6  27698.20  130265.90  470.30
400.2  35837.54  157783.40  440.27
401.8  42337.25  175386.17  414.26
403.4  46858.50  183369.67  391.33
405.0  49371.43  182940.00  370.54
406.6  51059.25  180083.75  352.70
408.3  53296.80  180064.85  337.85
409.9  55889.49  182311.47  326.20
411.5  57967.39  183660.75  316.83
413.1  61042.86  188800.00  309.29
414.7  62755.50  190414.70  303.42
416.3  64020.79  191098.42  298.49
417.9  64364.83  189489.90  294.40
419.5  64210.95  186802.15  290.92
421.1  65007.09  187093.07  287.80
422.7  65608.09  187068.93  285.13
424.3  65369.89  184813.47  282.72
425.9  65473.18  183619.33  280.45
427.5  64661.50  180041.00  278.44
429.1  62854.17  173807.88  276.53
430.7  59196.28  162578.20  274.64
432.3  60384.81  164572.63  272.54
433.9  64914.95  175680.75  270.63
435.5  67995.35  182995.13  269.13
437.1  71537.71  191393.33  267.54
438.7  71659.02  190706.60  266.13
440.3  72016.30  190584.68  264.64
441.9  74636.68  196388.25  263.13
443.5  77740.41  203464.58  261.72
445.0  79575.89  207247.92  260.44
446.6  80108.29  207628.85  259.19
448.2  81982.91  211388.20  257.84
449.8  84290.24  216251.10  256.56
451.4  86600.19  221123.25  255.34
453.0  86190.58  219125.32  254.23
454.6  85115.44  215442.10  253.12
456.2  85597.98  215638.95  251.92
457.8  86562.66  217091.18  250.79
459.3  86659.99  216474.80  249.80
460.9  87057.30  216551.13  248.75
462.5  88232.91  218592.80  247.75
464.1  88302.86  217953.60  246.83
465.7  87504.34  215192.80  245.92
467.2  86721.82  212456.92  244.99
468.8  86404.48  210905.75  244.09
470.4  86108.79  209439.00  243.23
472.0  86562.28  209806.55  242.38
473.6  87572.89  211536.97  241.56
475.1  88209.60  212440.78  240.84
476.7  88309.81  212077.40  240.15
478.3  88971.02  213003.70  239.41
479.9  89675.87  213954.75  238.59
481.5  90225.77  214546.47  237.79
483.0  90065.54  213476.83  237.02
484.6  88287.09  208601.60  236.28
486.2  84207.95  198430.87  235.64
487.8  82247.40  193120.20  234.80
489.3  83973.21  196450.00  233.94
490.9  85777.89  200111.20  233.29
492.5  85997.37  200107.78  232.69
494.0  86703.14  201188.00  232.04
495.6  87513.95  202468.82  231.36
497.2  87729.56  202432.58  230.75
498.8  86735.14  199652.00  230.19
500.3  85337.21  195962.47  229.63
501.9  83751.04  191834.25  229.05
503.5  83408.74  190609.47  228.52
505.0  83775.20  191006.57  228.00
506.6  84438.58  192063.00  227.46
508.2  84078.00  190825.20  226.96
509.7  83896.14  189932.10  226.39
511.3  83796.80  189268.45  225.87
512.9  82961.16  187003.80  225.41
514.4  81435.00  183203.33  224.97
516.0  79555.71  178530.00  224.41
517.5  77063.40  172498.20  223.84
519.1  77073.29  172027.05  223.20
520.7  78764.40  175426.53  222.72
522.2  79670.36  177245.67  222.47
523.8  80722.89  179338.40  222.17
525.4  81092.75  179916.20  221.86
526.9  80089.46  177460.33  221.58
528.5  80791.18  178669.75  221.15
530.0  82123.18  181306.75  220.77
531.6  82591.26  182138.67  220.53
533.2  82097.46  180798.07  220.22
534.7  82544.00  181486.67  219.87
536.3  82653.37  181441.33  219.52
537.8  82258.75  180314.87  219.20
539.4  81518.57  178443.20  218.90
541.0  80745.77  176520.40  218.61
542.5  80789.14  176354.80  218.29
544.1  81354.90  177363.10  218.01
545.6  81624.64  177729.50  217.74
547.2  81516.95  177302.38  217.50
548.7  81552.00  177137.33  217.21
550.3  81695.32  177204.25  216.91
551.8  81781.65  177159.15  216.62
553.4  82012.54  177434.40  216.35
554.9  82331.97  177898.77  216.07
556.5  81972.74  176942.27  215.86
558.0  81209.29  175112.00  215.63
559.6  80516.25  173412.75  215.38
561.1  80920.36  174059.62  215.10
562.7  81385.69  174876.70  214.87
564.2  81924.38  175875.85  214.68
565.8  81761.11  175463.20  214.60
567.3  81621.74  175082.15  214.50
568.9  81380.00  174487.07  214.41
570.4  80845.33  173227.95  214.27
572.0  80885.68  173173.75  214.10
573.5  81401.55  174092.80  213.87
575.1  81489.37  174110.93  213.66
576.6  81265.07  173484.00  213.48
578.2  80920.38  172539.07  213.22
579.7  80875.48  172163.57  212.87
581.2  81348.71  172833.07  212.46
582.8  82097.98  174096.72  212.06
584.3  82305.07  174265.17  211.73
585.9  81859.59  173168.80  211.54
587.4  80847.26  171028.80  211.55
588.9  78651.46  166566.50  211.78
590.5  77236.49  163701.57  211.95
592.0  77355.51  163882.70  211.86
593.6  77686.89  164459.53  211.70
595.1  77786.97  164532.50  211.52
596.6  78014.29  164776.00  211.21
598.2  78167.64  164796.08  210.82
599.7  78056.35  164232.62  210.40
601.2  77815.45  163411.27  210.00
602.8  77829.04  163158.17  209.64
604.3  78164.56  163632.20  209.34
605.8  78450.57  164070.47  209.14
607.4  78362.29  163794.15  209.02
608.9  77907.43  162701.57  208.84
610.5  77411.32  161574.97  208.72
612.0  76968.73  160537.65  208.58
613.5  76405.07  159268.58  208.45
615.0  75884.40  158113.90  208.36
616.6  75221.49  156641.60  208.24
618.1  75232.80  156592.80  208.14
619.6  75592.86  157256.67  208.03
621.2  75777.89  157587.73  207.96
622.7  75423.09  156825.60  207.93
624.2  74867.91  155651.40  207.90
625.8  74155.24  154216.03  207.96
627.3  73610.57  153218.92  208.15
628.8  72975.40  152056.57  208.37
630.3  72600.56  151290.65  208.39
631.8  72436.37  150842.90  208.24
633.4  72649.50  151146.23  208.05
634.9  72875.48  151501.87  207.89
636.4  73165.87  151961.25  207.69
638.0  73558.80  152691.50  207.58
639.5  73530.00  152558.00  207.48
641.0  73307.85  152064.73  207.43
642.5  73157.30  151727.33  207.40
644.0  73007.86  151417.33  207.40
645.5  72632.66  150741.73  207.54
647.1  71996.06  149707.87  207.94
648.6  71312.41  148528.33  208.28
650.1  70901.14  147750.75  208.39
651.6  70943.94  147870.52  208.43
653.1  71048.57  148096.80  208.44
654.7  70408.86  146859.13  208.58
656.2  68303.16  142514.45  208.65
657.7  67361.14  140451.47  208.51
659.2  68287.33  142270.92  208.34
660.7  69517.18  144666.58  208.10
662.2  70576.44  146769.13  207.96
663.7  71041.54  147643.30  207.83
665.2  71164.61  147788.27  207.67
666.8  71174.45  147722.40  207.55
668.3  71107.59  147515.00  207.45
669.8  70998.48  147225.28  207.36
671.3  70767.13  146710.80  207.31
672.8  70621.66  146322.55  207.19
674.3  70473.06  145940.87  207.09
675.8  70411.43  145759.83  207.01
677.3  70299.00  145464.67  206.92
678.8  70164.29  145190.83  206.93
680.3  69947.51  144766.40  206.96
681.8  69686.50  144227.65  206.97
683.3  69187.33  143155.83  206.91
684.8  68187.66  141171.20  207.03
686.3  65063.23  135301.27  207.95
687.8  61245.60  128037.00  209.06
689.3  59707.10  125029.57  209.40
690.8  59836.80  125120.00  209.10
692.3  60749.44  126851.12  208.81
693.8  61285.91  127980.03  208.82
695.3  61809.43  128868.13  208.49
696.8  62743.29  130327.80  207.72
698.3  62936.00  130536.00  207.41
699.8  62460.46  129605.13  207.50
701.3  61848.19  128318.20  207.47
702.8  61882.67  128126.83  207.05
704.2  62315.77  128797.20  206.68
705.7  62742.63  129515.47  206.42
707.2  63002.28  129847.87  206.10
708.7  63118.80  129922.20  205.84
710.2  63231.35  129972.58  205.55
711.7  63145.29  129648.33  205.32
713.2  62865.14  129050.93  205.28
714.7  62199.94  127806.00  205.48
716.2  60025.43  124062.80  206.68
717.6  55866.86  116730.00  208.94
719.1  52008.77  109592.40  210.72
720.6  51229.26  107893.33  210.61
722.1  52740.43  110453.33  209.43
723.6  52808.94  110639.87  209.51
725.0  52068.73  109415.70  210.14
726.5  51778.46  108852.20  210.23
728.0  51657.36  108578.25  210.19
729.5  51723.89  108586.80  209.94
731.0  52339.43  109596.32  209.40
732.4  53864.01  112125.20  208.16
733.9  55762.35  115348.45  206.86
735.4  56957.53  117359.92  206.05
736.8  57553.71  118294.00  205.54
738.3  57874.34  118657.15  205.03
739.8  58055.25  118753.25  204.55
741.2  58174.39  118692.90  204.03
742.7  58458.40  119038.67  203.63
744.2  58900.80  119756.00  203.32
745.7  59131.50  120099.75  203.11
747.1  59290.63  120335.30  202.96
748.6  59204.79  120139.60  202.92
750.0  58925.81  119541.15  202.87
751.5  58638.54  118900.60  202.77
753.0  58472.50  118545.30  202.74
754.4  58386.29  118337.33  202.68
755.9  58151.79  117895.83  202.74
757.3  57546.64  116768.60  202.91
758.8  53111.38  108650.55  204.57
760.3  40782.43  85484.00  209.61
761.7  31483.93  67650.80  214.87
763.2  28464.86  61974.00  217.72
764.6  29418.17  63891.60  217.18
766.1  34790.40  73987.20  212.67
767.5  41756.83  87074.17  208.53
769.0  47685.79  98183.33  205.90
770.4  51551.68  105421.58  204.50
771.9  53670.00  109293.33  203.64
773.3  54689.75  111148.25  203.23
774.8  55044.79  111778.33  203.07
776.2  55206.21  112040.90  202.95
777.7  55176.00  111968.27  202.93
779.1  54992.57  111616.67  202.97
780.5  54852.69  111375.70  203.05
782.0  54698.69  111069.68  203.06
783.4  54440.23  110566.40  203.10
784.9  54182.14  110112.93  203.23
786.3  53887.94  109663.33  203.50
787.8  53374.02  108808.93  203.86
789.2  52663.76  107663.50  204.44
790.6  51996.26  106418.85  204.67
792.0  51455.60  105430.03  204.90
793.5  51001.71  104481.00  204.86
794.9  50796.45  103999.50  204.74
796.3  50663.00  103888.27  205.06
797.8  50723.73  104015.53  205.06
799.2  50674.81  103975.40  205.18
800.6  50353.83  103446.93  205.44
802.1  50034.31  102882.28  205.62
803.5  49746.09  102388.73  205.82
804.9  49639.20  102100.27  205.68
806.3  49740.79  102181.33  205.43
807.8  49703.39  102098.68  205.42
809.2  49269.09  101353.15  205.71
810.6  48659.46  100318.25  206.16
812.0  47748.57  98879.33  207.08
813.4  45991.07  95908.33  208.54
814.8  43482.41  91554.37  210.55
816.3  41074.18  87117.05  212.10
817.7  39545.26  84259.93  213.07
819.1  39193.01  83343.33  212.65
820.5  40161.00  84931.00  211.48
821.9  40619.86  85704.62  210.99
823.3  39351.40  83545.00  212.31
824.7  40150.30  84910.00  211.48
826.1  41588.80  87472.00  210.33
827.5  41869.29  88134.25  210.50
828.9  41465.32  87463.17  210.93
830.3  41433.86  87416.08  210.98
831.7  41558.70  87531.10  210.62
833.2  41682.66  87724.30  210.46
834.5  42228.40  88580.57  209.77
835.9  43045.51  90107.55  209.33
837.3  43764.29  91487.25  209.05
838.7  44271.79  92377.50  208.66
840.1  44689.13  93097.23  208.32
841.5  44907.83  93395.27  207.97
842.9  44930.12  93483.30  208.06
844.3  44871.36  93288.00  207.90
845.7  44960.23  93385.60  207.71
847.1  45034.10  93500.83  207.62
848.5  44744.75  92982.75  207.81
849.9  43828.53  91160.93  207.99
851.2  43282.09  90054.80  208.06
852.6  43039.24  89560.85  208.09
854.0  41511.88  86500.70  208.38
855.4  40733.37  84773.95  208.12
856.8  41728.83  86742.32  207.87
858.2  42614.87  88671.15  208.08
859.5  43027.57  89614.00  208.27
860.9  43124.23  89936.00  208.55
862.3  43158.89  90000.93  208.53
863.7  43170.54  90083.90  208.67
865.0  42503.54  88815.17  208.96
866.4  40870.20  85361.03  208.86
867.8  40406.38  84399.70  208.88
869.1  40920.94  85355.30  208.59
870.5  41354.31  86436.70  209.01
871.9  41669.96  87113.87  209.06
873.2  41656.14  87151.73  209.22
874.6  41487.80  86833.83  209.30
876.0  41294.94  86458.60  209.37
877.3  41239.45  86338.75  209.36
878.7  41169.39  86188.30  209.35
880.0  40836.94  85639.60  209.71
881.4  40524.21  85072.75  209.93
882.8  40525.01  85095.40  209.98
884.1  40531.43  85202.50  210.21
885.5  40393.46  84913.80  210.22
886.8  39960.33  84227.00  210.78
888.2  39838.15  83981.68  210.81
889.5  39816.15  83969.78  210.89
890.9  39725.94  83792.80  210.93
892.2  39235.81  83001.40  211.54
893.6  38273.82  81358.57  212.57
894.9  36765.00  78762.60  214.23
896.2  34609.21  74847.92  216.27
897.6  32507.14  70930.00  218.20
898.9  30545.93  67032.33  219.45
900.3  29222.24  64476.75  220.64
901.6  28767.60  63452.20  220.57
903.0  29682.77  65109.40  219.35
904.3  31656.03  68963.13  217.85
905.6  32585.61  70804.72  217.29
907.0  31599.29  69145.92  218.82
908.3  29906.04  65949.65  220.52
909.6  28696.26  63813.50  222.38
911.0  28602.06  63363.73  221.54
912.3  28565.75  63420.58  222.02
913.6  28037.85  62531.15  223.02
914.9  27686.46  61865.20  223.45
916.2  27442.04  61458.30  223.96
917.6  27424.89  61483.90  224.19
918.9  28335.36  63064.33  222.56
920.2  29746.60  65592.80  220.51
921.5  30374.40  66692.27  219.57
922.9  30346.29  66674.00  219.71
924.2  29904.99  65800.20  220.03
925.5  29686.25  65340.92  220.10
926.8  29375.97  65000.47  221.27
928.1  27767.31  62203.28  224.02
929.4  24895.63  56831.95  228.28
930.7  21575.31  50109.33  232.25
932.0  17845.00  42471.10  238.00
933.4  14335.36  35152.03  245.21
934.7  12363.94  30590.10  247.41
936.0  11594.21  29075.83  250.78
937.3  11222.91  28369.03  252.78
938.6  12846.90  31403.53  244.44
939.9  15270.86  36680.00  240.20
941.2  16261.14  39004.00  239.86
942.5  15980.40  38503.50  240.94
943.8  15013.21  36410.00  242.52
945.1  14310.60  34934.70  244.12
946.4  14104.20  34476.93  244.44
947.7  14501.31  35282.40  243.30
949.0  14818.43  35900.53  242.27
950.2  15249.00  36926.50  242.16
951.5  15433.78  37531.65  243.18
952.8  15348.46  37356.73  243.39
954.1  15741.51  38142.90  242.31
955.4  15738.57  38160.33  242.46
956.7  16269.69  39098.23  240.31
958.0  16950.86  40376.00  238.19
959.3  16896.50  40599.53  240.28
960.5  17474.31  41797.00  239.19
961.8  18221.00  43383.33  238.10
963.1  18932.14  44881.80  237.07
964.4  19717.49  46366.90  235.16
965.7  20217.99  47175.30  233.33
966.9  21388.31  49347.42  230.72
968.2  23416.46  53120.67  226.85
969.5  24905.60  56375.47  226.36
970.8  25875.71  58410.00  225.73
972.0  26214.75  59162.25  225.68
973.3  25516.54  57901.80  226.92
974.6  24680.31  56126.85  227.42
975.8  24337.05  55297.67  227.22
977.1  24536.91  55734.73  227.15
978.4  24934.28  56631.47  227.12
979.6  25132.71  57064.15  227.05
980.9  25755.11  58483.50  227.08
982.2  26579.14  59668.83  224.49
983.4  26922.37  60660.97  225.32
984.7  27569.91  61883.80  224.46
985.9  28058.33  62720.72  223.54
987.2  28458.86  63339.20  222.56
988.5  28734.44  63916.42  222.44
989.7  28825.20  64322.90  223.15
991.0  28884.89  64396.53  222.94
992.2  29064.54  64468.25  221.81
993.5  29008.80  64260.00  221.52
994.7  29041.43  64258.33  221.26
996.0  29205.17  64259.92  220.03
997.2  29055.19  64727.77  222.78
998.5  29032.68  64592.08  222.48
999.7  28971.88  64366.55  222.17
1001.0  28724.40  64037.40  222.94
1002.2  28494.20  63772.73  223.81
1003.4  28357.03  63064.85  222.40
1004.7  27606.39  61990.68  224.55
1005.9  27480.43  60655.00  220.72
1007.2  27537.30  61144.65  222.04
1008.4  27480.99  61036.20  222.10
1009.6  27683.10  61518.00  222.22
1010.9  27409.06  61233.00  223.40
1012.1  27500.85  61452.52  223.46
1013.3  27378.17  61164.00  223.40
1014.6  27291.31  60955.47  223.35
1015.8  27131.57  60569.40  223.24
1017.1  27008.19  60608.53  224.41
1018.3  27106.30  60467.90  223.08
1019.5  27021.33  60936.37  225.51
1020.8  26972.00  60431.58  224.05
1022.0  26962.05  60365.90  223.89
1023.2  26873.41  60107.40  223.67
1024.4  26780.68  60215.95  224.85
1025.7  26851.50  59946.25  223.25
1026.9  27011.83  60649.20  224.53
1028.1  27180.77  60575.95  222.86
1029.3  27135.26  60399.75  222.59
1030.6  26911.50  60230.50  223.81
1031.8  26968.78  60726.90  225.17
1033.0  26736.51  60124.87  224.88
1034.2  26689.93  60417.50  226.37
1035.4  26846.58  60251.10  224.43
1036.7  26748.01  60446.30  225.98
1037.9  26861.06  60148.55  223.92
1039.1  26923.36  60225.27  223.69
1040.3  26815.56  60430.52  225.36
1041.5  26807.10  60355.17  225.15
1042.7  26799.36  60841.80  227.03
1043.9  27040.56  60200.40  222.63
1045.2  26721.00  60567.60  226.67
1046.4  26646.77  60347.10  226.47
1047.6  26502.30  59964.80  226.26
1048.8  26625.11  59563.40  223.71
1050.0  26756.07  60459.33  225.96
1051.2  26600.49  60043.85  225.72
1052.4  26363.71  60824.13  230.71
1053.6  26647.03  60056.75  225.38
1054.8  26402.21  60155.63  227.84
1056.0  26463.96  60261.30  227.71
1057.2  26040.57  60001.82  230.42
1058.4  26265.24  58958.27  224.47
1059.7  25904.06  59647.50  230.26
1060.9  25786.36  59355.08  230.18
1062.1  25750.29  58415.00  226.85
1063.3  25345.67  59139.90  233.33
1064.5  25297.29  59027.00  233.33
1065.7  25928.52  58693.92  226.37
1066.9  26097.34  58125.90  222.73
1068.1  25564.95  58704.70  229.63
1069.3  26151.30  59082.57  225.93
1070.5  25913.67  59474.00  229.51
1071.7  25661.63  58862.27  229.38
1072.9  25398.39  58223.20  229.24
1074.1  25806.80  58065.30  225.00
1075.3  25044.69  59561.40  237.82
1076.5  25390.41  58147.18  229.01
