/*** Spectra Vista SIG Data ***/
name= 230505_1712_R953_T955.sig
instrument= HK: 9202056 (HR-512i)
integration= 10.0, 0.0, 0.0, 200.0, 0.0, 0.0
scan method= Time-based, Time-based
scan coadds= 500, 0, 0, 25, 0, 0
scan time= 5, 5
scan settings= AI, AI
external data set1= 0,0,0,0,0,0,0,0,0,0,0,0,0,0,0,0,0,0,0,0,0,0,0,0,0,0,0,0,0,0,0,0
external data set2= 0,0,0,0,0,0,0,0,0,0,0,0,0,0,0,0,0,0,0,0,0,0,0,0,0,0,0,0,0,0,0,0
external data dark= 0,0,0,0,0,0,0,0,0,0,0,0,0,0,0,0
external data mask= 0
optic= LENS 4(1), LENS 4(1)
temp= 24.8, 0.0, 0.0, 24.4, 0.0, 0.0
battery= 8.24, 8.27
error= 0, 0
units= Radiance, Radiance
time= 5/5/2023 5:11:29 PM, 5/5/2023 5:12:31 PM
longitude=                 , 07748.5329W     
latitude=                 , 3410.9038N      
gpstime=                 , 182029.000      
comm= 
memory slot= 953, 955
factors= 1.000, 1.000, 1.000 [Overlap: Preserve, Matching Type: None]
inclinometer x offset= 3, 4
inclinometer y offset= -16, 23
data= 
339.7  44782.65  4748.04  10.60
341.4  48316.40  5092.34  10.54
343.0  50434.35  5293.11  10.50
344.7  51440.25  5360.36  10.42
346.4  54044.30  5618.77  10.40
348.0  56614.25  5859.94  10.35
349.7  59529.60  6114.42  10.27
351.3  64178.50  6547.57  10.20
353.0  67518.50  6852.13  10.15
354.6  72075.40  7253.08  10.06
356.2  71783.25  7140.21  9.95
357.9  67134.00  6588.15  9.81
359.5  67662.80  6569.80  9.71
361.2  72523.90  6952.76  9.59
362.8  76465.90  7267.93  9.50
364.5  81425.85  7699.66  9.46
366.1  88670.30  8357.57  9.43
367.7  93585.60  8779.68  9.38
369.4  94405.85  8843.84  9.37
371.0  94994.90  8890.25  9.36
372.6  92551.50  8642.85  9.34
374.3  87912.75  8213.36  9.34
375.9  89431.10  8345.37  9.33
377.5  97494.15  9108.45  9.34
379.1  103101.90  9620.66  9.33
380.8  100654.40  9368.52  9.31
382.4  93357.00  8683.65  9.30
384.0  84193.65  7847.37  9.32
385.6  87778.40  8209.81  9.35
387.3  92944.80  8690.76  9.35
388.9  97631.40  9111.37  9.33
390.5  105519.70  9822.31  9.31
392.1  109307.25  10156.50  9.29
393.8  99120.00  9156.00  9.24
395.4  100871.40  9305.31  9.22
397.0  106649.40  9809.25  9.20
398.6  120775.40  11065.22  9.16
400.2  147403.80  13432.82  9.11
401.8  164918.25  14924.88  9.05
403.4  173692.40  15575.00  8.97
405.0  174840.00  15543.00  8.89
406.6  173769.75  15318.19  8.82
408.3  175464.45  15348.27  8.75
409.9  179131.20  15554.72  8.68
411.5  181953.00  15698.36  8.63
413.1  188400.00  16175.00  8.59
414.7  191219.70  16354.38  8.55
416.3  193030.75  16479.38  8.54
417.9  192389.10  16416.72  8.53
419.5  190611.15  16274.69  8.54
421.1  191829.60  16398.82  8.55
422.7  192572.60  16483.83  8.56
424.3  191043.90  16370.23  8.57
425.9  190511.75  16345.07  8.58
427.5  187467.00  16104.15  8.59
429.1  181545.95  15601.42  8.59
430.7  170352.45  14647.07  8.60
432.3  173495.40  14952.67  8.62
433.9  185828.65  16023.00  8.62
435.5  194055.00  16730.59  8.62
437.1  203528.00  17544.60  8.62
438.7  203263.10  17516.32  8.62
440.3  203835.45  17575.71  8.62
441.9  210795.75  18195.53  8.63
443.5  219011.20  18902.02  8.63
445.0  223626.25  19282.00  8.62
446.6  224615.60  19368.80  8.62
448.2  229449.85  19810.76  8.63
449.8  235402.05  20362.26  8.65
451.4  241417.85  20913.83  8.66
453.0  239775.80  20803.72  8.68
454.6  236410.65  20560.34  8.70
456.2  237360.60  20712.42  8.73
457.8  239609.95  20974.49  8.75
459.3  239509.80  21016.05  8.77
460.9  240292.80  21141.62  8.80
462.5  243168.00  21462.84  8.83
464.1  243045.60  21511.80  8.85
465.7  240516.00  21348.60  8.88
467.2  238061.50  21192.04  8.90
468.8  236948.85  21148.16  8.93
470.4  235872.00  21096.45  8.94
472.0  236894.85  21234.19  8.96
473.6  239374.30  21490.29  8.98
475.1  240858.55  21646.91  8.99
476.7  240939.30  21670.25  8.99
478.3  242538.60  21859.25  9.01
479.9  244256.85  22092.35  9.04
481.5  245536.80  22307.21  9.09
483.0  244886.40  22341.63  9.12
484.6  239808.00  21953.28  9.15
486.2  228518.50  20974.87  9.18
487.8  223095.60  20551.86  9.21
489.3  227550.00  21031.88  9.24
490.9  232239.60  21510.90  9.26
492.5  232597.20  21590.42  9.28
494.0  234366.50  21812.40  9.31
495.6  236379.85  22055.39  9.33
497.2  236787.30  22149.35  9.35
498.8  234028.70  21942.39  9.38
500.3  230165.10  21631.98  9.40
501.9  225810.25  21264.11  9.42
503.5  224803.80  21192.60  9.43
505.0  225679.45  21313.99  9.44
506.6  227354.85  21523.32  9.47
508.2  226281.60  21479.58  9.49
509.7  225694.80  21486.38  9.52
511.3  225330.10  21509.21  9.55
512.9  222970.05  21329.80  9.57
514.4  218868.00  20980.95  9.59
516.0  213810.00  20553.00  9.61
517.5  207070.20  19971.36  9.64
519.1  207098.45  20043.86  9.68
520.7  211596.00  20535.90  9.71
522.2  214018.50  20811.68  9.72
523.8  216840.80  21137.17  9.75
525.4  217838.55  21278.32  9.77
526.9  215091.30  21057.91  9.79
528.5  217038.15  21299.96  9.81
530.0  220633.65  21689.48  9.83
531.6  221917.60  21849.54  9.85
533.2  220583.40  21754.32  9.86
534.7  221788.00  21919.80  9.88
536.3  222094.20  21982.85  9.90
537.8  221034.10  21902.95  9.91
539.4  219033.60  21721.20  9.92
541.0  216963.60  21525.24  9.92
542.5  217101.60  21547.32  9.92
544.1  218636.10  21708.49  9.93
545.6  219363.75  21780.98  9.93
547.2  219095.95  21757.81  9.93
548.7  219240.00  21777.00  9.93
550.3  219626.30  21819.07  9.93
551.8  219854.25  21850.76  9.94
553.4  220506.00  21923.33  9.94
554.9  221402.90  22030.47  9.95
556.5  220460.00  21949.64  9.96
558.0  218477.00  21763.63  9.96
559.6  216669.25  21597.01  9.97
561.1  217832.45  21711.13  9.97
562.7  219157.35  21830.76  9.96
564.2  220639.20  21957.49  9.95
565.8  220239.60  21882.66  9.94
567.3  219961.30  21793.28  9.91
568.9  219381.70  21643.95  9.87
570.4  218033.10  21416.74  9.82
572.0  218232.75  21348.19  9.78
573.5  219727.20  21391.13  9.74
575.1  220035.20  21314.96  9.69
576.6  219539.00  21157.85  9.64
578.2  218657.10  20969.20  9.59
579.7  218572.25  20859.23  9.54
581.2  219845.90  20878.99  9.50
582.8  221879.75  20947.27  9.44
584.3  222408.75  20835.94  9.37
585.9  221233.20  20518.32  9.27
587.4  218570.40  19990.80  9.15
588.9  212645.75  19091.61  8.98
590.5  208960.30  18413.53  8.81
592.0  209397.00  18160.01  8.67
593.6  210371.20  17983.29  8.55
595.1  210703.90  17742.23  8.42
596.6  211422.40  17538.84  8.30
598.2  211870.75  17293.34  8.16
599.7  211631.90  16978.22  8.02
601.2  211039.50  16648.08  7.89
602.8  211083.65  16404.35  7.77
604.3  212025.40  16273.47  7.68
605.8  212856.00  16172.35  7.60
607.4  212649.30  16039.82  7.54
608.9  211433.85  15856.62  7.50
610.5  210118.70  15685.20  7.46
612.0  208924.95  15535.07  7.44
613.5  207408.00  15367.49  7.41
615.0  206012.45  15200.96  7.38
616.6  204280.80  15011.80  7.35
618.1  204384.60  14957.46  7.32
619.6  205390.00  14966.30  7.29
621.2  205898.00  14936.20  7.25
622.7  204979.20  14799.36  7.22
624.2  203523.30  14616.99  7.18
625.8  201722.05  14397.87  7.14
627.3  200410.50  14175.14  7.07
628.8  198857.40  13933.47  7.01
630.3  197912.30  13798.73  6.97
631.8  197510.30  13734.24  6.95
633.4  198046.20  13760.67  6.95
634.9  198682.00  13801.01  6.95
636.4  199513.75  13843.98  6.94
638.0  200618.70  13911.12  6.93
639.5  200592.00  13889.40  6.92
641.0  200061.40  13823.04  6.91
642.5  199750.60  13764.35  6.89
644.0  199391.00  13695.50  6.87
645.5  198443.90  13542.08  6.82
647.1  196854.00  13304.54  6.76
648.6  195091.60  13069.03  6.70
650.1  194080.50  12945.34  6.67
651.6  194408.75  12916.38  6.64
653.1  194791.50  12891.70  6.62
654.7  193115.70  12710.41  6.58
656.2  187400.15  12249.47  6.54
657.7  184976.80  12007.68  6.49
659.2  187617.30  12099.75  6.45
660.7  191047.75  12238.33  6.41
662.2  193987.30  12354.49  6.37
663.7  195350.40  12369.29  6.33
665.2  195676.60  12338.15  6.31
666.8  195741.95  12302.87  6.29
668.3  195648.90  12269.01  6.27
669.8  195359.45  12244.84  6.27
671.3  194779.70  12191.53  6.26
672.8  194437.40  12152.34  6.25
674.3  194011.20  12093.27  6.23
675.8  193920.00  12044.25  6.21
677.3  193669.00  11990.62  6.19
678.8  193358.00  11937.53  6.17
680.3  192830.10  11869.49  6.16
681.8  192162.60  11796.12  6.14
683.3  190832.95  11675.65  6.12
684.8  188138.60  11454.02  6.09
686.3  179781.40  10783.09  6.00
687.8  169696.80  9953.58  5.87
689.3  165729.20  9588.78  5.79
690.8  165986.40  9546.84  5.75
692.3  168346.20  9620.58  5.71
693.8  169717.90  9602.68  5.66
695.3  171054.00  9631.57  5.63
696.8  173489.40  9778.80  5.64
698.3  173992.00  9752.40  5.61
699.8  172726.75  9554.04  5.53
701.3  171109.15  9356.08  5.47
702.8  171226.50  9294.38  5.43
704.2  172429.00  9310.09  5.40
705.7  173664.00  9313.00  5.36
707.2  174407.35  9286.94  5.32
708.7  174831.60  9246.21  5.29
710.2  175102.20  9190.73  5.25
711.7  174945.00  9095.00  5.20
713.2  174307.20  8951.20  5.14
714.7  172484.40  8707.46  5.05
716.2  166672.40  8131.87  4.88
717.6  155412.00  7214.40  4.64
719.1  145039.20  6447.09  4.45
720.6  142908.80  6245.12  4.37
722.1  147095.50  6463.70  4.39
723.6  147252.40  6375.29  4.33
725.0  145375.20  6146.06  4.23
726.5  144671.40  6011.46  4.16
728.0  144352.80  5936.29  4.11
729.5  144560.00  5890.82  4.08
731.0  146271.15  5934.06  4.06
732.4  150404.10  6171.00  4.10
733.9  155695.05  6502.79  4.18
735.4  158959.90  6687.53  4.21
736.8  160626.00  6777.30  4.22
738.3  161612.30  6864.80  4.25
739.8  162104.25  6938.66  4.28
741.2  162423.90  7015.34  4.32
742.7  163286.40  7104.36  4.35
744.2  164640.00  7205.94  4.38
745.7  165307.50  7255.16  4.39
747.1  165786.90  7286.39  4.40
748.6  165653.10  7287.17  4.40
750.0  164907.35  7256.77  4.40
751.5  164175.70  7215.91  4.40
753.0  163784.55  7195.20  4.39
754.4  163618.00  7173.40  4.38
755.9  163062.50  7134.38  4.38
757.3  161471.05  7039.53  4.36
758.8  149322.90  6371.37  4.27
760.3  115519.50  4611.75  3.99
761.7  90375.20  3274.80  3.62
763.2  82368.00  2742.30  3.33
764.6  85114.80  2790.54  3.28
766.1  99792.00  3521.28  3.53
767.5  118873.20  4556.13  3.83
769.0  135082.00  5469.73  4.05
770.4  145702.00  6090.54  4.18
771.9  151480.00  6447.00  4.26
773.3  154305.75  6629.28  4.30
774.8  155369.50  6692.40  4.31
776.2  155878.80  6741.98  4.33
777.7  155809.50  6751.75  4.33
779.1  155474.00  6730.30  4.33
780.5  155071.55  6719.27  4.33
782.0  154734.00  6708.93  4.34
783.4  154137.60  6673.92  4.33
784.9  153499.40  6628.56  4.32
786.3  152714.40  6556.16  4.29
787.8  151395.60  6455.87  4.26
789.2  149514.65  6314.10  4.22
790.6  147607.95  6178.37  4.19
792.0  146191.50  6118.39  4.19
793.5  145089.00  6095.43  4.20
794.9  144567.90  6089.56  4.21
796.3  144302.20  6044.62  4.19
797.8  144581.00  6049.34  4.18
799.2  144520.40  6054.72  4.19
800.6  143628.80  5990.64  4.17
802.1  142738.70  5941.24  4.16
803.5  142089.20  5898.31  4.15
804.9  141798.80  5916.30  4.17
806.3  142226.25  5977.41  4.20
807.8  142169.85  5990.81  4.21
809.2  141065.80  5911.43  4.19
810.6  139431.75  5779.69  4.15
812.0  137038.40  5572.41  4.07
813.4  132175.00  5222.19  3.95
814.8  125121.90  4786.62  3.83
816.3  118416.15  4398.00  3.71
817.7  114259.60  4186.91  3.66
819.1  113309.05  4148.23  3.66
820.5  116077.50  4348.58  3.75
821.9  117350.00  4435.83  3.78
823.3  113859.90  4219.02  3.71
824.7  116205.40  4354.67  3.75
826.1  120243.20  4564.56  3.80
827.5  121116.75  4577.89  3.78
828.9  120124.00  4485.56  3.73
830.3  120202.50  4478.51  3.73
831.7  120612.00  4503.29  3.73
833.2  120942.45  4523.70  3.74
834.5  122535.70  4627.18  3.78
835.9  124943.65  4765.96  3.81
837.3  126996.00  4894.64  3.85
838.7  128537.50  4993.19  3.88
840.1  129829.80  5072.82  3.91
841.5  130569.20  5132.62  3.93
842.9  130640.70  5168.12  3.96
844.3  130513.50  5195.13  3.98
845.7  130830.80  5230.20  4.00
847.1  131106.10  5256.54  4.01
848.5  130362.75  5240.99  4.02
849.9  127899.00  5123.86  4.01
851.2  126439.50  5057.58  4.00
852.6  125666.25  5042.87  4.01
854.0  121364.10  4859.50  4.00
855.4  119083.25  4796.64  4.03
856.8  122102.60  4924.58  4.03
858.2  124891.35  5031.53  4.03
859.5  126117.00  5086.20  4.03
860.9  126494.40  5098.32  4.03
862.3  126663.60  5126.86  4.05
863.7  126871.15  5114.33  4.03
865.0  124862.25  5052.65  4.05
866.4  120033.20  4841.83  4.03
867.8  118768.65  4810.41  4.05
869.1  120390.60  4877.90  4.05
870.5  121826.10  4926.51  4.04
871.9  122745.50  4967.81  4.05
873.2  122703.90  4970.78  4.05
874.6  122227.70  4932.69  4.04
876.0  121764.20  4894.64  4.02
877.3  121686.85  4895.92  4.02
878.7  121568.70  4875.09  4.01
880.0  120756.00  4840.65  4.01
881.4  119916.75  4815.64  4.02
882.8  119958.90  4802.63  4.00
884.1  120235.00  4822.38  4.01
885.5  119492.10  4781.87  4.00
886.8  118582.75  4710.06  3.97
888.2  118008.10  4700.13  3.98
889.5  118118.00  4690.65  3.97
890.9  117862.40  4684.57  3.97
892.2  116575.00  4581.40  3.93
893.6  113776.10  4355.12  3.83
894.9  109645.20  4057.83  3.70
896.2  103411.50  3714.08  3.59
897.6  97170.00  3370.20  3.47
898.9  91566.50  3093.80  3.38
900.3  87738.95  2920.42  3.33
901.6  86339.40  2856.63  3.31
903.0  89233.60  3009.04  3.37
904.3  95043.10  3308.13  3.48
905.6  97566.95  3429.47  3.51
907.0  94682.25  3250.49  3.43
908.3  90030.85  2996.47  3.33
909.6  86564.40  2857.74  3.30
911.0  86328.40  2826.06  3.27
912.3  86145.50  2823.98  3.28
913.6  84691.65  2688.17  3.17
914.9  83562.00  2668.12  3.19
916.2  82835.10  2627.57  3.17
917.6  83048.40  2617.83  3.15
918.9  85747.15  2792.12  3.26
920.2  90035.40  3016.65  3.35
921.5  91884.80  3136.00  3.41
922.9  91584.00  3180.00  3.47
924.2  90314.00  3080.35  3.41
925.5  89666.50  3043.43  3.39
926.8  89029.60  2973.19  3.34
928.1  84025.05  2665.86  3.17
929.4  75814.05  2264.13  2.99
930.7  65724.80  1887.84  2.87
932.0  54605.70  1463.29  2.68
933.4  44517.80  1112.95  2.50
934.7  38424.15  932.63  2.43
936.0  36028.75  815.39  2.26
937.3  35044.10  770.20  2.20
938.6  39708.60  953.79  2.40
939.9  47160.00  1198.65  2.54
941.2  50148.00  1273.60  2.54
942.5  49851.90  1236.17  2.48
943.8  46753.75  1158.50  2.48
945.1  44615.40  1094.34  2.45
946.4  44022.20  1089.87  2.48
947.7  45115.20  1084.50  2.40
949.0  46347.00  1147.64  2.48
950.2  47541.00  1210.95  2.55
951.5  48320.10  1230.80  2.55
952.8  48162.40  1250.37  2.60
954.1  49444.50  1224.34  2.48
955.4  49337.00  1245.40  2.52
956.7  50616.80  1314.09  2.60
958.0  52900.80  1433.76  2.71
959.3  52846.50  1409.24  2.67
960.5  54762.60  1509.81  2.76
961.8  57266.00  1587.83  2.77
963.1  59371.20  1669.82  2.81
964.4  60923.95  1779.20  2.92
965.7  63083.25  1837.64  2.91
966.9  65920.70  1983.21  3.01
968.2  72282.05  2305.06  3.19
969.5  77612.80  2548.48  3.28
970.8  80240.00  2684.50  3.35
972.0  81222.75  2707.43  3.33
973.3  79180.20  2639.34  3.33
974.6  76365.90  2472.50  3.24
975.8  75289.90  2456.49  3.26
977.1  76120.20  2472.28  3.25
978.4  76983.40  2588.24  3.36
979.6  77814.75  2672.77  3.43
980.9  80127.00  2832.08  3.53
982.2  83160.50  2924.71  3.52
983.4  84877.40  3021.06  3.56
984.7  85854.60  3118.65  3.63
985.9  87709.05  3186.01  3.63
987.2  88879.20  3256.35  3.66
988.5  89222.10  3404.53  3.82
989.7  89678.40  3443.01  3.84
991.0  90864.60  3519.98  3.87
992.2  90423.00  3516.45  3.89
993.5  90820.80  3555.72  3.92
994.7  90253.75  3505.00  3.88
996.0  91458.30  3676.27  4.02
997.2  91109.70  3635.19  3.99
998.5  90744.00  3639.21  4.01
999.7  91212.90  3638.81  3.99
1001.0  90581.40  3483.90  3.85
1002.2  89553.20  3460.01  3.86
1003.4  88911.10  3515.09  3.95
1004.7  87271.80  3480.48  3.99
1005.9  86303.40  3431.34  3.98
1007.2  86017.05  3471.77  4.04
1008.4  86410.80  3600.45  4.17
1009.6  86125.20  3537.29  4.11
1010.9  86746.75  3520.90  4.06
1012.1  86576.75  3514.00  4.06
1013.3  85629.60  3618.87  4.23
1014.6  85814.40  3575.60  4.17
1015.8  85207.80  3593.10  4.22
1017.1  85747.30  3615.85  4.22
1018.3  85489.10  3648.93  4.27
1019.5  85592.70  3592.78  4.20
1020.8  84747.25  3593.71  4.24
1022.0  85094.10  3709.23  4.36
1023.2  85708.70  3673.23  4.29
1024.4  85211.25  3692.49  4.33
1025.7  84698.25  3712.80  4.38
1026.9  85622.40  3686.52  4.31
1028.1  84155.85  3780.92  4.49
1029.3  84976.20  3748.95  4.41
1030.6  84579.00  3716.35  4.39
1031.8  85809.75  3762.43  4.38
1033.0  85440.60  3661.74  4.29
1034.2  86443.50  3764.48  4.35
1035.4  86073.00  3801.56  4.42
1036.7  85509.40  3685.75  4.31
1037.9  84915.60  3639.24  4.29
1039.1  85665.25  3660.24  4.27
1040.3  85030.55  3609.79  4.25
1041.5  83948.55  3703.61  4.41
1042.7  84502.50  3718.11  4.40
1043.9  85090.95  3646.76  4.29
1045.2  85507.20  3562.80  4.17
1046.4  85948.90  3565.97  4.15
1047.6  86199.40  3654.11  4.24
1048.8  86463.00  3554.59  4.11
1050.0  84774.50  3745.85  4.42
1051.2  85005.90  3643.11  4.29
1052.4  85015.55  3732.39  4.39
1053.6  84786.00  3709.39  4.38
1054.8  84797.70  3696.31  4.36
1056.0  84812.20  3682.64  4.34
1057.2  84306.35  3645.68  4.32
1058.4  86110.10  3723.68  4.32
1059.7  83506.50  3459.56  4.14
1060.9  82934.50  3536.91  4.26
1062.1  82615.50  3630.08  4.39
1063.3  82281.60  3599.82  4.38
1064.5  81933.00  3435.90  4.19
1065.7  83977.45  3792.53  4.52
1066.9  83037.00  3736.67  4.50
1068.1  82375.95  3692.72  4.48
1069.3  84265.30  3486.84  4.14
1070.5  83263.60  3717.13  4.46
1071.7  82204.20  3653.52  4.44
1072.9  84215.70  3431.01  4.07
1074.1  83872.10  3709.73  4.42
1075.3  80913.60  3371.40  4.17
1076.5  82283.75  3455.92  4.20
