/*** Spectra Vista SIG Data ***/
name= 230505_1431_R930_T934.sig
instrument= HK: 9202056 (HR-512i)
integration= 10.0, 0.0, 0.0, 200.0, 0.0, 0.0
scan method= Time-based, Time-based
scan coadds= 500, 0, 0, 25, 0, 0
scan time= 5, 5
scan settings= AI, AI
external data set1= 0,0,0,0,0,0,0,0,0,0,0,0,0,0,0,0,0,0,0,0,0,0,0,0,0,0,0,0,0,0,0,0
external data set2= 0,0,0,0,0,0,0,0,0,0,0,0,0,0,0,0,0,0,0,0,0,0,0,0,0,0,0,0,0,0,0,0
external data dark= 0,0,0,0,0,0,0,0,0,0,0,0,0,0,0,0
external data mask= 0
optic= LENS 4(1), LENS 4(1)
temp= 25.1, 0.0, 0.0, 27.3, 0.0, 0.0
battery= 8.27, 8.22
error= 0, 0
units= Radiance, Radiance
time= 5/5/2023 2:29:13 PM, 5/5/2023 2:31:02 PM
longitude= 07745.5848W     , 07745.7448W     
latitude= 3411.3895N      , 3411.2764N      
gpstime= 153714.000      , 153904.000      
comm= 
memory slot= 930, 934
factors= 1.000, 1.000, 1.000 [Overlap: Preserve, Matching Type: None]
inclinometer x offset= 5, 7
inclinometer y offset= -14, 12
data= 
339.7  56113.20  3525.06  6.28
341.4  60656.20  3788.84  6.25
343.0  63251.00  3928.22  6.21
344.7  64901.25  4014.26  6.19
346.4  68588.80  4179.63  6.09
348.0  72054.50  4367.39  6.06
349.7  75956.40  4548.96  5.99
351.3  82203.10  4874.84  5.93
353.0  86771.30  5107.34  5.89
354.6  92891.40  5399.15  5.81
356.2  92492.40  5317.04  5.75
357.9  86673.00  4916.06  5.67
359.5  88170.40  4942.70  5.61
361.2  94660.20  5246.67  5.54
362.8  100040.85  5496.75  5.49
364.5  106788.00  5818.73  5.45
366.1  116811.90  6337.93  5.43
367.7  123373.80  6657.12  5.40
369.4  124840.10  6713.44  5.38
371.0  125989.50  6760.85  5.37
372.6  122813.25  6588.11  5.36
374.3  116983.50  6275.31  5.36
375.9  119662.95  6437.20  5.38
377.5  130891.80  7050.62  5.39
379.1  138454.25  7437.13  5.37
380.8  135340.80  7256.48  5.36
382.4  125235.00  6737.85  5.38
384.0  113495.85  6136.40  5.41
385.6  118850.40  6462.01  5.44
387.3  125892.00  6856.20  5.45
388.9  132512.60  7214.48  5.44
390.5  143427.35  7806.04  5.44
392.1  148268.25  8041.95  5.42
393.8  134080.00  7284.00  5.43
395.4  137126.85  7481.04  5.46
397.0  144549.60  7917.91  5.48
398.6  164712.90  9012.46  5.47
400.2  200717.20  10925.54  5.44
401.8  224164.50  12124.44  5.41
403.4  235743.20  12668.71  5.37
405.0  237060.00  12672.00  5.35
406.6  235562.25  12537.53  5.32
408.3  238182.00  12624.20  5.30
409.9  243236.80  12839.88  5.28
411.5  247416.75  13017.71  5.26
413.1  256450.00  13460.00  5.25
414.7  260433.60  13654.41  5.24
416.3  263296.00  13802.94  5.24
417.9  262740.00  13796.12  5.25
419.5  260755.35  13734.38  5.27
421.1  262963.20  13897.16  5.28
422.7  264176.00  14007.18  5.30
424.3  262496.20  13961.22  5.32
425.9  262139.35  13990.27  5.34
427.5  258211.50  13825.00  5.35
429.1  250175.85  13429.96  5.37
430.7  234962.25  12667.53  5.39
432.3  240492.85  13040.92  5.42
433.9  257665.10  14016.31  5.44
435.5  269546.20  14685.40  5.45
437.1  282910.00  15433.70  5.46
438.7  282483.20  15444.50  5.47
440.3  283950.45  15576.65  5.49
441.9  294180.75  16202.70  5.51
443.5  305908.20  16893.01  5.52
445.0  312557.50  17288.31  5.53
446.6  314313.45  17429.97  5.55
448.2  321646.90  17902.28  5.57
449.8  330324.15  18461.04  5.59
451.4  339015.70  19010.21  5.61
453.0  336697.90  18950.80  5.63
454.6  332524.35  18811.17  5.66
456.2  334400.15  19031.73  5.69
457.8  337862.60  19338.30  5.72
459.3  338045.40  19446.96  5.75
460.9  339600.80  19660.14  5.79
462.5  344066.40  20034.84  5.82
464.1  344025.60  20142.96  5.86
465.7  340802.40  20061.36  5.89
467.2  337654.50  19993.99  5.92
468.8  336500.70  20040.45  5.96
470.4  335218.50  20071.80  5.99
472.0  337245.30  20296.05  6.02
473.6  341074.25  20615.02  6.04
475.1  343570.00  20847.91  6.07
476.7  344000.50  20951.68  6.09
478.3  346726.05  21216.21  6.12
479.9  349335.45  21491.39  6.15
481.5  351344.80  21737.32  6.19
483.0  350478.20  21794.74  6.22
484.6  343219.20  21431.04  6.24
486.2  327059.95  20511.35  6.27
487.8  320052.60  20181.42  6.31
489.3  326887.50  20715.00  6.34
490.9  333684.00  21198.42  6.35
492.5  334376.90  21284.56  6.37
494.0  337296.50  21520.40  6.38
495.6  340312.00  21750.77  6.39
497.2  341063.55  21823.15  6.40
498.8  337193.95  21589.13  6.40
500.3  331836.10  21253.75  6.40
501.9  325854.50  20870.24  6.40
503.5  324851.80  20792.07  6.40
505.0  326496.50  20882.10  6.40
506.6  329025.60  21007.58  6.38
508.2  327564.00  20849.40  6.36
509.7  326848.50  20711.59  6.34
511.3  326416.30  20551.67  6.30
512.9  323013.15  20198.03  6.25
514.4  317108.50  19738.08  6.22
516.0  309540.00  19251.00  6.22
517.5  300022.65  18665.87  6.22
519.1  300673.10  18724.10  6.23
520.7  307538.00  19146.82  6.23
522.2  311130.50  19369.03  6.23
523.8  315284.60  19666.22  6.24
525.4  316573.05  19769.14  6.24
526.9  312631.00  19557.75  6.26
528.5  315670.80  19782.98  6.27
530.0  320851.35  20112.30  6.27
531.6  322624.00  20208.02  6.26
533.2  320741.10  20077.99  6.26
534.7  322672.00  20185.20  6.26
536.3  323008.20  20181.41  6.25
537.8  321541.85  20044.87  6.23
539.4  318642.00  19812.66  6.22
541.0  315854.40  19580.82  6.20
542.5  316213.20  19543.56  6.18
544.1  318577.70  19614.37  6.16
545.6  319652.25  19590.11  6.13
547.2  319272.40  19464.37  6.10
548.7  319536.00  19370.40  6.06
550.3  320149.95  19295.42  6.03
551.8  320553.45  19221.30  6.00
553.4  321578.40  19200.61  5.97
554.9  322986.40  19221.39  5.95
556.5  321667.20  19080.74  5.93
558.0  318806.50  18865.25  5.92
559.6  316361.50  18675.56  5.90
561.1  318229.50  18737.68  5.89
562.7  320253.20  18780.58  5.86
564.2  322536.75  18827.76  5.84
565.8  322007.00  18697.13  5.81
567.3  321859.30  18550.78  5.76
568.9  321325.80  18341.80  5.71
570.4  319659.75  18063.34  5.65
572.0  320415.00  17911.88  5.59
573.5  322861.35  17834.57  5.52
575.1  323547.20  17635.04  5.45
576.6  323025.50  17363.65  5.38
578.2  321855.65  17046.00  5.30
579.7  321827.20  16782.40  5.21
581.2  323719.90  16594.96  5.13
582.8  326639.70  16432.63  5.03
584.3  327406.00  16127.41  4.93
585.9  325750.80  15682.46  4.81
587.4  322056.00  15116.22  4.69
588.9  313777.75  14308.48  4.56
590.5  309021.60  13728.23  4.44
592.0  309947.70  13446.90  4.34
593.6  311467.00  13209.04  4.24
595.1  312049.10  12929.02  4.14
596.6  313005.60  12685.00  4.05
598.2  313514.50  12424.86  3.96
599.7  312961.45  12137.82  3.88
601.2  311928.40  11858.16  3.80
602.8  312008.80  11666.46  3.74
604.3  313407.00  11572.37  3.69
605.8  314614.20  11500.74  3.66
607.4  314381.25  11407.03  3.63
608.9  312624.50  11280.87  3.61
610.5  310792.90  11171.08  3.59
612.0  309145.20  11072.39  3.58
613.5  307014.50  10960.81  3.57
615.0  305067.70  10853.01  3.56
616.6  302604.80  10729.16  3.55
618.1  302929.20  10714.41  3.54
619.6  304570.00  10733.10  3.52
621.2  305447.20  10722.74  3.51
622.7  304204.80  10625.28  3.49
624.2  302169.60  10503.18  3.48
625.8  299642.35  10360.70  3.46
627.3  297946.75  10222.66  3.43
628.8  295952.65  10071.41  3.40
630.3  294711.15  9993.49  3.39
631.8  294149.70  9960.15  3.39
633.4  294993.60  9993.89  3.39
634.9  295888.40  10026.46  3.39
636.4  297099.75  10066.66  3.39
638.0  298738.80  10118.51  3.39
639.5  298620.00  10107.30  3.38
641.0  297847.55  10066.60  3.38
642.5  297362.80  10036.64  3.38
644.0  296958.00  9999.65  3.37
645.5  295739.00  9902.71  3.35
647.1  293646.00  9751.14  3.32
648.6  291364.30  9614.10  3.30
650.1  289970.25  9555.79  3.30
651.6  290511.85  9554.12  3.29
653.1  291174.15  9530.05  3.27
654.7  288596.00  9388.74  3.25
656.2  280041.60  9068.89  3.24
657.7  276544.80  8963.28  3.24
659.2  280524.40  9096.17  3.24
660.7  285497.25  9239.63  3.24
662.2  289802.50  9355.45  3.23
663.7  291765.90  9401.72  3.22
665.2  292394.80  9421.02  3.22
666.8  292562.65  9437.82  3.23
668.3  292422.00  9454.82  3.23
669.8  292084.65  9469.38  3.24
671.3  291212.10  9454.21  3.25
672.8  290766.00  9442.48  3.25
674.3  290218.40  9411.14  3.24
675.8  290122.50  9375.33  3.23
677.3  289737.00  9330.86  3.22
678.8  289313.20  9287.91  3.21
680.3  288591.40  9230.95  3.20
681.8  287662.55  9166.83  3.19
683.3  285689.25  9066.83  3.17
684.8  281696.80  8874.31  3.15
686.3  269374.00  8327.83  3.09
687.8  255091.20  7723.17  3.03
689.3  249582.90  7497.93  3.00
690.8  250111.20  7512.72  3.00
692.3  253739.20  7602.20  3.00
693.8  255997.20  7622.55  2.98
695.3  258034.40  7680.66  2.98
696.8  261330.00  7814.61  2.99
698.3  261856.00  7814.80  2.98
699.8  260115.95  7690.92  2.96
701.3  257838.70  7571.76  2.94
702.8  257948.80  7560.48  2.93
704.2  259585.00  7615.39  2.93
705.7  261246.40  7646.04  2.93
707.2  262118.80  7664.73  2.92
708.7  262514.40  7662.90  2.92
710.2  262813.65  7664.73  2.92
711.7  262257.00  7634.45  2.91
713.2  261192.80  7568.32  2.90
714.7  258619.20  7415.97  2.87
716.2  250331.40  7002.07  2.80
717.6  234576.00  6323.40  2.70
719.1  220106.20  5769.59  2.62
720.6  217436.80  5698.40  2.62
722.1  223068.50  5926.88  2.66
723.6  223066.60  5872.05  2.63
725.0  220533.30  5731.56  2.60
726.5  219539.40  5672.90  2.58
728.0  219019.95  5642.93  2.58
729.5  219230.80  5646.18  2.58
731.0  221612.80  5724.63  2.58
732.4  227317.20  5963.43  2.62
733.9  234246.95  6243.58  2.67
735.4  238439.85  6392.95  2.68
736.8  240483.00  6475.20  2.69
738.3  241386.15  6540.77  2.71
739.8  241741.50  6595.05  2.73
741.2  241836.30  6646.73  2.75
742.7  242827.20  6707.24  2.76
744.2  244490.40  6779.64  2.77
745.7  245295.00  6816.71  2.78
747.1  245844.60  6838.64  2.78
748.6  245532.30  6836.05  2.78
750.0  244358.85  6795.83  2.78
751.5  243239.10  6757.66  2.78
753.0  242630.10  6736.65  2.78
754.4  242358.00  6723.90  2.77
755.9  241437.50  6690.63  2.77
757.3  239022.55  6598.18  2.76
758.8  220483.60  5938.55  2.69
760.3  170989.50  4282.80  2.50
761.7  135824.00  3176.85  2.34
763.2  125070.00  2821.50  2.26
764.6  130003.20  2970.36  2.28
766.1  151670.40  3689.28  2.43
767.5  179056.15  4613.80  2.58
769.0  202006.50  5377.25  2.66
770.4  216891.00  5872.40  2.71
771.9  224910.00  6146.00  2.73
773.3  228805.50  6293.21  2.75
774.8  230087.00  6345.63  2.76
776.2  230781.60  6376.86  2.76
777.7  230715.10  6375.02  2.76
779.1  230140.00  6349.20  2.76
780.5  229646.80  6333.28  2.76
782.0  229142.85  6318.31  2.76
783.4  228172.80  6282.24  2.75
784.9  227331.60  6251.23  2.75
786.3  226392.40  6201.56  2.74
787.8  224538.20  6120.50  2.73
789.2  222126.80  6006.49  2.70
790.6  219565.80  5907.60  2.69
792.0  217579.60  5847.66  2.69
793.5  215645.40  5812.02  2.70
794.9  214875.00  5805.92  2.70
796.3  214706.30  5782.57  2.69
797.8  215097.50  5783.24  2.69
799.2  214978.60  5779.92  2.69
800.6  213886.00  5729.58  2.68
802.1  212712.30  5680.70  2.67
803.5  211714.80  5647.62  2.67
804.9  211351.40  5661.37  2.68
806.3  211628.75  5698.83  2.69
807.8  211516.15  5697.72  2.69
809.2  209880.85  5633.54  2.68
810.6  207863.25  5527.95  2.66
812.0  204617.55  5358.29  2.62
813.4  197943.75  5078.75  2.57
814.8  188331.15  4716.38  2.50
816.3  179108.55  4398.00  2.46
817.7  173290.00  4231.63  2.44
819.1  171838.80  4210.73  2.45
820.5  175675.50  4400.55  2.50
821.9  177081.15  4447.57  2.51
823.3  172222.05  4260.80  2.47
824.7  175763.70  4409.26  2.51
826.1  181227.20  4601.52  2.54
827.5  182489.25  4602.94  2.52
828.9  180949.50  4555.55  2.52
830.3  180950.00  4581.91  2.53
831.7  181311.30  4595.06  2.53
833.2  181879.35  4616.84  2.54
834.5  184141.30  4708.24  2.56
835.9  187346.90  4834.54  2.58
837.3  190354.75  4950.34  2.60
838.7  192241.25  5028.50  2.62
840.1  193741.60  5094.32  2.63
841.5  194545.20  5147.16  2.65
842.9  194781.45  5153.38  2.65
844.3  194350.00  5172.70  2.66
845.7  194806.00  5207.46  2.67
847.1  195045.30  5233.49  2.68
848.5  193908.75  5202.05  2.68
849.9  189953.70  5092.28  2.68
851.2  187898.70  5025.57  2.67
852.6  186796.80  5018.54  2.69
854.0  180237.20  4810.16  2.67
855.4  177209.20  4746.68  2.68
856.8  181636.05  4916.15  2.71
858.2  185543.10  5022.99  2.71
859.5  187359.00  5068.90  2.71
860.9  187814.40  5089.56  2.71
862.3  188221.40  5109.12  2.71
863.7  188243.05  5096.38  2.71
865.0  185385.00  5034.48  2.72
866.4  178208.80  4814.22  2.70
867.8  176568.15  4782.44  2.71
869.1  178887.60  4868.46  2.72
870.5  181020.60  4916.96  2.72
871.9  182475.20  4958.15  2.72
873.2  182392.40  4951.21  2.71
874.6  181459.60  4942.60  2.72
876.0  180941.20  4914.70  2.72
877.3  180803.50  4926.39  2.72
878.7  180604.60  4905.95  2.72
880.0  179468.40  4882.29  2.72
881.4  178294.50  4826.18  2.71
882.8  178230.75  4834.64  2.71
884.1  178622.50  4844.00  2.71
885.5  177925.05  4814.70  2.71
886.8  176433.40  4765.48  2.70
888.2  175890.40  4778.66  2.72
889.5  176041.25  4758.79  2.70
890.9  175642.60  4742.12  2.70
892.2  173696.75  4639.69  2.67
893.6  169956.00  4484.95  2.64
894.9  164228.40  4285.26  2.61
896.2  155602.75  3944.69  2.54
897.6  147108.00  3628.50  2.47
898.9  138971.50  3393.20  2.44
900.3  133504.80  3223.84  2.41
901.6  131686.80  3189.69  2.42
903.0  135925.60  3320.32  2.44
904.3  144139.95  3636.32  2.52
905.6  147546.75  3721.90  2.52
907.0  143507.00  3547.21  2.47
908.3  136551.35  3311.17  2.42
909.6  132343.65  3176.80  2.40
911.0  131882.80  3163.50  2.40
912.3  131785.50  3166.28  2.40
913.6  129783.45  3078.38  2.37
914.9  128421.60  3034.62  2.36
916.2  127667.00  2998.69  2.35
917.6  127581.60  3009.00  2.36
918.9  131519.65  3173.56  2.41
920.2  136754.80  3418.87  2.50
921.5  139238.40  3480.96  2.50
922.9  138966.00  3482.10  2.51
924.2  137406.30  3386.78  2.46
925.5  136790.50  3370.68  2.46
926.8  135537.60  3338.61  2.46
928.1  128568.45  3053.92  2.38
929.4  116637.00  2641.49  2.26
930.7  102083.20  2219.96  2.17
932.0  85656.00  1766.66  2.06
933.4  70425.70  1368.38  1.94
934.7  61180.20  1156.46  1.89
936.0  58404.50  1118.79  1.92
937.3  56994.80  1097.54  1.93
938.6  64623.80  1304.16  2.02
939.9  75456.00  1591.65  2.11
941.2  79600.00  1651.70  2.08
942.5  78628.20  1580.67  2.01
943.8  73647.50  1468.81  1.99
945.1  70711.20  1388.97  1.96
946.4  70093.60  1346.31  1.92
947.7  72010.80  1431.54  1.99
949.0  73272.40  1478.69  2.02
950.2  75348.00  1592.18  2.11
951.5  76582.80  1595.48  2.08
952.8  76411.50  1574.54  2.06
954.1  78169.40  1624.61  2.08
955.4  78077.00  1652.55  2.12
956.7  79818.80  1776.46  2.23
958.0  82564.80  1854.00  2.25
959.3  83044.50  1837.05  2.21
960.5  85982.40  1944.84  2.26
961.8  89543.20  2004.31  2.24
963.1  92767.50  2120.40  2.29
964.4  95968.70  2183.56  2.28
965.7  97641.90  2276.48  2.33
966.9  102791.60  2458.06  2.39
968.2  111553.40  2817.29  2.53
969.5  118156.80  2982.88  2.52
970.8  122130.00  3127.00  2.56
972.0  123338.25  3218.83  2.61
973.3  120304.80  3069.00  2.55
974.6  117052.65  2941.97  2.51
975.8  115487.05  2903.13  2.51
977.1  116457.40  2992.76  2.57
978.4  118793.35  3019.61  2.54
979.6  119767.05  3078.76  2.57
980.9  122262.75  3211.99  2.63
982.2  125445.50  3347.56  2.67
983.4  128035.40  3488.61  2.72
984.7  129882.60  3558.93  2.74
985.9  131188.75  3710.77  2.83
987.2  133318.80  3754.38  2.82
988.5  133833.15  3756.72  2.81
989.7  135318.30  3683.22  2.72
991.0  135887.60  3806.49  2.80
992.2  135634.50  3851.35  2.84
993.5  136231.20  3898.44  2.86
994.7  135818.75  3899.31  2.87
996.0  135394.15  3900.43  2.88
997.2  136204.40  3911.28  2.87
998.5  135170.75  3828.26  2.83
999.7  134878.65  3929.92  2.91
1001.0  134379.00  3832.29  2.85
1002.2  133312.15  3816.19  2.86
1003.4  132332.80  3825.25  2.89
1004.7  130907.70  3792.17  2.90
1005.9  128935.20  3795.27  2.94
1007.2  128507.40  3834.50  2.98
1008.4  128587.50  3857.63  3.00
1009.6  129187.80  3947.41  3.06
1010.9  128589.30  3980.15  3.10
1012.1  129355.85  3921.42  3.03
1013.3  129463.80  4026.63  3.11
1014.6  128721.60  4086.40  3.17
1015.8  128325.00  4003.74  3.12
1017.1  128104.40  4080.75  3.19
1018.3  127191.10  4065.95  3.20
1019.5  127860.70  4015.46  3.14
1020.8  127657.25  4022.81  3.15
1022.0  127641.15  4036.52  3.16
1023.2  126893.40  4062.82  3.20
1024.4  126112.65  4033.33  3.20
1025.7  127627.50  4118.89  3.23
1026.9  127244.40  4102.74  3.22
1028.1  126843.60  3963.86  3.13
1029.3  127464.30  4061.36  3.19
1030.6  126868.50  4100.80  3.23
1031.8  128054.55  4158.47  3.25
1033.0  126126.60  4136.41  3.28
1034.2  125482.50  4113.04  3.28
1035.4  126240.40  4088.47  3.24
1036.7  125315.50  4128.04  3.29
1037.9  125857.05  4018.33  3.19
1039.1  126161.55  4127.51  3.27
1040.3  126743.65  4171.31  3.29
1041.5  126745.85  4032.82  3.18
1042.7  126753.75  4225.13  3.33
1043.9  126768.15  4080.89  3.22
1045.2  126479.40  4186.29  3.31
1046.4  126180.30  4114.58  3.26
1047.6  125551.30  4028.89  3.21
1048.8  124891.00  4131.01  3.31
1050.0  126176.00  4140.15  3.28
1051.2  125484.90  4149.10  3.31
1052.4  126486.55  4250.78  3.36
1053.6  127179.00  4027.34  3.17
1054.8  126109.40  4022.46  3.19
1056.0  124986.40  4129.02  3.30
1057.2  125320.25  3987.46  3.18
1058.4  123346.90  4189.14  3.40
1059.7  124066.80  3936.74  3.17
1060.9  124401.75  4024.76  3.24
1062.1  122671.50  4255.95  3.47
1063.3  120851.10  4242.65  3.51
1064.5  121578.00  4096.65  3.37
1065.7  121902.75  4198.87  3.44
1066.9  121787.60  4151.85  3.41
1068.1  124984.20  4118.80  3.30
1069.3  124945.10  4067.98  3.26
1070.5  121921.70  4014.50  3.29
1071.7  121784.00  3805.75  3.13
1072.9  121644.90  4210.79  3.46
1074.1  122582.30  4193.61  3.42
1075.3  124741.80  4551.39  3.65
1076.5  121779.95  4278.76  3.51
