/*** Spectra Vista SIG Data ***/
name= 230503_1519_R874_T879.sig
instrument= HK: 9202056 (HR-512i)
integration= 10.0, 0.0, 0.0, 100.0, 0.0, 0.0
scan method= Time-based, Time-based
scan coadds= 500, 0, 0, 50, 0, 0
scan time= 5, 5
scan settings= AI, AI
external data set1= 0,0,0,0,0,0,0,0,0,0,0,0,0,0,0,0,0,0,0,0,0,0,0,0,0,0,0,0,0,0,0,0
external data set2= 0,0,0,0,0,0,0,0,0,0,0,0,0,0,0,0,0,0,0,0,0,0,0,0,0,0,0,0,0,0,0,0
external data dark= 0,0,0,0,0,0,0,0,0,0,0,0,0,0,0,0
external data mask= 0
optic= LENS 4(1), LENS 4(1)
temp= 22.5, 0.0, 0.0, 24.1, 0.0, 0.0
battery= 8.35, 8.32
error= 0, 0
units= Radiance, Radiance
time= 5/3/2023 3:17:24 PM, 5/3/2023 3:19:48 PM
longitude= 07756.4134W     , 07756.3812W     
latitude= 3402.4272N      , 3402.3744N      
gpstime= 162621.000      , 162841.000      
comm= 
memory slot= 874, 879
factors= 1.000, 1.000, 1.000 [Overlap: Preserve, Matching Type: None]
inclinometer x offset= 8, 7
inclinometer y offset= -13, 16
data= 
339.7  92622.75  41905.05  45.24
341.4  100282.60  45135.86  45.01
343.0  105029.95  46805.74  44.56
344.7  107527.75  47241.70  43.93
346.4  112834.70  49007.31  43.43
348.0  118522.30  50849.89  42.90
349.7  124534.80  52706.16  42.32
351.3  134638.30  56258.60  41.78
353.0  141989.40  58480.38  41.19
354.6  151826.70  61550.31  40.54
356.2  152205.90  60818.84  39.96
357.9  142409.25  55773.83  39.16
359.5  143184.80  54633.72  38.16
361.2  154098.00  57762.29  37.48
362.8  162215.20  59841.29  36.89
364.5  172802.40  62859.30  36.38
366.1  188136.30  67479.19  35.87
367.7  199472.40  70611.30  35.40
369.4  201462.80  70273.28  34.88
371.0  203239.40  69832.49  34.36
372.6  198408.75  67188.15  33.86
374.3  188434.50  62753.13  33.30
375.9  190931.95  62371.87  32.67
377.5  208032.50  66975.22  32.19
379.1  221089.00  70376.35  31.83
380.8  216417.60  68032.16  31.44
382.4  201307.50  62462.25  31.03
384.0  180730.35  55122.26  30.50
385.6  187403.00  56152.93  29.96
387.3  198619.20  58808.88  29.61
388.9  208298.30  60907.25  29.24
390.5  224682.70  64874.76  28.87
392.1  233766.00  66841.43  28.59
393.8  211840.00  59936.00  28.29
395.4  213087.00  59043.50  27.71
397.0  225418.05  61631.90  27.34
398.6  252517.60  67839.50  26.87
400.2  308085.40  81823.60  26.56
401.8  344729.00  90675.90  26.30
403.4  362710.60  94328.43  26.01
405.0  364080.00  93456.00  25.67
406.6  360533.25  91181.48  25.29
408.3  362281.50  90180.83  24.89
409.9  369036.00  90503.60  24.52
411.5  373479.75  90298.58  24.18
413.1  386000.00  92005.00  23.84
414.7  391326.60  92098.44  23.53
416.3  394663.50  91686.10  23.23
417.9  393385.20  90269.31  22.95
419.5  389484.90  88256.00  22.66
421.1  391705.60  87611.60  22.37
422.7  393630.60  86994.16  22.10
424.3  390390.50  85243.78  21.84
425.9  389575.45  84005.85  21.56
427.5  383703.00  81745.25  21.30
429.1  372167.25  78301.19  21.04
430.7  349494.30  72705.30  20.80
432.3  354047.20  72458.49  20.47
433.9  380012.15  76734.91  20.19
435.5  397013.70  79220.10  19.95
437.1  417126.00  82190.20  19.70
438.7  417484.60  81392.76  19.50
440.3  418162.15  80473.61  19.24
441.9  432416.25  82073.03  18.98
443.5  449826.55  84263.18  18.73
445.0  460040.00  85075.63  18.49
446.6  462234.85  84410.48  18.26
448.2  471924.55  85019.61  18.02
449.8  484324.75  86171.35  17.79
451.4  496938.05  87342.69  17.58
453.0  494447.25  85961.15  17.39
454.6  487226.25  83710.11  17.18
456.2  489121.40  83003.40  16.97
457.8  494061.20  82855.82  16.77
459.3  494182.05  81970.73  16.59
460.9  495644.60  81273.83  16.40
462.5  501880.80  81359.28  16.21
464.1  502084.80  80526.96  16.04
465.7  497107.20  78866.40  15.87
467.2  492178.50  77217.18  15.69
468.8  489954.45  75962.66  15.50
470.4  488025.00  74791.35  15.33
472.0  490091.10  74191.55  15.14
473.6  495611.60  74120.92  14.96
475.1  499175.25  73731.72  14.77
476.7  499862.70  72905.08  14.59
478.3  503303.10  72516.99  14.41
479.9  506835.90  72294.39  14.26
481.5  509356.60  72011.68  14.14
483.0  508092.90  71201.03  14.01
484.6  497971.20  69150.72  13.89
486.2  474891.20  65366.21  13.76
487.8  462483.00  62918.10  13.60
489.3  471562.50  63390.00  13.44
490.9  481665.60  64069.56  13.30
492.5  482771.85  63595.73  13.17
494.0  486289.50  63385.90  13.03
495.6  490676.55  63292.99  12.90
497.2  491863.05  62811.74  12.77
498.8  486370.55  61487.90  12.64
500.3  478651.80  59881.79  12.51
501.9  469704.50  58129.10  12.38
503.5  468028.60  57233.54  12.23
505.0  470168.30  56851.75  12.09
506.6  473894.10  56735.24  11.97
508.2  471711.60  55983.96  11.87
509.7  470208.15  55308.65  11.76
511.3  469306.25  54729.79  11.66
512.9  464508.00  53716.50  11.56
514.4  455792.00  52240.40  11.46
516.0  445530.00  50622.00  11.36
517.5  431386.20  48595.77  11.27
519.1  430693.90  48021.55  11.15
520.7  439947.20  48571.60  11.04
522.2  444995.00  48705.45  10.95
523.8  450930.30  48909.38  10.85
525.4  453585.70  48780.18  10.75
526.9  447879.80  47761.93  10.66
528.5  451562.10  47669.07  10.56
530.0  459288.15  48023.13  10.46
531.6  462380.40  47927.84  10.37
533.2  459661.35  47246.96  10.28
534.7  462056.00  47070.80  10.19
536.3  462870.00  46751.26  10.10
537.8  460731.95  46147.85  10.02
539.4  456862.80  45377.16  9.93
541.0  452667.60  44543.64  9.84
542.5  453054.00  44157.24  9.75
544.1  456440.60  44081.78  9.66
545.6  458180.25  43867.20  9.57
547.2  457798.30  43462.71  9.49
548.7  457968.00  43111.60  9.41
550.3  458845.00  42827.41  9.33
551.8  459411.75  42522.17  9.26
553.4  460860.40  42282.24  9.17
554.9  462891.30  42087.07  9.09
556.5  461155.60  41577.88  9.02
558.0  457102.50  40860.45  8.94
559.6  453330.50  40150.60  8.86
561.1  455828.45  39981.53  8.77
562.7  458861.65  39867.76  8.69
564.2  462472.35  39802.67  8.61
565.8  462082.40  39385.02  8.52
567.3  461969.05  38957.12  8.43
568.9  461737.60  38502.13  8.34
570.4  459508.95  37899.63  8.25
572.0  460143.00  37539.60  8.16
573.5  463692.60  37426.10  8.07
575.1  464694.40  37139.68  7.99
576.6  463661.00  36712.85  7.92
578.2  461742.25  36249.76  7.85
579.7  461022.40  35927.91  7.79
581.2  463110.10  35861.41  7.74
582.8  466875.25  35941.06  7.70
584.3  467868.00  35807.65  7.65
585.9  465578.40  35390.25  7.60
587.4  461084.40  34723.08  7.53
588.9  450902.00  33558.93  7.44
590.5  444400.60  32649.84  7.35
592.0  446055.75  32413.05  7.27
593.6  448323.20  32282.38  7.20
595.1  449028.80  32074.46  7.14
596.6  449814.40  31919.76  7.10
598.2  449908.25  31744.13  7.06
599.7  448254.45  31460.88  7.02
601.2  445975.60  31132.75  6.98
602.8  445197.20  30887.16  6.94
604.3  446775.50  30777.07  6.89
605.8  448300.80  30661.40  6.84
607.4  447897.60  30410.24  6.79
608.9  445297.50  30009.02  6.74
610.5  442531.65  29601.61  6.69
612.0  440116.95  29217.63  6.64
613.5  437017.00  28790.53  6.59
615.0  434157.85  28383.36  6.54
616.6  430482.40  27929.28  6.49
618.1  430617.60  27711.18  6.44
619.6  432896.00  27629.80  6.38
621.2  434257.60  27500.18  6.33
622.7  432652.80  27183.36  6.28
624.2  429840.90  26792.01  6.23
625.8  426346.70  26349.68  6.18
627.3  424331.75  25944.25  6.11
628.8  421879.85  25509.75  6.05
630.3  420114.20  25192.47  6.00
631.8  419039.40  24981.97  5.96
633.4  419901.90  24932.82  5.94
634.9  420885.65  24913.25  5.92
636.4  422183.50  24905.11  5.90
638.0  424172.40  24940.77  5.88
639.5  423990.00  24855.60  5.86
641.0  422653.00  24702.76  5.84
642.5  421833.30  24565.31  5.82
644.0  421271.00  24419.70  5.80
645.5  419966.70  24196.04  5.76
647.1  417949.60  23901.52  5.72
648.6  415557.40  23622.59  5.68
650.1  413649.00  23430.38  5.66
651.6  414124.35  23427.94  5.66
653.1  414772.35  23467.08  5.66
654.7  411343.00  23251.66  5.65
656.2  399313.35  22522.84  5.64
657.7  393034.40  22089.60  5.62
659.2  397868.25  22296.76  5.60
660.7  404394.75  22576.20  5.58
662.2  410293.00  22760.92  5.55
663.7  412939.35  22776.35  5.52
665.2  413511.70  22674.72  5.48
666.8  413564.10  22539.39  5.45
668.3  413205.00  22376.64  5.42
669.8  412697.45  22228.20  5.39
671.3  411507.10  22050.81  5.36
672.8  410731.70  21851.96  5.32
674.3  410028.30  21621.67  5.27
675.8  409807.50  21417.05  5.23
677.3  409311.00  21226.94  5.19
678.8  408740.20  21036.73  5.15
680.3  407730.80  20831.09  5.11
681.8  406469.35  20616.79  5.07
683.3  403859.50  20315.68  5.03
684.8  398711.80  19868.34  4.98
686.3  383302.40  18829.08  4.91
687.8  363636.00  17477.46  4.81
689.3  355746.30  16781.73  4.72
690.8  356316.00  16598.64  4.66
692.3  362143.95  16740.36  4.62
693.8  366840.20  16810.26  4.58
695.3  370058.00  16842.67  4.55
696.8  373954.80  16978.02  4.54
698.3  374640.00  16951.20  4.52
699.8  372790.35  16745.90  4.49
701.3  369652.60  16504.30  4.46
702.8  369124.30  16408.53  4.45
704.2  370628.20  16446.66  4.44
705.7  372412.80  16498.08  4.43
707.2  373027.55  16505.36  4.42
708.7  372892.20  16484.58  4.42
710.2  372813.75  16462.60  4.42
711.7  371771.50  16397.75  4.41
713.2  370054.40  16267.60  4.40
714.7  367146.90  16056.30  4.37
716.2  358738.40  15499.78  4.32
717.6  341766.00  14418.00  4.22
719.1  324278.60  13360.30  4.12
720.6  319654.40  13050.56  4.08
722.1  325528.50  13374.30  4.11
723.6  326176.10  13385.09  4.10
725.0  323415.90  13159.53  4.07
726.5  322317.75  13041.35  4.05
728.0  321583.50  12968.51  4.03
729.5  321201.20  12932.56  4.03
731.0  323594.90  13029.81  4.03
732.4  329250.90  13346.19  4.05
733.9  336409.50  13777.58  4.10
735.4  340749.75  14049.20  4.12
736.8  342456.00  14164.50  4.14
738.3  342666.25  14211.33  4.15
739.8  342053.25  14194.95  4.15
741.2  341043.75  14181.62  4.16
742.7  341348.00  14197.04  4.16
744.2  342980.40  14253.12  4.16
745.7  343709.25  14261.48  4.15
747.1  344170.50  14244.42  4.14
748.6  343636.95  14183.37  4.13
750.0  341884.05  14058.67  4.11
751.5  340082.60  13918.58  4.09
753.0  339140.50  13836.44  4.08
754.4  338644.00  13751.60  4.06
755.9  337437.50  13637.50  4.04
757.3  334480.25  13442.26  4.02
758.8  313030.70  12437.21  3.97
760.3  248454.00  9526.65  3.83
761.7  197728.40  7091.58  3.59
763.2  182622.00  6190.80  3.39
764.6  187945.20  6227.10  3.31
766.1  215913.60  7365.12  3.41
767.5  252198.45  8990.13  3.56
769.0  283042.00  10418.85  3.68
770.4  303107.25  11384.70  3.76
771.9  313880.00  11914.00  3.80
773.3  319082.50  12161.93  3.81
774.8  320677.50  12219.35  3.81
776.2  321445.80  12211.47  3.80
777.7  321274.80  12172.16  3.79
779.1  320346.00  12091.60  3.77
780.5  319586.80  12014.49  3.76
782.0  318949.25  11946.38  3.75
783.4  317644.80  11834.88  3.73
784.9  316490.40  11732.24  3.71
786.3  315515.20  11630.88  3.69
787.8  313650.80  11474.45  3.66
789.2  311090.85  11292.53  3.63
790.6  308179.80  11093.16  3.60
792.0  305461.10  10945.62  3.58
793.5  302445.00  10820.34  3.58
794.9  300910.95  10726.56  3.56
796.3  300833.40  10665.44  3.55
797.8  301491.30  10626.26  3.52
799.2  301384.50  10568.73  3.51
800.6  299990.00  10479.04  3.49
802.1  298690.50  10375.08  3.47
803.5  297422.40  10283.02  3.46
804.9  296392.20  10216.44  3.45
806.3  296182.50  10195.33  3.44
807.8  295764.95  10153.57  3.43
809.2  293752.35  10044.37  3.42
810.6  291604.50  9884.55  3.39
812.0  288699.80  9682.52  3.35
813.4  282306.25  9307.50  3.30
814.8  272069.90  8795.27  3.23
816.3  261241.20  8290.23  3.17
817.7  253562.40  7937.80  3.13
819.1  250484.60  7819.12  3.12
820.5  253638.00  7957.95  3.14
821.9  255705.65  8050.21  3.15
823.3  249918.90  7781.62  3.11
824.7  253153.10  7872.37  3.11
826.1  259705.60  8118.88  3.13
827.5  261396.75  8191.35  3.13
828.9  259590.00  8080.38  3.11
830.3  259275.50  8039.35  3.10
831.7  259315.80  8023.32  3.09
833.2  259314.45  8022.92  3.09
834.5  261283.40  8106.00  3.10
835.9  264699.50  8242.72  3.11
837.3  267917.00  8355.00  3.12
838.7  269928.75  8432.63  3.12
840.1  271410.20  8483.36  3.13
841.5  272043.40  8505.90  3.13
842.9  271750.35  8493.12  3.13
844.3  270894.00  8461.70  3.12
845.7  270909.20  8474.44  3.13
847.1  270973.10  8438.13  3.11
848.5  269447.50  8363.78  3.10
849.9  264166.70  8163.43  3.09
851.2  260881.50  8034.51  3.08
852.6  259764.30  8010.21  3.08
854.0  250950.70  7729.15  3.08
855.4  245494.70  7511.41  3.06
856.8  251457.15  7673.58  3.05
858.2  256958.40  7807.85  3.04
859.5  259673.00  7888.80  3.04
860.9  260172.00  7884.00  3.03
862.3  260600.60  7876.56  3.02
863.7  260740.85  7859.91  3.01
865.0  257358.00  7724.38  3.00
866.4  247246.30  7419.23  3.00
867.8  244249.50  7290.20  2.98
869.1  247197.00  7359.30  2.98
870.5  250335.45  7427.96  2.97
871.9  252256.50  7461.38  2.96
873.2  252453.00  7436.60  2.95
874.6  251388.90  7369.32  2.93
876.0  250549.40  7321.90  2.92
877.3  250280.80  7333.72  2.93
878.7  250131.20  7322.92  2.93
880.0  248382.60  7245.36  2.92
881.4  246788.25  7144.43  2.89
882.8  246961.65  7129.23  2.89
884.1  247173.75  7093.00  2.87
885.5  246643.95  7046.97  2.86
886.8  244701.60  6959.81  2.84
888.2  244092.80  6932.42  2.84
889.5  243959.10  6928.08  2.84
890.9  244012.00  6929.02  2.84
892.2  242009.70  6831.30  2.82
893.6  238410.50  6656.61  2.79
894.9  232457.40  6415.92  2.76
896.2  223330.00  6020.20  2.70
897.6  213528.00  5682.60  2.66
898.9  203592.00  5314.35  2.61
900.3  196211.60  5057.00  2.58
901.6  193431.00  4970.28  2.57
903.0  197403.40  5084.24  2.58
904.3  207151.95  5382.28  2.60
905.6  211882.45  5556.27  2.62
907.0  207977.25  5421.98  2.61
908.3  199764.50  5144.62  2.58
909.6  194492.45  4938.61  2.54
911.0  193465.60  4892.88  2.53
912.3  193970.00  4877.78  2.51
913.6  191929.20  4740.42  2.47
914.9  190286.80  4691.20  2.47
916.2  189125.30  4631.64  2.45
917.6  189266.10  4663.95  2.46
918.9  192549.65  4790.86  2.49
920.2  198325.40  5012.28  2.53
921.5  200390.40  5111.68  2.55
922.9  199704.00  5088.00  2.55
924.2  198045.70  4999.53  2.52
925.5  197004.50  4974.20  2.52
926.8  196662.40  4883.34  2.48
928.1  190321.80  4623.07  2.43
929.4  177356.85  4185.21  2.36
930.7  159767.20  3635.84  2.28
932.0  138477.20  3140.72  2.27
933.4  117497.80  2590.79  2.20
934.7  103707.90  2275.61  2.19
936.0  98984.25  2161.73  2.18
937.3  97430.30  2079.54  2.13
938.6  105500.30  2180.08  2.07
939.9  121044.00  2593.80  2.14
941.2  128156.00  2786.00  2.17
942.5  126858.90  2796.57  2.20
943.8  119987.50  2606.63  2.17
945.1  115326.60  2441.22  2.12
946.4  114543.20  2393.44  2.09
947.7  117126.00  2472.66  2.11
949.0  119619.40  2471.84  2.07
950.2  121095.00  2601.30  2.15
951.5  123535.35  2598.35  2.10
952.8  123184.60  2639.67  2.14
954.1  125259.40  2731.22  2.18
955.4  124540.00  2634.50  2.12
956.7  126542.00  2725.52  2.15
958.0  130521.60  2818.08  2.16
959.3  130858.00  2919.14  2.23
960.5  134603.40  2917.26  2.17
961.8  139000.20  3071.54  2.21
963.1  142596.90  3127.59  2.19
964.4  146109.65  3180.99  2.18
965.7  148657.05  3236.45  2.18
966.9  153628.75  3407.77  2.22
968.2  163346.05  3813.31  2.33
969.5  170864.00  4054.40  2.37
970.8  175820.00  4189.00  2.38
972.0  177486.75  4211.55  2.37
973.3  174319.20  4112.46  2.36
974.6  170258.40  3943.49  2.32
975.8  167807.15  3828.30  2.28
977.1  169156.00  3968.66  2.35
978.4  170558.05  3981.90  2.33
979.6  171869.10  4059.90  2.36
980.9  174759.75  4144.50  2.37
982.2  178301.75  4228.50  2.37
983.4  180544.30  4387.73  2.43
984.7  182716.20  4402.80  2.41
985.9  184413.90  4497.90  2.44
987.2  186186.60  4520.58  2.43
988.5  186270.70  4617.64  2.48
989.7  187363.80  4563.99  2.44
991.0  187459.40  4584.16  2.45
992.2  187544.00  4604.88  2.46
993.5  187639.20  4626.72  2.47
994.7  187517.50  4644.13  2.48
996.0  187399.85  4662.58  2.49
997.2  187741.20  4601.50  2.45
998.5  187159.50  4631.73  2.47
999.7  186307.20  4560.65  2.45
1001.0  186139.80  4578.84  2.46
1002.2  184194.65  4579.43  2.49
1003.4  182991.45  4652.33  2.54
1004.7  179738.35  4571.38  2.54
1005.9  176766.00  4367.16  2.47
1007.2  177215.85  4456.31  2.51
1008.4  176936.40  4423.41  2.50
1009.6  177376.90  4408.79  2.49
1010.9  177575.70  4388.37  2.47
1012.1  176209.15  4379.77  2.49
1013.3  176356.20  4383.42  2.49
1014.6  175715.20  4392.88  2.50
1015.8  175548.60  4311.72  2.46
1017.1  174593.90  4235.71  2.43
1018.3  175148.40  4378.71  2.50
1019.5  175412.20  4226.80  2.41
1020.8  174858.25  4183.73  2.39
1022.0  173461.05  4254.71  2.45
1023.2  173643.60  4341.09  2.50
1024.4  173830.95  4317.37  2.48
1025.7  174037.50  4292.93  2.47
1026.9  174812.40  4400.04  2.52
1028.1  174409.95  4268.78  2.45
1029.3  174951.00  4248.81  2.43
1030.6  174284.00  4357.10  2.50
1031.8  174259.80  4356.50  2.50
1033.0  173593.60  4611.08  2.66
1034.2  174281.25  4322.18  2.48
1035.4  173580.55  4303.65  2.48
1036.7  173967.40  4422.90  2.54
1037.9  174380.25  4245.78  2.43
1039.1  172888.05  4361.14  2.52
1040.3  174874.15  4171.31  2.39
1041.5  174481.30  4279.73  2.45
1042.7  174075.15  4394.13  2.52
1043.9  175391.55  4341.38  2.48
1045.2  174577.20  4275.36  2.45
1046.4  173726.50  4388.88  2.53
1047.6  174272.70  4497.36  2.58
1048.8  172926.00  4611.36  2.67
1050.0  173492.00  4534.45  2.61
1051.2  174059.70  4452.69  2.56
1052.4  174178.20  4561.81  2.62
1053.6  173811.30  4239.30  2.44
1054.8  173944.00  4348.60  2.50
1056.0  174088.20  4463.80  2.56
1057.2  173169.80  4557.10  2.63
1058.4  172220.20  4421.87  2.57
1059.7  171784.80  4533.21  2.64
1060.9  170747.50  4634.58  2.71
1062.1  170238.00  4255.95  2.50
1063.3  169705.80  4371.21  2.58
1064.5  171795.00  4493.10  2.62
1065.7  170663.85  4605.22  2.70
1066.9  171609.80  4705.43  2.74
1068.1  170433.00  4544.88  2.67
1069.3  168530.60  4649.12  2.76
1070.5  166527.20  4163.18  2.50
1071.7  170497.60  4262.44  2.50
1072.9  168431.40  4366.74  2.59
1074.1  167744.20  4838.78  2.88
1075.3  168570.00  4719.96  2.80
1076.5  167858.85  4607.89  2.75
