/*** Spectra Vista SIG Data ***/
name= 230505_1719_R963_T966.sig
instrument= HK: 9202056 (HR-512i)
integration= 20.0, 0.0, 0.0, 200.0, 0.0, 0.0
scan method= Time-based, Time-based
scan coadds= 250, 0, 0, 25, 0, 0
scan time= 5, 5
scan settings= AI, AI
external data set1= 0,0,0,0,0,0,0,0,0,0,0,0,0,0,0,0,0,0,0,0,0,0,0,0,0,0,0,0,0,0,0,0
external data set2= 0,0,0,0,0,0,0,0,0,0,0,0,0,0,0,0,0,0,0,0,0,0,0,0,0,0,0,0,0,0,0,0
external data dark= 0,0,0,0,0,0,0,0,0,0,0,0,0,0,0,0
external data mask= 0
optic= LENS 4(1), LENS 4(1)
temp= 27.7, 0.0, 0.0, 27.7, 0.0, 0.0
battery= 8.25, 8.24
error= 0, 0
units= Radiance, Radiance
time= 5/5/2023 5:17:42 PM, 5/5/2023 5:19:07 PM
longitude= 07749.1536W     , 07749.3718W     
latitude= 3411.4076N      , 3411.4888N      
gpstime= 182541.000      , 182705.000      
comm= 
memory slot= 963, 966
factors= 1.000, 1.000, 1.000 [Overlap: Preserve, Matching Type: None]
inclinometer x offset= 3, 2
inclinometer y offset= -14, 18
data= 
339.7  33272.25  4415.32  13.27
341.4  35976.60  4718.67  13.12
343.0  37700.93  4901.95  13.00
344.7  38540.13  4991.79  12.95
346.4  40265.30  5213.06  12.95
348.0  42203.35  5426.15  12.86
349.7  44155.80  5658.12  12.81
351.3  47655.95  6062.82  12.72
353.0  50204.35  6337.38  12.62
354.6  53471.10  6693.65  12.52
356.2  53932.73  6574.84  12.19
357.9  50851.50  6080.89  11.96
359.5  50470.80  6066.32  12.02
361.2  53934.30  6445.21  11.95
362.8  56860.83  6724.36  11.83
364.5  60553.65  7129.31  11.77
366.1  65744.60  7726.81  11.75
367.7  69767.10  8110.35  11.62
369.4  70834.23  8151.61  11.51
371.0  71453.20  8198.19  11.47
372.6  70061.25  7977.56  11.39
374.3  66839.38  7582.91  11.34
375.9  67130.80  7730.39  11.52
377.5  72530.25  8433.75  11.63
379.1  77271.70  8892.81  11.51
380.8  76395.20  8666.28  11.34
382.4  71622.00  8021.25  11.20
384.0  64675.58  7270.36  11.24
385.6  66270.75  7607.79  11.48
387.3  70293.60  8054.28  11.46
388.9  74212.45  8446.11  11.38
390.5  80219.15  9109.93  11.36
392.1  84124.13  9394.76  11.17
393.8  77800.00  8488.00  10.91
395.4  78297.98  8649.95  11.05
397.0  82998.50  9115.15  10.98
398.6  93745.05  10295.44  10.98
400.2  114512.60  12479.11  10.90
401.8  129726.63  13850.03  10.68
403.4  138181.40  14456.72  10.46
405.0  140130.00  14442.00  10.31
406.6  139812.75  14244.04  10.19
408.3  141295.35  14274.23  10.10
409.9  144452.00  14472.00  10.02
411.5  146995.88  14611.61  9.94
413.1  152250.00  15060.00  9.89
414.7  154849.80  15233.82  9.84
416.3  156589.13  15355.04  9.81
417.9  156330.30  15306.87  9.79
419.5  155033.63  15180.33  9.79
421.1  155920.40  15303.14  9.81
422.7  156708.20  15380.31  9.81
424.3  155685.85  15284.33  9.82
425.9  155360.43  15271.05  9.83
427.5  153121.75  15051.48  9.83
429.1  148613.73  14586.78  9.82
430.7  139955.78  13714.16  9.80
432.3  141396.45  14018.84  9.91
433.9  151054.93  15021.56  9.94
435.5  158135.80  15691.82  9.92
437.1  166041.00  16459.70  9.91
438.7  166582.90  16443.31  9.87
440.3  166963.48  16515.14  9.89
441.9  172297.13  17109.23  9.93
443.5  179061.65  17779.28  9.93
445.0  183248.75  18144.69  9.90
446.6  184335.53  18236.35  9.89
448.2  188014.30  18663.71  9.93
449.8  192857.60  19194.57  9.95
451.4  197892.33  19725.31  9.97
453.0  197176.65  19629.34  9.96
454.6  194487.00  19422.47  9.99
456.2  194989.23  19581.85  10.04
457.8  196809.43  19839.09  10.08
459.3  196989.90  19896.14  10.10
460.9  197537.45  20036.61  10.14
462.5  199858.80  20355.12  10.18
464.1  199940.40  20408.16  10.21
465.7  198104.40  20275.56  10.23
467.2  196089.00  20148.84  10.28
468.8  195079.35  20127.85  10.32
470.4  194238.00  20098.13  10.35
472.0  194951.03  20247.63  10.39
473.6  196915.68  20506.61  10.41
475.1  198211.93  20670.13  10.43
476.7  198400.75  20715.46  10.44
478.3  199695.90  20922.31  10.48
479.9  201093.98  21162.53  10.52
481.5  202241.10  21383.33  10.57
483.0  201907.60  21427.56  10.61
484.6  198086.40  21066.24  10.63
486.2  189224.00  20152.74  10.65
487.8  184180.50  19773.18  10.74
489.3  187237.50  20251.88  10.82
490.9  191170.80  20727.84  10.84
492.5  191896.38  20829.46  10.85
494.0  193267.50  21067.80  10.90
495.6  194886.30  21319.97  10.94
497.2  195397.65  21432.78  10.97
498.8  193342.58  21262.24  11.00
500.3  190277.45  20986.56  11.03
501.9  186696.75  20656.18  11.06
503.5  185680.30  20614.62  11.10
505.0  186293.10  20760.38  11.14
506.6  187704.90  20994.44  11.18
508.2  187045.20  20979.00  11.22
509.7  186540.08  21018.31  11.27
511.3  186318.53  21070.67  11.31
512.9  184623.30  20927.70  11.34
514.4  181337.75  20624.10  11.37
516.0  177090.00  20235.00  11.43
517.5  171568.58  19689.46  11.48
519.1  171171.65  19791.82  11.56
520.7  174867.00  20297.20  11.61
522.2  177174.50  20595.13  11.62
523.8  179563.78  20946.35  11.67
525.4  180568.50  21112.28  11.69
526.9  178480.95  20924.60  11.72
528.5  179707.13  21200.09  11.80
530.0  182643.75  21625.02  11.84
531.6  183961.00  21812.62  11.86
533.2  183031.30  21752.91  11.88
534.7  183904.00  21953.40  11.94
536.3  184188.90  22048.18  11.97
537.8  183430.10  22001.11  11.99
539.4  181897.80  21849.54  12.01
541.0  180214.20  21690.84  12.04
542.5  180186.60  21748.80  12.07
544.1  181462.70  21949.48  12.10
545.6  182137.13  22062.64  12.11
547.2  182027.60  22076.70  12.13
548.7  182126.00  22134.00  12.15
550.3  182454.23  22215.98  12.18
551.8  182687.40  22283.10  12.20
553.4  183240.20  22399.52  12.22
554.9  184020.75  22542.00  12.25
556.5  183434.40  22491.30  12.26
558.0  181852.75  22331.50  12.28
559.6  180270.13  22186.06  12.31
561.1  181021.20  22336.17  12.34
562.7  182069.65  22490.87  12.35
564.2  183279.85  22648.53  12.36
565.8  183077.70  22601.72  12.35
567.3  182897.48  22546.51  12.33
568.9  182557.25  22426.45  12.28
570.4  181564.88  22230.25  12.24
572.0  181717.13  22204.58  12.22
573.5  182943.60  22290.92  12.18
575.1  183372.80  22254.32  12.14
576.6  183045.75  22133.85  12.09
578.2  182382.83  21982.18  12.05
579.7  182230.95  21915.84  12.03
581.2  183194.55  21987.70  12.00
582.8  184878.83  22115.64  11.96
584.3  185451.75  22053.55  11.89
585.9  184639.20  21783.06  11.80
587.4  182525.40  21291.66  11.67
588.9  177898.00  20417.99  11.48
590.5  174602.50  19785.53  11.33
592.0  174675.90  19593.34  11.22
593.6  175489.60  19470.49  11.09
595.1  175904.85  19276.73  10.96
596.6  176489.20  19117.80  10.83
598.2  176964.38  18916.16  10.69
599.7  176844.78  18625.57  10.53
601.2  176378.83  18309.53  10.38
602.8  176431.85  18083.46  10.25
604.3  177202.40  17975.13  10.14
605.8  177977.30  17895.47  10.05
607.4  177930.68  17771.20  9.99
608.9  176982.85  17584.67  9.94
610.5  175921.90  17415.31  9.90
612.0  174968.63  17263.45  9.87
613.5  173771.25  17088.44  9.83
615.0  172663.23  16919.91  9.80
616.6  171249.20  16724.48  9.77
618.1  171234.00  16683.03  9.74
619.6  172083.00  16710.50  9.71
621.2  172664.00  16695.31  9.67
622.7  172089.60  16558.08  9.62
624.2  170995.95  16375.91  9.58
625.8  169510.40  16150.62  9.53
627.3  168441.38  15925.69  9.45
628.8  167197.63  15681.58  9.38
630.3  166431.70  15546.54  9.34
631.8  166076.30  15487.29  9.33
633.4  166564.75  15527.05  9.32
634.9  167155.60  15578.48  9.32
636.4  167881.00  15636.50  9.31
638.0  168843.30  15714.65  9.31
639.5  168945.00  15695.40  9.29
641.0  168553.00  15629.27  9.27
642.5  168302.05  15572.69  9.25
644.0  168022.50  15497.20  9.22
645.5  167376.15  15345.52  9.17
647.1  166094.20  15094.32  9.09
648.6  164646.95  14846.98  9.02
650.1  163702.88  14713.13  8.99
651.6  163775.33  14685.17  8.97
653.1  164283.38  14660.02  8.92
654.7  163295.68  14450.88  8.85
656.2  158723.18  13929.15  8.78
657.7  156279.20  13657.32  8.74
659.2  158198.30  13758.13  8.70
660.7  161084.63  13921.51  8.64
662.2  163732.40  14042.80  8.58
663.7  164996.48  14052.92  8.52
665.2  165360.85  14008.56  8.47
666.8  165454.95  13963.77  8.44
668.3  165355.35  13919.39  8.42
669.8  165181.78  13877.33  8.40
671.3  164804.15  13816.74  8.38
672.8  164569.60  13764.41  8.36
674.3  164370.60  13707.53  8.34
675.8  164301.75  13662.78  8.32
677.3  164133.20  13613.04  8.29
678.8  163914.85  13563.50  8.27
680.3  163542.10  13503.86  8.26
681.8  163015.83  13442.40  8.25
683.3  161970.60  13332.17  8.23
684.8  159866.70  13097.61  8.19
686.3  153277.60  12360.31  8.06
687.8  144690.00  11457.81  7.92
689.3  140864.33  11075.17  7.86
690.8  140842.80  11070.36  7.86
692.3  142811.48  11184.27  7.83
693.8  144040.20  11195.70  7.77
695.3  145116.40  11252.67  7.75
696.8  147159.70  11433.89  7.77
698.3  147840.00  11412.80  7.72
699.8  146997.95  11211.99  7.63
701.3  145642.25  10995.58  7.55
702.8  145664.25  10930.91  7.50
704.2  146685.70  10956.37  7.47
705.7  147802.00  10963.88  7.42
707.2  148510.83  10943.89  7.37
708.7  148905.90  10896.27  7.32
710.2  149259.13  10834.32  7.26
711.7  149131.25  10732.10  7.20
713.2  148659.60  10569.92  7.11
714.7  147299.10  10283.55  6.98
716.2  142704.50  9630.20  6.75
717.6  133488.00  8577.90  6.43
719.1  124389.00  7685.56  6.18
720.6  121937.60  7471.84  6.13
722.1  125241.00  7730.83  6.17
723.6  125837.35  7641.59  6.07
725.0  124375.95  7389.54  5.94
726.5  123614.78  7241.83  5.86
728.0  123375.15  7151.22  5.80
729.5  123543.20  7105.68  5.75
731.0  124880.60  7162.76  5.74
732.4  128300.70  7452.89  5.81
733.9  132816.95  7838.29  5.90
735.4  135846.70  8061.30  5.93
736.8  137427.00  8170.95  5.95
738.3  138270.85  8269.87  5.98
739.8  138773.25  8365.09  6.03
741.2  139087.80  8454.98  6.08
742.7  139838.80  8567.28  6.13
744.2  140973.00  8693.58  6.17
745.7  141637.13  8771.96  6.19
747.1  142115.85  8820.68  6.21
748.6  142074.30  8821.00  6.21
750.0  141526.78  8788.19  6.21
751.5  140866.05  8746.47  6.21
753.0  140549.43  8724.71  6.21
754.4  140399.00  8711.00  6.20
755.9  139968.75  8668.75  6.19
757.3  138741.53  8559.04  6.17
758.8  129400.45  7743.02  5.98
760.3  101845.50  5595.38  5.49
761.7  79110.95  3993.10  5.05
763.2  70950.00  3382.50  4.77
764.6  72627.30  3469.86  4.78
766.1  84571.20  4391.52  5.19
767.5  100791.18  5658.69  5.61
769.0  115080.00  6760.95  5.88
770.4  124650.00  7492.85  6.01
771.9  129990.00  7917.00  6.09
773.3  132620.88  8136.25  6.13
774.8  133633.50  8226.08  6.16
776.2  134080.35  8271.12  6.17
777.7  134157.10  8280.58  6.17
779.1  133829.00  8269.50  6.18
780.5  133560.90  8252.00  6.18
782.0  133306.38  8237.31  6.18
783.4  132787.20  8202.24  6.18
784.9  132260.00  8161.22  6.17
786.3  131635.40  8077.00  6.14
787.8  130554.75  7953.06  6.09
789.2  128993.83  7787.39  6.04
790.6  127423.65  7642.96  6.00
792.0  126199.50  7567.81  6.00
793.5  125165.70  7546.32  6.03
794.9  124756.43  7559.30  6.06
796.3  124561.10  7507.73  6.03
797.8  124667.85  7512.89  6.03
799.2  124698.40  7514.34  6.03
800.6  124072.20  7451.66  6.01
802.1  123337.78  7383.52  5.99
803.5  122743.50  7336.23  5.98
804.9  122510.70  7359.30  6.01
806.3  122774.00  7433.89  6.05
807.8  122846.28  7456.22  6.07
809.2  121967.35  7366.55  6.04
810.6  120628.50  7213.05  5.98
812.0  118602.98  6961.59  5.87
813.4  114537.50  6534.38  5.71
814.8  108698.30  5996.78  5.52
816.3  102858.23  5524.99  5.37
817.7  98998.90  5260.19  5.31
819.1  97909.48  5233.58  5.35
820.5  100138.50  5468.93  5.46
821.9  101507.75  5562.39  5.48
823.3  98762.13  5305.11  5.37
824.7  100375.75  5482.76  5.46
826.1  103796.00  5747.28  5.54
827.5  104834.25  5761.50  5.50
828.9  104090.50  5649.90  5.43
830.3  103981.63  5648.23  5.43
831.7  104290.05  5663.52  5.43
833.2  104643.83  5687.89  5.44
834.5  105985.95  5822.81  5.49
835.9  108074.20  5972.88  5.53
837.3  109937.88  6140.93  5.59
838.7  111375.63  6257.38  5.62
840.1  112490.50  6376.85  5.67
841.5  113121.20  6441.22  5.69
842.9  113315.33  6502.55  5.74
844.3  113246.25  6495.78  5.74
845.7  113548.40  6549.12  5.77
847.1  113738.00  6578.36  5.78
848.5  113230.25  6549.29  5.78
849.9  111161.60  6410.74  5.77
851.2  109714.28  6329.98  5.77
852.6  109045.88  6299.53  5.78
854.0  105576.90  6059.98  5.74
855.4  103427.55  5987.47  5.79
856.8  105659.23  6164.16  5.83
858.2  108148.05  6304.37  5.83
859.5  109422.50  6383.70  5.83
860.9  109850.40  6394.80  5.82
862.3  109988.00  6404.14  5.82
863.7  110092.58  6406.37  5.82
865.0  108686.50  6333.99  5.83
866.4  104660.85  6075.30  5.80
867.8  103200.08  6013.01  5.83
869.1  104445.45  6113.88  5.85
870.5  105786.30  6196.33  5.86
871.9  106604.95  6253.26  5.87
873.2  106656.50  6233.05  5.84
874.6  106280.65  6200.53  5.83
876.0  105916.80  6158.42  5.81
877.3  105841.15  6175.76  5.83
878.7  105626.95  6150.43  5.82
880.0  104932.80  6110.67  5.82
881.4  104215.88  6059.06  5.81
882.8  104377.05  6061.98  5.81
884.1  104448.75  6033.38  5.78
885.5  104063.18  6007.43  5.77
886.8  103178.08  5906.97  5.73
888.2  102864.48  5889.19  5.73
889.5  102898.95  5917.26  5.75
890.9  102669.20  5893.12  5.74
892.2  101536.83  5770.46  5.68
893.6  99377.05  5547.18  5.58
894.9  95760.00  5183.01  5.41
896.2  90303.00  4685.08  5.19
897.6  84993.00  4317.30  5.08
898.9  79964.75  3942.10  4.93
900.3  76487.13  3729.54  4.88
901.6  75066.60  3650.85  4.86
903.0  77171.50  3800.21  4.92
904.3  82309.43  4227.06  5.14
905.6  84806.15  4373.23  5.16
907.0  82678.38  4140.66  5.01
908.3  78674.38  3844.78  4.89
909.6  75605.13  3620.72  4.79
911.0  75080.40  3613.42  4.81
912.3  74878.13  3608.41  4.82
913.6  73707.75  3483.05  4.73
914.9  72713.60  3415.78  4.70
916.2  72146.70  3354.97  4.65
917.6  72366.45  3370.08  4.66
918.9  74456.60  3570.26  4.80
920.2  77968.80  3867.50  4.96
921.5  79654.40  4029.76  5.06
922.9  79659.00  4022.70  5.05
924.2  78702.20  3935.11  5.00
925.5  78049.13  3877.91  4.97
926.8  77402.60  3787.08  4.89
928.1  73564.10  3441.99  4.68
929.4  66551.70  2915.93  4.38
930.7  58208.40  2359.80  4.05
932.0  48538.40  1855.88  3.82
933.4  39409.20  1404.87  3.56
934.7  33761.03  1156.46  3.43
936.0  31477.75  1061.90  3.37
937.3  30615.45  1020.52  3.33
938.6  34258.40  1226.30  3.58
939.9  40675.50  1513.05  3.72
941.2  43581.00  1592.00  3.65
942.5  43367.10  1540.14  3.55
943.8  40754.38  1406.75  3.45
945.1  38933.25  1367.93  3.51
946.4  38252.30  1324.94  3.46
947.7  39042.00  1366.47  3.50
949.0  40167.40  1412.48  3.52
950.2  41262.00  1502.48  3.64
951.5  41938.20  1527.10  3.64
952.8  41910.55  1505.08  3.59
954.1  42616.45  1577.52  3.70
955.4  42870.50  1604.65  3.74
956.7  44046.35  1679.12  3.81
958.0  45484.80  1755.12  3.86
959.3  46051.95  1811.88  3.93
960.5  47597.40  1893.66  3.98
961.8  49717.30  1978.28  3.98
963.1  51419.70  2146.91  4.18
964.4  53106.28  2237.47  4.21
965.7  54580.73  2276.48  4.17
966.9  57261.63  2485.99  4.34
968.2  62321.93  2874.21  4.61
969.5  66897.60  3243.52  4.85
970.8  69620.00  3451.50  4.96
972.0  70693.88  3519.65  4.98
973.3  69052.50  3345.21  4.84
974.6  66976.65  3254.94  4.86
975.8  65400.13  3094.54  4.73
977.1  66361.20  3220.47  4.85
978.4  67360.48  3251.89  4.83
979.6  68003.33  3349.42  4.93
980.9  70111.13  3522.83  5.02
982.2  71884.50  3699.94  5.15
983.4  73728.25  3776.33  5.12
984.7  74847.60  3925.83  5.25
985.9  76089.48  4048.11  5.32
987.2  77003.10  4175.79  5.42
988.5  77873.68  4265.44  5.48
989.7  78068.25  4363.82  5.59
991.0  78585.60  4297.65  5.47
992.2  78701.50  4353.70  5.53
993.5  78825.60  4455.36  5.65
994.7  78862.50  4468.88  5.67
996.0  79353.53  4483.25  5.65
997.2  79145.80  4509.47  5.70
998.5  79401.00  4537.20  5.71
999.7  79568.70  4512.13  5.67
1001.0  78636.60  4479.30  5.70
1002.2  77850.23  4477.66  5.75
1003.4  77021.83  4497.25  5.84
1004.7  75843.35  4415.54  5.82
1005.9  74865.60  4471.14  5.97
1007.2  74617.20  4456.31  5.97
1008.4  74580.75  4526.28  6.07
1009.6  74846.90  4511.32  6.03
1010.9  74500.15  4439.39  5.96
1012.1  74354.15  4583.48  6.16
1013.3  74416.20  4638.27  6.23
1014.6  75087.60  4648.28  6.19
1015.8  74428.50  4517.04  6.07
1017.1  74383.20  4545.64  6.11
1018.3  74542.33  4691.48  6.29
1019.5  74497.35  4755.15  6.38
1020.8  74019.75  4773.74  6.45
1022.0  73639.13  4691.09  6.37
1023.2  74021.15  4619.37  6.24
1024.4  73849.75  4658.22  6.31
1025.7  74256.00  4466.96  6.02
1026.9  74325.00  4697.34  6.32
1028.1  74398.65  4634.67  6.23
1029.3  74354.18  4811.15  6.47
1030.6  73686.25  4805.63  6.52
1031.8  74588.48  4686.53  6.28
1033.0  74591.00  4746.70  6.36
1034.2  74592.38  4670.74  6.26
1035.4  73879.33  4734.02  6.41
1036.7  73715.00  4865.19  6.60
1037.9  74301.15  4776.50  6.43
1039.1  73983.63  4672.65  6.32
1040.3  74602.28  4732.83  6.34
1041.5  74072.25  4608.94  6.22
1042.7  74362.20  4732.14  6.36
1043.9  74671.65  4688.69  6.28
1045.2  73928.10  4720.71  6.39
1046.4  74062.35  4663.19  6.30
1047.6  74019.05  4591.06  6.20
1048.8  73973.90  4707.43  6.36
1050.0  74917.00  4731.60  6.32
1051.2  74886.15  4857.48  6.49
1052.4  74647.80  4769.17  6.39
1053.6  74187.75  4769.21  6.43
1054.8  73926.20  4674.75  6.32
1056.0  73652.70  4686.99  6.36
1057.2  74052.88  4557.10  6.15
1058.4  74473.60  4538.24  6.09
1059.7  73962.90  4413.92  5.97
1060.9  73177.50  4634.58  6.33
1062.1  72601.50  4506.30  6.21
1063.3  71996.40  4371.21  6.07
1064.5  72682.50  4625.25  6.36
1065.7  71787.18  4876.11  6.79
1066.9  73349.35  4567.04  6.23
1068.1  73854.30  4828.94  6.54
1069.3  72642.50  4503.84  6.20
1070.5  72855.65  4609.24  6.33
1071.7  71548.10  4414.67  6.17
1072.9  71739.30  4522.70  6.30
1074.1  70968.70  4354.90  6.14
1075.3  74170.80  4551.39  6.14
1076.5  72409.70  4443.32  6.14
