/*** Spectra Vista SIG Data ***/
name= 230505_1327_R918_T921.sig
instrument= HK: 9202056 (HR-512i)
integration= 70.0, 0.0, 0.0, 200.0, 0.0, 0.0
scan method= Time-based, Time-based
scan coadds= 71, 0, 0, 25, 0, 0
scan time= 5, 5
scan settings= AI, AI
external data set1= 0,0,0,0,0,0,0,0,0,0,0,0,0,0,0,0,0,0,0,0,0,0,0,0,0,0,0,0,0,0,0,0
external data set2= 0,0,0,0,0,0,0,0,0,0,0,0,0,0,0,0,0,0,0,0,0,0,0,0,0,0,0,0,0,0,0,0
external data dark= 0,0,0,0,0,0,0,0,0,0,0,0,0,0,0,0
external data mask= 0
optic= LENS 4(1), LENS 4(1)
temp= 24.1, 0.0, 0.0, 25.4, 0.0, 0.0
battery= 8.31, 8.28
error= 0, 0
units= Radiance, Radiance
time= 5/5/2023 1:24:32 PM, 5/5/2023 1:27:16 PM
longitude= 07746.1433W     , 07746.3579W     
latitude= 3411.2556N      , 3411.0778N      
gpstime= 143234.883      , 143518.883      
comm= 
memory slot= 918, 921
factors= 1.000, 1.000, 1.000 [Overlap: Preserve, Matching Type: None]
inclinometer x offset= 9, 5
inclinometer y offset= -38, 15
data= 
339.7  3982.39  3273.27  82.19
341.4  4171.20  3519.45  84.38
343.0  4256.36  3653.58  85.84
344.7  4326.75  3725.81  86.11
346.4  4439.90  3896.40  87.76
348.0  4579.56  4058.58  88.62
349.7  4733.49  4254.12  89.87
351.3  4993.83  4567.60  91.46
353.0  5252.50  4766.41  90.75
354.6  5538.54  5054.39  91.26
356.2  5572.05  4993.07  89.61
357.9  5385.75  4640.51  86.16
359.5  5508.46  4654.12  84.49
361.2  5905.34  4959.27  83.98
362.8  6299.45  5197.48  82.51
364.5  6760.93  5515.36  81.58
366.1  7399.30  6010.42  81.23
367.7  7907.91  6343.56  80.22
369.4  8184.00  6409.10  78.31
371.0  8483.80  6465.10  76.21
372.6  8578.93  6323.18  73.71
374.3  8539.43  6041.81  70.75
375.9  8998.94  6190.06  68.79
377.5  10024.11  6780.74  67.64
379.1  10882.46  7174.45  65.93
380.8  11096.00  7022.40  63.29
382.4  10882.29  6551.55  60.20
384.0  10522.41  5970.83  56.74
385.6  11568.77  6267.81  54.18
387.3  12930.17  6669.00  51.58
388.9  14409.69  7021.19  48.73
390.5  16591.54  7594.48  45.77
392.1  18338.79  7858.80  42.85
393.8  18000.00  7164.00  39.80
395.4  19950.90  7312.41  36.65
397.0  22727.53  7771.01  34.19
398.6  27698.20  8798.05  31.76
400.2  35837.54  10682.90  29.81
401.8  42337.25  11894.58  28.09
403.4  46858.50  12469.35  26.61
405.0  49371.43  12501.00  25.32
406.6  51059.25  12393.15  24.27
408.3  53296.80  12471.17  23.40
409.9  55889.49  12711.24  22.74
411.5  57967.39  12898.69  22.25
413.1  61042.86  13335.00  21.85
414.7  62755.50  13552.98  21.60
416.3  64020.79  13702.43  21.40
417.9  64364.83  13716.84  21.31
419.5  64210.95  13657.46  21.27
421.1  65007.09  13820.12  21.26
422.7  65608.09  13952.84  21.27
424.3  65369.89  13918.27  21.29
425.9  65473.18  13958.15  21.32
427.5  64661.50  13805.25  21.35
429.1  62854.17  13435.80  21.38
430.7  59196.28  12702.23  21.46
432.3  60384.81  13010.24  21.55
433.9  64914.95  14002.96  21.57
435.5  67995.35  14683.50  21.59
437.1  71537.71  15454.60  21.60
438.7  71659.02  15507.28  21.64
440.3  72016.30  15631.96  21.71
441.9  74636.68  16256.25  21.78
443.5  77740.41  16964.14  21.82
445.0  79575.89  17392.94  21.86
446.6  80108.29  17554.93  21.91
448.2  81982.91  18026.24  21.99
449.8  84290.24  18597.83  22.06
451.4  86600.19  19168.01  22.13
453.0  86190.58  19155.57  22.22
454.6  85115.44  19010.90  22.34
456.2  85597.98  19225.89  22.46
457.8  86562.66  19545.10  22.58
459.3  86659.99  19668.50  22.70
460.9  87057.30  19867.71  22.82
462.5  88232.91  20244.96  22.94
464.1  88302.86  20369.40  23.07
465.7  87504.34  20295.96  23.19
467.2  86721.82  20228.30  23.33
468.8  86404.48  20266.06  23.45
470.4  86108.79  20296.58  23.57
472.0  86562.28  20503.85  23.69
473.6  87572.89  20825.81  23.78
475.1  88209.60  21055.65  23.87
476.7  88309.81  21158.12  23.96
478.3  88971.02  21415.43  24.07
479.9  89675.87  21706.72  24.21
481.5  90225.77  21972.67  24.35
483.0  90065.54  22053.69  24.49
484.6  88287.09  21722.88  24.60
486.2  84207.95  20822.27  24.73
487.8  82247.40  20442.24  24.85
489.3  83973.21  20955.00  24.95
490.9  85777.89  21466.26  25.03
492.5  85997.37  21581.20  25.10
494.0  86703.14  21817.88  25.16
495.6  87513.95  22068.01  25.22
497.2  87729.56  22165.39  25.27
498.8  86735.14  21945.90  25.30
500.3  85337.21  21625.04  25.34
501.9  83751.04  21241.85  25.36
503.5  83408.74  21152.04  25.36
505.0  83775.20  21238.95  25.35
506.6  84438.58  21398.49  25.34
508.2  84078.00  21278.70  25.31
509.7  83896.14  21176.46  25.24
511.3  83796.80  21065.94  25.14
512.9  82961.16  20760.03  25.02
514.4  81435.00  20314.53  24.95
516.0  79555.71  19842.00  24.94
517.5  77063.40  19256.81  24.99
519.1  77073.29  19296.91  25.04
520.7  78764.40  19755.12  25.08
522.2  79670.36  20006.48  25.11
523.8  80722.89  20312.30  25.16
525.4  81092.75  20445.16  25.21
526.9  80089.46  20224.33  25.25
528.5  80791.18  20428.57  25.29
530.0  82123.18  20779.85  25.30
531.6  82591.26  20905.24  25.31
533.2  82097.46  20784.55  25.32
534.7  82544.00  20896.40  25.32
536.3  82653.37  20915.33  25.30
537.8  82258.75  20796.95  25.28
539.4  81518.57  20578.56  25.24
541.0  80745.77  20342.58  25.19
542.5  80789.14  20309.46  25.14
544.1  81354.90  20399.67  25.07
545.6  81624.64  20401.80  24.99
547.2  81516.95  20299.87  24.90
548.7  81552.00  20224.40  24.80
550.3  81695.32  20180.74  24.70
551.8  81781.65  20132.75  24.62
553.4  82012.54  20134.40  24.55
554.9  82331.97  20177.98  24.51
556.5  81972.74  20064.78  24.48
558.0  81209.29  19859.40  24.45
559.6  80516.25  19667.73  24.43
561.1  80920.36  19733.84  24.39
562.7  81385.69  19800.34  24.33
564.2  81924.38  19870.49  24.25
565.8  81761.11  19747.46  24.15
567.3  81621.74  19604.36  24.02
568.9  81380.00  19407.57  23.85
570.4  80845.33  19140.77  23.68
572.0  80885.68  19001.96  23.49
573.5  81401.55  18953.60  23.28
575.1  81489.37  18790.24  23.06
576.6  81265.07  18544.00  22.82
578.2  80920.38  18262.80  22.57
579.7  80875.48  18033.37  22.30
581.2  81348.71  17904.27  22.01
582.8  82097.98  17802.27  21.68
584.3  82305.07  17554.58  21.33
585.9  81859.59  17138.19  20.94
587.4  80847.26  16566.12  20.49
588.9  78651.46  15724.91  19.99
590.5  77236.49  15078.71  19.52
592.0  77355.51  14791.59  19.12
593.6  77686.89  14566.11  18.75
595.1  77786.97  14304.95  18.39
596.6  78014.29  14085.08  18.05
598.2  78167.64  13853.09  17.72
599.7  78056.35  13580.12  17.40
601.2  77815.45  13316.35  17.11
602.8  77829.04  13128.11  16.87
604.3  78164.56  13044.27  16.69
605.8  78450.57  12988.56  16.56
607.4  78362.29  12903.30  16.47
608.9  77907.43  12772.53  16.39
610.5  77411.32  12657.98  16.35
612.0  76968.73  12559.95  16.32
613.5  76405.07  12439.64  16.28
615.0  75884.40  12336.03  16.26
616.6  75221.49  12204.96  16.23
618.1  75232.80  12182.94  16.19
619.6  75592.86  12211.30  16.15
621.2  75777.89  12204.90  16.11
622.7  75423.09  12109.44  16.06
624.2  74867.91  11977.65  16.00
625.8  74155.24  11819.38  15.94
627.3  73610.57  11653.33  15.83
628.8  72975.40  11479.39  15.73
630.3  72600.56  11387.75  15.69
631.8  72436.37  11362.59  15.69
633.4  72649.50  11410.25  15.71
634.9  72875.48  11467.32  15.74
636.4  73165.87  11526.31  15.75
638.0  73558.80  11596.77  15.77
639.5  73530.00  11592.00  15.76
641.0  73307.85  11563.67  15.77
642.5  73157.30  11533.27  15.77
644.0  73007.86  11493.90  15.74
645.5  72632.66  11394.40  15.69
647.1  71996.06  11220.46  15.58
648.6  71312.41  11058.41  15.51
650.1  70901.14  10982.85  15.49
651.6  70943.94  10985.78  15.49
653.1  71048.57  10985.23  15.46
654.7  70408.86  10852.80  15.41
656.2  68303.16  10510.97  15.39
657.7  67361.14  10360.40  15.38
659.2  68287.33  10505.43  15.38
660.7  69517.18  10686.45  15.37
662.2  70576.44  10846.55  15.37
663.7  71041.54  10915.79  15.37
665.2  71164.61  10945.33  15.38
666.8  71174.45  10969.27  15.41
668.3  71107.59  10990.28  15.46
669.8  70998.48  11011.30  15.51
671.3  70767.13  11000.86  15.55
672.8  70621.66  10990.26  15.56
674.3  70473.06  10958.04  15.55
675.8  70411.43  10930.73  15.52
677.3  70299.00  10889.41  15.49
678.8  70164.29  10838.91  15.45
680.3  69947.51  10776.42  15.41
681.8  69686.50  10710.05  15.37
683.3  69187.33  10597.98  15.32
684.8  68187.66  10372.64  15.21
686.3  65063.23  9756.00  14.99
687.8  61245.60  9019.92  14.73
689.3  59707.10  8709.58  14.59
690.8  59836.80  8705.04  14.55
692.3  60749.44  8819.32  14.52
693.8  61285.91  8856.30  14.45
695.3  61809.43  8941.21  14.47
696.8  62743.29  9118.45  14.53
698.3  62936.00  9128.00  14.50
699.8  62460.46  8999.54  14.41
701.3  61848.19  8872.43  14.35
702.8  61882.67  8875.11  14.34
704.2  62315.77  8946.94  14.36
705.7  62742.63  9002.12  14.35
707.2  63002.28  9035.72  14.34
708.7  63118.80  9053.97  14.34
710.2  63231.35  9065.12  14.34
711.7  63145.29  9046.85  14.33
713.2  62865.14  8980.68  14.29
714.7  62199.94  8796.06  14.14
716.2  60025.43  8306.72  13.84
717.6  55866.86  7479.00  13.39
719.1  52008.77  6796.68  13.07
720.6  51229.26  6674.88  13.03
722.1  52740.43  6943.30  13.17
723.6  52808.94  6916.82  13.10
725.0  52068.73  6744.47  12.95
726.5  51778.46  6666.56  12.88
728.0  51657.36  6628.16  12.83
729.5  51723.89  6633.08  12.82
731.0  52339.43  6729.93  12.86
732.4  53864.01  7023.72  13.04
733.9  55762.35  7381.85  13.24
735.4  56957.53  7596.77  13.34
736.8  57553.71  7706.40  13.39
738.3  57874.34  7793.87  13.47
739.8  58055.25  7868.44  13.55
741.2  58174.39  7944.14  13.66
742.7  58458.40  8024.16  13.73
744.2  58900.80  8126.16  13.80
745.7  59131.50  8179.46  13.83
747.1  59290.63  8211.74  13.85
748.6  59204.79  8207.47  13.86
750.0  58925.81  8169.56  13.86
751.5  58638.54  8126.30  13.86
753.0  58472.50  8103.06  13.86
754.4  58386.29  8087.90  13.85
755.9  58151.79  8053.13  13.85
757.3  57546.64  7947.45  13.81
758.8  53111.38  7198.82  13.55
760.3  40782.43  5266.43  12.91
761.7  31483.93  3816.79  12.12
763.2  28464.86  3293.40  11.57
764.6  29418.17  3403.26  11.57
766.1  34790.40  4243.68  12.20
767.5  41756.83  5387.29  12.90
769.0  47685.79  6370.50  13.36
770.4  51551.68  7015.03  13.61
771.9  53670.00  7385.00  13.76
773.3  54689.75  7573.79  13.85
774.8  55044.79  7650.50  13.90
776.2  55206.21  7685.49  13.92
777.7  55176.00  7691.72  13.94
779.1  54992.57  7670.10  13.95
780.5  54852.69  7652.40  13.95
782.0  54698.69  7638.10  13.96
783.4  54440.23  7599.36  13.96
784.9  54182.14  7566.05  13.96
786.3  53887.94  7501.76  13.92
787.8  53374.02  7390.12  13.85
789.2  52663.76  7249.07  13.76
790.6  51996.26  7117.84  13.69
792.0  51455.60  7051.35  13.70
793.5  51001.71  7021.80  13.77
794.9  50796.45  7009.22  13.80
796.3  50663.00  6974.90  13.77
797.8  50723.73  6976.26  13.75
799.2  50674.81  6973.74  13.76
800.6  50353.83  6911.22  13.73
802.1  50034.31  6848.48  13.69
803.5  49746.09  6815.93  13.70
804.9  49639.20  6820.58  13.74
806.3  49740.79  6876.71  13.83
807.8  49703.39  6884.96  13.85
809.2  49269.09  6815.82  13.83
810.6  48659.46  6678.75  13.73
812.0  47748.57  6475.90  13.56
813.4  45991.07  6130.63  13.33
814.8  43482.41  5683.43  13.07
816.3  41074.18  5266.61  12.82
817.7  39545.26  5042.18  12.75
819.1  39193.01  5011.97  12.79
820.5  40161.00  5226.38  13.01
821.9  40619.86  5310.09  13.07
823.3  39351.40  5102.21  12.97
824.7  40150.30  5264.42  13.11
826.1  41588.80  5519.36  13.27
827.5  41869.29  5548.58  13.25
828.9  41465.32  5465.39  13.18
830.3  41433.86  5467.28  13.20
831.7  41558.70  5506.20  13.25
833.2  41682.66  5541.53  13.29
834.5  42228.40  5660.69  13.40
835.9  43045.51  5828.88  13.54
837.3  43764.29  5966.86  13.63
838.7  44271.79  6080.81  13.74
840.1  44689.13  6161.90  13.79
841.5  44907.83  6230.39  13.87
842.9  44930.12  6259.25  13.93
844.3  44871.36  6279.00  13.99
845.7  44960.23  6321.72  14.06
847.1  45034.10  6355.50  14.11
848.5  44744.75  6315.66  14.11
849.9  43828.53  6197.58  14.14
851.2  43282.09  6121.91  14.14
852.6  43039.24  6104.95  14.18
854.0  41511.88  5887.31  14.18
855.4  40733.37  5770.96  14.17
856.8  41728.83  5936.48  14.23
858.2  42614.87  6073.72  14.25
859.5  43027.57  6150.15  14.29
860.9  43124.23  6175.80  14.32
862.3  43158.89  6209.00  14.39
863.7  43170.54  6217.94  14.40
865.0  42503.54  6124.98  14.41
866.4  40870.20  5891.20  14.41
867.8  40406.38  5835.89  14.44
869.1  40920.94  5906.31  14.43
870.5  41354.31  5995.83  14.50
871.9  41669.96  6030.96  14.47
873.2  41656.14  6037.35  14.49
874.6  41487.80  6032.15  14.54
876.0  41294.94  5997.94  14.52
877.3  41239.45  5982.77  14.51
878.7  41169.39  5975.59  14.51
880.0  40836.94  5912.88  14.48
881.4  40524.21  5890.46  14.54
882.8  40525.01  5912.57  14.59
884.1  40531.43  5914.44  14.59
885.5  40393.46  5865.18  14.52
886.8  39960.33  5807.23  14.53
888.2  39838.15  5777.01  14.50
889.5  39816.15  5803.68  14.58
890.9  39725.94  5789.53  14.57
892.2  39235.81  5688.86  14.50
893.6  38273.82  5476.36  14.31
894.9  36765.00  5171.04  14.07
896.2  34609.21  4745.76  13.71
897.6  32507.14  4354.20  13.39
898.9  30545.93  4041.90  13.23
900.3  29222.24  3855.96  13.20
901.6  28767.60  3766.14  13.09
903.0  29682.77  3955.85  13.33
904.3  31656.03  4332.08  13.68
905.6  32585.61  4466.28  13.71
907.0  31599.29  4302.51  13.62
908.3  29906.04  3995.29  13.36
909.6  28696.26  3787.19  13.20
911.0  28602.06  3768.08  13.17
912.3  28565.75  3751.04  13.13
913.6  28037.85  3627.58  12.94
914.9  27686.46  3562.38  12.87
916.2  27442.04  3577.65  13.04
917.6  27424.89  3550.62  12.95
918.9  28335.36  3768.60  13.30
920.2  29746.60  4022.20  13.52
921.5  30374.40  4170.88  13.73
922.9  30346.29  4149.90  13.68
924.2  29904.99  4048.00  13.54
925.5  29686.25  4008.81  13.50
926.8  29375.97  3969.79  13.51
928.1  27767.31  3627.59  13.06
929.4  24895.63  3156.06  12.68
930.7  21575.31  2604.52  12.07
932.0  17845.00  2070.02  11.60
933.4  14335.36  1569.07  10.95
934.7  12363.94  1324.33  10.71
936.0  11594.21  1194.64  10.30
937.3  11222.91  1174.56  10.47
938.6  12846.90  1420.95  11.06
939.9  15270.86  1729.20  11.32
941.2  16261.14  1850.70  11.38
942.5  15980.40  1823.85  11.41
943.8  15013.21  1675.69  11.16
945.1  14310.60  1599.42  11.18
946.4  14104.20  1602.75  11.36
947.7  14501.31  1583.37  10.92
949.0  14818.43  1677.32  11.32
950.2  15249.00  1704.30  11.18
951.5  15433.78  1732.23  11.22
952.8  15348.46  1736.63  11.31
954.1  15741.51  1789.42  11.37
955.4  15738.57  1820.20  11.57
956.7  16269.69  1922.47  11.82
958.0  16950.86  2076.48  12.25
959.3  16896.50  2088.70  12.36
960.5  17474.31  2149.56  12.30
961.8  18221.00  2290.64  12.57
963.1  18932.14  2385.45  12.60
964.4  19717.49  2480.09  12.58
965.7  20217.99  2578.19  12.75
966.9  21388.31  2793.25  13.06
968.2  23416.46  3158.78  13.49
969.5  24905.60  3475.20  13.95
970.8  25875.71  3628.50  14.02
972.0  26214.75  3730.23  14.23
973.3  25516.54  3560.04  13.95
974.6  24680.31  3505.32  14.20
975.8  24337.05  3381.67  13.90
977.1  24536.91  3350.59  13.66
978.4  24934.28  3450.98  13.84
979.6  25132.71  3518.58  14.00
980.9  25755.11  3730.05  14.48
982.2  26579.14  3876.13  14.58
983.4  26922.37  3956.15  14.69
984.7  27569.91  4109.28  14.90
985.9  28058.33  4198.04  14.96
987.2  28458.86  4290.72  15.08
988.5  28734.44  4421.97  15.39
989.7  28825.20  4403.85  15.28
991.0  28884.89  4502.30  15.59
992.2  29064.54  4521.15  15.56
993.5  29008.80  4541.04  15.65
994.7  29041.43  4512.69  15.54
996.0  29205.17  4528.08  15.50
997.2  29055.19  4555.49  15.68
998.5  29032.68  4631.73  15.95
999.7  28971.88  4560.65  15.74
1001.0  28724.40  4479.30  15.59
1002.2  28494.20  4477.66  15.71
1003.4  28357.03  4342.17  15.31
1004.7  27606.39  4415.54  15.99
1005.9  27480.43  4315.17  15.70
1007.2  27537.30  4404.49  15.99
1008.4  27480.99  4371.98  15.91
1009.6  27683.10  4460.06  16.11
1010.9  27409.06  4541.45  16.57
1012.1  27500.85  4634.40  16.85
1013.3  27378.17  4638.27  16.94
1014.6  27291.31  4699.36  17.22
1015.8  27131.57  4671.03  17.22
1017.1  27008.19  4597.30  17.02
1018.3  27106.30  4639.35  17.12
1019.5  27021.33  4649.48  17.21
1020.8  26972.00  4720.10  17.50
1022.0  26962.05  4636.54  17.20
1023.2  26873.41  4619.37  17.19
1024.4  26780.68  4658.22  17.39
1025.7  26851.50  4699.01  17.50
1026.9  27011.83  4756.80  17.61
1028.1  27180.77  4756.64  17.50
1029.3  27135.26  4623.71  17.04
1030.6  26911.50  4613.40  17.14
1031.8  26968.78  4752.54  17.62
1033.0  26736.51  4678.89  17.50
1034.2  26689.93  4670.74  17.50
1035.4  26846.58  4590.56  17.10
1036.7  26748.01  4644.05  17.36
1037.9  26861.06  4624.87  17.22
1039.1  26923.36  4516.90  16.78
1040.3  26815.56  4572.40  17.05
1041.5  26807.10  4608.94  17.19
1042.7  26799.36  4563.14  17.03
1043.9  27040.56  4775.51  17.66
1045.2  26721.00  4720.71  17.67
1046.4  26646.77  4571.75  17.16
1047.6  26502.30  4591.06  17.32
1048.8  26625.11  4611.36  17.32
1050.0  26756.07  4633.03  17.32
1051.2  26600.49  4553.89  17.12
1052.4  26363.71  4354.46  16.52
1053.6  26647.03  4451.27  16.70
1054.8  26402.21  4348.60  16.47
1056.0  26463.96  4575.40  17.29
1057.2  26040.57  4557.10  17.50
1058.4  26265.24  4654.60  17.72
1059.7  25904.06  4533.21  17.50
1060.9  25786.36  4390.65  17.03
1062.1  25750.29  4381.13  17.01
1063.3  25345.67  4371.21  17.25
1064.5  25297.29  4096.65  16.19
1065.7  25928.52  4063.43  15.67
1066.9  26097.34  4428.64  16.97
1068.1  25564.95  4260.83  16.67
1069.3  26151.30  4358.55  16.67
1070.5  25913.67  4311.87  16.64
1071.7  25661.63  4566.90  17.80
1072.9  25398.39  4522.70  17.81
1074.1  25806.80  4516.19  17.50
1075.3  25044.69  4214.25  16.83
1076.5  25390.41  4278.76  16.85
