/*** Spectra Vista SIG Data ***/
name= 230505_1654_R990_T951.sig
instrument= HK: 9202056 (HR-512i)
integration= 10.0, 0.0, 0.0, 10.0, 0.0, 0.0
scan method= Time-based, Time-based
scan coadds= 500, 0, 0, 500, 0, 0
scan time= 5, 5
scan settings= AI, AI
external data set1= 0,0,0,0,0,0,0,0,0,0,0,0,0,0,0,0,0,0,0,0,0,0,0,0,0,0,0,0,0,0,0,0
external data set2= 0,0,0,0,0,0,0,0,0,0,0,0,0,0,0,0,0,0,0,0,0,0,0,0,0,0,0,0,0,0,0,0
external data dark= 0,0,0,0,0,0,0,0,0,0,0,0,0,0,0,0
external data mask= 0
optic= LENS 4(1), LENS 4(1)
temp= 32.5, 0.0, 0.0, 27.7, 0.0, 0.0
battery= 8.36, 8.22
error= 0, 0
units= Radiance, Radiance
time= 7/4/2023 8:44:45 AM, 5/5/2023 4:54:48 PM
longitude= 01653.1775E     , 07746.6527W     
latitude= 4243.1523N      , 3409.6268N      
gpstime= 092514.000      , 175909.000      
comm= 
memory slot= 990, 951
factors= 1.000, 1.000, 1.000 [Overlap: Preserve, Matching Type: None]
inclinometer x offset= 6, 5
inclinometer y offset= -4, -41
data= 
339.7  84889.20  78054.90  91.95
341.4  91592.60  84119.20  91.84
343.0  95708.75  87719.15  91.65
344.7  98073.00  89099.00  90.85
346.4  103342.50  93237.90  90.22
348.0  108375.85  97494.15  89.96
349.7  114285.60  102070.80  89.31
351.3  123168.10  109649.65  89.02
353.0  129956.40  114982.00  88.48
354.6  138556.50  122163.90  88.17
356.2  137722.20  121586.85  88.28
357.9  128882.25  112975.50  87.66
359.5  131027.60  113098.80  86.32
361.2  140400.40  120954.70  86.15
362.8  148045.80  126791.70  85.64
364.5  157755.00  134455.80  85.23
366.1  172003.40  145802.60  84.77
367.7  181020.60  153523.80  84.81
369.4  182844.20  154200.20  84.33
371.0  184074.80  154618.10  84.00
372.6  179097.75  150013.50  83.76
374.3  170221.50  141851.25  83.33
375.9  173919.35  143342.65  82.42
377.5  189928.05  155743.25  82.00
379.1  200184.05  164393.90  82.12
380.8  195350.40  159812.80  81.81
382.4  180400.50  147694.50  81.87
384.0  163369.80  132261.30  80.96
385.6  170993.10  137202.30  80.24
387.3  180648.00  144892.80  80.21
388.9  189509.20  151301.70  79.84
390.5  204735.85  162683.40  79.46
392.1  210705.75  168081.75  79.77
393.8  190240.00  151360.00  79.56
395.4  194384.40  152380.20  78.39
397.0  204117.55  160635.15  78.70
398.6  231779.10  179897.70  77.62
400.2  280586.20  218443.40  77.85
401.8  311577.00  242812.50  77.93
403.4  325891.30  253810.20  77.88
405.0  326160.00  253440.00  77.70
406.6  322707.00  249884.25  77.43
408.3  324884.70  250313.70  77.05
409.9  330122.40  253956.80  76.93
411.5  334305.00  256162.50  76.63
413.1  344900.00  263800.00  76.49
414.7  348967.50  266374.50  76.33
416.3  351653.50  267643.75  76.11
417.9  349670.70  265820.40  76.02
419.5  346150.20  262425.45  75.81
421.1  348477.60  263220.00  75.53
422.7  349322.60  263674.40  75.48
424.3  346586.60  260696.60  75.22
425.9  345530.90  259409.15  75.08
427.5  339897.50  254696.00  74.93
429.1  328971.70  246202.95  74.84
430.7  308785.50  230567.55  74.67
432.3  316272.45  233935.00  73.97
433.9  338085.30  250569.20  74.11
435.5  353256.20  261023.00  73.89
437.1  370234.00  273334.00  73.83
438.7  369123.05  272590.20  73.85
440.3  370856.15  272619.90  73.51
441.9  383800.50  281558.25  73.36
443.5  398380.45  292143.10  73.33
445.0  406448.75  297871.25  73.29
446.6  408423.95  298654.40  73.12
448.2  417818.30  304569.00  72.90
449.8  428894.05  312045.50  72.76
451.4  439729.65  319480.15  72.65
453.0  436189.60  316903.95  72.65
454.6  430615.20  311784.45  72.40
456.2  432734.10  312678.50  72.26
457.8  436885.70  315316.80  72.17
459.3  436621.65  314712.30  72.08
460.9  438216.90  315221.50  71.93
462.5  443700.00  318688.80  71.83
464.1  443210.40  318117.60  71.78
465.7  438600.00  314323.20  71.67
467.2  434028.25  310759.50  71.60
468.8  432190.80  308899.35  71.47
470.4  430150.50  307192.50  71.42
472.0  432673.05  308112.60  71.21
473.6  437313.80  311122.35  71.14
475.1  440209.05  312768.55  71.05
476.7  440511.20  312558.10  70.95
478.3  443773.05  314298.15  70.82
479.9  446662.35  316136.25  70.78
481.5  449178.30  317346.20  70.65
483.0  447992.15  316079.70  70.55
484.6  438067.20  309120.00  70.56
486.2  417055.80  294174.65  70.54
487.8  408051.00  286637.40  70.25
489.3  416625.00  292350.00  70.17
490.9  425047.20  298120.80  70.14
492.5  425691.20  298227.05  70.06
494.0  428984.50  300103.00  69.96
495.6  432455.80  302423.45  69.93
497.2  433076.20  302597.20  69.87
498.8  427845.80  298669.55  69.81
500.3  420355.80  293457.90  69.81
501.9  411479.50  287528.75  69.88
503.5  408337.80  286117.00  70.07
505.0  409304.55  287043.45  70.13
506.6  412037.55  288915.75  70.12
508.2  409665.60  287161.20  70.10
509.7  408352.95  286016.40  70.04
511.3  407436.70  285212.00  70.00
512.9  402439.05  281965.05  70.06
514.4  393938.00  276452.00  70.18
516.0  383700.00  270120.00  70.40
517.5  371809.80  261129.15  70.23
519.1  371946.25  260591.50  70.06
520.7  379363.60  265834.80  70.07
522.2  382622.50  268461.00  70.16
523.8  387254.35  271982.55  70.23
525.4  389008.00  273313.70  70.26
526.9  384621.10  269765.10  70.14
528.5  388537.95  272187.90  70.05
530.0  395083.50  276759.00  70.05
531.6  397543.20  278291.60  70.00
533.2  395479.35  276461.15  69.91
534.7  397908.00  277900.00  69.84
536.3  398401.80  278250.20  69.84
537.8  396694.55  276776.50  69.77
539.4  393134.40  274206.00  69.75
541.0  389574.00  271501.20  69.69
542.5  389850.00  271722.00  69.70
544.1  392786.00  273676.00  69.68
545.6  394272.00  274530.75  69.63
547.2  394133.20  274127.55  69.55
548.7  395136.00  274176.00  69.39
550.3  396549.05  274631.40  69.26
551.8  397863.90  274881.60  69.09
553.4  399828.00  275589.60  68.93
554.9  402056.80  276659.70  68.81
556.5  401003.60  275385.20  68.67
558.0  398338.50  272786.50  68.48
559.6  396299.75  270457.25  68.25
561.1  399454.65  271982.55  68.09
562.7  402926.60  273635.60  67.91
564.2  407065.75  275644.75  67.72
565.8  407101.00  275252.40  67.61
567.3  407025.90  274684.30  67.49
568.9  405961.00  273718.50  67.42
570.4  403867.35  271594.35  67.25
572.0  405069.75  271399.50  67.00
573.5  408425.85  272892.90  66.82
575.1  410004.80  272900.80  66.56
576.6  409798.00  271968.50  66.37
578.2  408779.05  270608.85  66.20
579.7  409071.00  270184.30  66.05
581.2  411546.30  271471.90  65.96
582.8  415077.10  273646.45  65.93
584.3  415512.25  274002.50  65.94
585.9  412452.90  272304.30  66.02
587.4  405226.80  269049.60  66.39
588.9  390543.75  261967.25  67.08
590.5  381477.50  257584.20  67.52
592.0  381162.75  258367.80  67.78
593.6  382818.80  259482.60  67.78
595.1  383795.50  259739.70  67.68
596.6  386415.20  260270.40  67.36
598.2  389061.00  260486.00  66.95
599.7  390702.35  259790.60  66.49
601.2  391571.95  258655.95  66.06
602.8  393469.05  258462.50  65.69
604.3  396336.00  259485.20  65.47
605.8  398453.40  260278.00  65.32
607.4  398434.95  259852.05  65.22
608.9  396259.80  258162.60  65.15
610.5  393926.50  256439.15  65.10
612.0  391766.70  254904.00  65.07
613.5  388964.50  252964.75  65.04
615.0  386446.55  251139.70  64.99
616.6  383256.80  248912.00  64.95
618.1  383707.80  248988.60  64.89
619.6  385700.00  250192.00  64.87
621.2  386736.80  250783.00  64.85
622.7  385075.20  249561.60  64.81
624.2  382394.70  247680.00  64.77
625.8  379061.40  245501.85  64.77
627.3  376446.75  244056.50  64.83
628.8  373549.75  242283.30  64.86
630.3  372014.40  241098.25  64.81
631.8  371203.30  240470.10  64.78
633.4  372242.20  241025.40  64.75
634.9  373349.75  241661.35  64.73
636.4  374837.75  242435.05  64.68
638.0  376926.30  243653.10  64.64
639.5  376824.00  243432.00  64.60
641.0  375813.90  242580.80  64.55
642.5  375162.20  242109.00  64.53
644.0  374186.00  241703.00  64.59
645.5  371210.90  240661.40  64.83
647.1  365847.60  238884.40  65.30
648.6  360638.50  237016.10  65.72
650.1  358690.50  235896.75  65.77
651.6  359105.55  236212.25  65.78
653.1  360111.00  236328.60  65.63
654.7  356903.30  233875.20  65.53
656.2  346711.45  226828.05  65.42
657.7  343663.20  223775.20  65.11
659.2  349848.85  227190.60  64.94
660.7  357408.75  231205.50  64.69
662.2  363972.70  234583.70  64.45
663.7  367251.00  235903.05  64.23
665.2  368561.60  236195.00  64.09
666.8  369159.45  236140.90  63.97
668.3  369243.90  235844.70  63.87
669.8  368936.15  235498.45  63.83
671.3  367906.30  234747.10  63.81
672.8  367215.70  234145.75  63.76
674.3  366515.50  233581.90  63.73
675.8  366428.00  233310.00  63.67
677.3  365978.20  232913.80  63.64
678.8  365363.90  232546.60  63.65
680.3  364374.10  231950.50  63.66
681.8  363132.35  231165.90  63.66
683.3  360539.30  229565.05  63.67
684.8  355349.00  226390.40  63.71
686.3  340050.80  216962.60  63.80
687.8  322413.00  205296.00  63.67
689.3  315632.80  200952.15  63.67
690.8  315081.60  201535.20  63.96
692.3  315344.15  204499.60  64.85
693.8  312421.30  206312.80  66.04
695.3  312313.30  207836.20  66.55
696.8  318316.80  210469.00  66.12
698.3  320320.00  210728.00  65.79
699.8  317063.10  208991.05  65.91
701.3  313253.80  206740.95  66.00
702.8  312860.30  206499.70  66.00
704.2  315859.80  207668.00  65.75
705.7  318705.60  208825.60  65.52
707.2  321020.70  209417.10  65.23
708.7  322696.20  209595.00  64.95
710.2  324067.35  209684.35  64.70
711.7  324210.00  209238.50  64.54
713.2  322886.40  208289.60  64.51
714.7  317796.60  206261.70  64.90
716.2  300849.60  199974.60  66.47
717.6  270702.00  187650.00  69.32
719.1  245471.80  175987.40  71.69
720.6  241318.40  173699.20  71.98
722.1  252280.50  178378.50  70.71
723.6  252221.70  178540.80  70.79
725.0  246501.00  176283.90  71.51
726.5  243706.35  175499.40  72.01
728.0  242931.15  175072.05  72.07
729.5  243472.40  175140.00  71.93
731.0  247359.65  176932.80  71.53
732.4  258564.90  181315.20  70.12
733.9  272903.05  186743.90  68.43
735.4  282117.00  190004.10  67.35
736.8  287223.00  191406.00  66.64
738.3  290936.55  192065.15  66.02
739.8  294005.25  192249.75  65.39
741.2  296867.70  192261.60  64.76
742.7  300234.40  192953.60  64.27
744.2  303937.20  194216.40  63.90
745.7  306085.50  194754.75  63.63
747.1  307514.70  195159.30  63.46
748.6  307486.80  194886.00  63.38
750.0  306282.50  193898.05  63.31
751.5  304950.10  192892.70  63.25
753.0  304364.75  192405.30  63.22
754.4  304048.00  192138.00  63.19
755.9  302937.50  191375.00  63.17
757.3  299928.85  189528.30  63.19
758.8  277259.40  175928.60  63.45
760.3  216591.00  137256.00  63.37
761.7  173828.60  108789.80  62.58
763.2  161502.00  101046.00  62.57
764.6  167499.00  104761.80  62.54
766.1  193536.00  121564.80  62.81
767.5  226551.15  142824.25  63.04
769.0  254272.00  160564.00  63.15
770.4  272429.50  171947.75  63.12
771.9  282380.00  178010.00  63.04
773.3  287315.75  180907.75  62.96
774.8  289003.00  181824.50  62.91
776.2  289923.00  182268.30  62.87
777.7  289966.60  182216.65  62.84
779.1  289266.00  181670.00  62.80
780.5  288707.40  181229.10  62.77
782.0  288002.45  180750.55  62.76
783.4  286694.40  180019.20  62.79
784.9  285214.80  179251.20  62.85
786.3  283049.60  178560.80  63.08
787.8  279155.60  177107.30  63.44
789.2  274015.75  175175.80  63.93
790.6  269452.20  173207.55  64.28
792.0  266726.60  171514.70  64.30
793.5  265474.80  170046.00  64.05
794.9  265241.70  169407.45  63.87
796.3  263971.70  169196.95  64.10
797.8  263971.20  169505.70  64.21
799.2  263993.00  169478.10  64.20
800.6  261976.00  168452.40  64.30
802.1  259888.65  167583.05  64.48
803.5  258352.60  166779.80  64.56
804.9  258585.60  166426.00  64.36
806.3  260406.00  166663.75  64.00
807.8  260992.45  166510.60  63.80
809.2  258485.90  165216.75  63.92
810.6  253689.75  163578.00  64.48
812.0  245875.30  161166.35  65.55
813.4  232050.00  156081.25  67.26
814.8  214479.25  148784.85  69.37
816.3  199009.50  141505.65  71.10
817.7  190395.40  136843.20  71.87
819.1  189909.15  135584.45  71.39
820.5  198313.50  138484.50  69.83
821.9  201724.65  139881.20  69.34
823.3  193585.70  135820.30  70.16
824.7  199659.80  138282.00  69.26
826.1  209440.00  142912.00  68.24
827.5  211422.00  143787.00  68.01
828.9  209071.75  142520.00  68.17
830.3  209385.00  142562.75  68.09
831.7  210677.70  142899.00  67.83
833.2  212081.70  143161.80  67.50
834.5  216565.30  144692.10  66.81
835.9  222731.60  147299.10  66.13
837.3  228230.75  149554.50  65.53
838.7  232638.75  150996.25  64.91
840.1  236731.60  152184.60  64.29
841.5  239037.60  152960.80  63.99
842.9  240490.95  152905.65  63.58
844.3  241293.00  152639.50  63.26
845.7  242863.20  152812.80  62.92
847.1  243921.90  153085.20  62.76
848.5  242970.00  152167.75  62.63
849.9  238113.20  149215.50  62.67
851.2  235433.55  147406.05  62.61
852.6  233982.45  146583.60  62.65
854.0  225789.85  141427.00  62.64
855.4  222177.70  138736.15  62.44
856.8  228183.45  142340.60  62.38
858.2  233381.10  145564.20  62.37
859.5  235972.00  147050.00  62.32
860.9  236695.20  147343.20  62.25
862.3  237361.20  147419.40  62.11
863.7  237591.80  147687.35  62.16
865.0  233912.25  145581.75  62.24
866.4  224970.20  139731.90  62.11
867.8  223180.65  138159.45  61.90
869.1  226062.60  140204.10  62.02
870.5  228758.10  141875.85  62.02
871.9  230413.60  142848.70  62.00
873.2  230338.90  142861.00  62.02
874.6  229399.80  142235.80  62.00
876.0  228684.00  141824.20  62.02
877.3  228340.60  141595.55  62.01
878.7  227915.60  141521.60  62.09
880.0  226313.40  140535.00  62.10
881.4  224659.50  139516.50  62.10
882.8  224549.40  139596.30  62.17
884.1  224900.00  139913.75  62.21
885.5  223664.70  139407.45  62.33
886.8  221428.35  138309.60  62.46
888.2  220760.40  137750.90  62.40
889.5  220789.80  137880.05  62.45
890.9  219841.00  137659.60  62.62
892.2  215896.90  136159.60  63.07
893.6  207960.05  133368.25  64.13
894.9  195829.20  128797.20  65.77
896.2  179635.00  122346.00  68.11
897.6  165558.00  115866.00  69.99
898.9  152943.50  109530.50  71.62
900.3  145135.90  105185.60  72.47
901.6  142959.60  103504.80  72.40
903.0  149933.20  106872.80  71.28
904.3  163568.65  113159.05  69.18
905.6  169080.60  116442.30  68.87
907.0  161580.25  113025.25  69.95
908.3  150507.50  107544.45  71.45
909.6  143164.20  104321.20  72.87
911.0  141724.80  103762.80  73.21
912.3  140913.50  103831.00  73.68
913.6  136720.65  102323.70  74.84
914.9  133992.40  101154.00  75.49
916.2  132417.40  100352.20  75.78
917.6  132696.90  100801.50  75.96
918.9  140063.85  103445.85  73.86
920.2  151296.60  107980.60  71.37
921.5  156800.00  109760.00  70.00
922.9  157092.00  109392.00  69.64
924.2  153533.80  108054.25  70.38
925.5  151516.75  107338.00  70.84
926.8  148493.40  106636.20  71.81
928.1  134642.55  101572.45  75.44
929.4  114921.75  92623.50  80.60
930.7  94042.40  81456.80  86.62
932.0  72807.60  68524.80  94.12
933.4  54735.00  56559.50  103.33
934.7  45139.05  49242.60  109.09
936.0  41717.50  47027.00  112.73
937.3  40050.40  45826.90  114.42
938.6  49051.80  50998.30  103.97
939.9  61701.00  60129.00  97.45
941.2  65272.00  63680.00  97.56
942.5  64037.40  62821.50  98.10
943.8  59580.00  59166.25  99.31
945.1  55979.70  56821.50  101.50
946.4  55134.60  56416.80  102.33
947.7  57261.60  57261.60  100.00
949.0  59147.60  58706.20  99.25
950.2  61444.50  60099.00  97.81
951.5  62451.45  61083.90  97.81
952.8  61592.30  61129.20  99.25
954.1  64042.40  62158.80  97.06
955.4  64665.00  62270.00  96.30
956.7  68138.00  63757.70  93.57
958.0  72676.80  66249.60  91.16
959.3  72475.20  66435.60  91.67
960.5  75746.40  68069.40  89.86
961.8  80693.00  71322.20  88.39
963.1  86406.30  73683.90  85.28
964.4  91116.35  76020.15  83.43
965.7  93802.05  77894.10  83.04
966.9  102232.95  81004.25  79.23
968.2  117244.90  87649.10  74.76
969.5  129161.60  93251.20  72.20
970.8  136880.00  96760.00  70.69
972.0  139582.80  97467.30  69.83
973.3  135036.00  95139.00  70.45
974.6  128945.70  92640.60  71.84
975.8  125695.85  91241.15  72.59
977.1  128818.80  92385.20  71.72
978.4  131402.70  92911.00  70.71
979.6  133300.05  94054.35  70.56
980.9  139531.50  96705.00  69.31
982.2  145178.50  98665.00  67.96
983.4  150333.70  100702.00  66.99
984.7  154831.80  101998.20  65.88
985.9  159675.45  103451.70  64.79
987.2  163200.60  104969.40  64.32
988.5  165921.80  105657.75  63.68
989.7  167346.30  105692.40  63.16
991.0  168631.60  106418.00  63.11
992.2  169961.75  107168.00  63.05
993.5  171360.00  107100.00  62.50
994.7  171745.00  106902.50  62.24
996.0  173053.45  106701.35  61.66
997.2  173016.40  107675.10  62.23
998.5  172980.75  106813.25  61.75
999.7  172722.30  106738.50  61.80
1001.0  171208.80  105512.40  61.63
1002.2  169947.55  105835.60  62.28
1003.4  168517.55  105452.70  62.58
1004.7  165193.05  102856.05  62.26
1005.9  164288.40  101900.40  62.03
1007.2  163743.30  101562.30  62.03
1008.4  164592.00  100812.60  61.25
1009.6  165073.30  101504.70  61.49
1010.9  164308.55  102055.00  62.11
1012.1  163986.55  101855.00  62.11
1013.3  165142.80  101940.00  61.73
1014.6  164477.60  101138.40  61.49
1015.8  164256.00  100606.80  61.25
1017.1  164262.90  101243.80  61.64
1018.3  164722.90  101127.35  61.39
1019.5  163788.50  101443.20  61.94
1020.8  164130.75  100838.50  61.44
1022.0  163642.50  100367.40  61.33
1023.2  162512.60  100179.00  61.64
1024.4  162469.45  101117.35  62.24
1025.7  162435.00  99781.50  61.43
1026.9  162920.40  99892.80  61.31
1028.1  163433.10  101230.95  61.94
1029.3  162454.50  99972.00  61.54
1030.6  162750.50  99957.00  61.42
1031.8  163698.60  100331.40  61.29
1033.0  162744.00  100358.80  61.67
1034.2  163127.25  100386.00  61.54
1035.4  163538.70  100418.50  61.40
1036.7  163647.30  100252.40  61.26
1037.9  162249.45  100079.10  61.68
1039.1  163542.75  101240.75  61.90
1040.3  163643.70  101074.05  61.76
1041.5  162958.95  100409.05  61.62
1042.7  163934.85  99712.95  60.82
1043.9  163235.70  100719.90  61.70
1045.2  163888.80  101539.80  61.96
1046.4  162754.30  100578.50  61.80
1047.6  163029.30  99316.70  60.92
1048.8  161397.60  99912.80  61.90
1050.0  161663.00  100546.50  62.20
1051.2  163939.95  101197.50  61.73
1052.4  161736.90  99530.40  61.54
1053.6  163213.05  99623.55  61.04
1054.8  160898.20  100017.80  62.16
1056.0  162928.70  100435.50  61.64
1057.2  161777.05  100256.20  61.97
1058.4  160583.70  102401.20  63.77
1059.7  159855.30  100207.80  62.69
1060.9  158551.25  100009.25  63.08
1062.1  160224.00  97636.50  60.94
1063.3  159420.60  100280.70  62.90
1064.5  161223.00  100434.00  62.30
1065.7  159828.05  100231.15  62.71
1066.9  157770.30  99644.40  63.16
1068.1  159070.80  99419.25  62.50
1069.3  156907.80  98793.80  62.96
1070.5  157606.10  98132.10  62.26
1071.7  155274.60  100471.80  64.71
1072.9  155955.00  99811.20  64.00
1074.1  154840.80  100001.35  64.58
1075.3  155084.40  101142.00  65.22
1076.5  154693.45  98740.50  63.83
