/*** Spectra Vista SIG Data ***/
name= 230503_1610_R882_T886.sig
instrument= HK: 9202056 (HR-512i)
integration= 10.0, 0.0, 0.0, 500.0, 0.0, 0.0
scan method= Time-based, Time-based
scan coadds= 500, 0, 0, 10, 0, 0
scan time= 5, 5
scan settings= AI, AI
external data set1= 0,0,0,0,0,0,0,0,0,0,0,0,0,0,0,0,0,0,0,0,0,0,0,0,0,0,0,0,0,0,0,0
external data set2= 0,0,0,0,0,0,0,0,0,0,0,0,0,0,0,0,0,0,0,0,0,0,0,0,0,0,0,0,0,0,0,0
external data dark= 0,0,0,0,0,0,0,0,0,0,0,0,0,0,0,0
external data mask= 0
optic= LENS 4(1), LENS 4(1)
temp= 22.5, 0.0, 0.0, 24.8, 0.0, 0.0
battery= 8.35, 8.29
error= 0, 0
units= Radiance, Radiance
time= 5/3/2023 4:07:50 PM, 5/3/2023 4:10:16 PM
longitude= 07755.9963W     , 07756.0606W     
latitude= 3404.2484N      , 3404.2688N      
gpstime= 171645.000      , 171909.000      
comm= 
memory slot= 882, 886
factors= 1.000, 1.000, 1.000 [Overlap: Preserve, Matching Type: None]
inclinometer x offset= 5, 11
inclinometer y offset= -12, 16
data= 
339.7  89025.75  2395.60  2.69
341.4  96459.00  2561.81  2.66
343.0  101201.60  2659.87  2.63
344.7  103521.50  2685.79  2.59
346.4  108854.10  2786.42  2.56
348.0  114551.95  2896.89  2.53
349.7  120322.80  3001.75  2.49
351.3  130405.25  3195.27  2.45
353.0  137577.30  3315.76  2.41
354.6  147143.10  3478.87  2.36
356.2  148013.25  3432.89  2.32
357.9  138651.75  3153.80  2.27
359.5  139255.20  3094.56  2.22
361.2  150062.10  3275.19  2.18
362.8  158062.10  3390.88  2.15
364.5  168433.80  3567.69  2.12
366.1  183526.90  3837.93  2.09
367.7  194889.60  4023.22  2.06
369.4  196927.50  4031.64  2.05
371.0  198862.30  4036.40  2.03
372.6  194405.25  3921.08  2.02
374.3  184698.50  3703.31  2.01
375.9  186908.70  3719.78  1.99
377.5  203759.40  4030.21  1.98
379.1  216929.90  4255.42  1.96
380.8  212693.60  4153.86  1.95
382.4  198202.50  3850.20  1.94
384.0  177820.20  3437.99  1.93
385.6  184295.80  3548.03  1.93
387.3  195530.40  3742.13  1.91
388.9  205151.80  3905.26  1.90
390.5  221487.75  4186.25  1.89
392.1  231018.75  4335.66  1.88
393.8  209680.00  3929.60  1.87
395.4  210634.20  3924.48  1.86
397.0  223288.00  4136.70  1.85
398.6  249775.90  4594.81  1.84
400.2  305591.60  5559.15  1.82
401.8  342851.25  6179.74  1.80
403.4  361713.80  6455.53  1.78
405.0  363900.00  6427.20  1.77
406.6  360995.25  6313.23  1.75
408.3  363227.55  6285.11  1.73
409.9  370751.20  6347.31  1.71
411.5  375756.75  6379.74  1.70
413.1  388900.00  6547.00  1.68
414.7  394852.50  6603.58  1.67
416.3  398684.00  6632.89  1.66
417.9  397869.90  6589.34  1.66
419.5  394143.60  6507.24  1.65
421.1  396542.00  6528.71  1.65
422.7  398855.60  6550.06  1.64
424.3  395707.50  6486.74  1.64
425.9  395076.00  6460.14  1.64
427.5  389430.50  6350.81  1.63
429.1  377970.80  6150.21  1.63
430.7  355084.05  5772.48  1.63
432.3  359071.05  5825.37  1.62
433.9  385620.20  6224.55  1.61
435.5  402911.45  6480.68  1.61
437.1  423548.00  6786.04  1.60
438.7  424333.60  6782.03  1.60
440.3  424876.55  6775.44  1.59
441.9  439301.25  6982.16  1.59
443.5  457170.50  7233.21  1.58
445.0  467751.25  7370.25  1.58
446.6  470122.95  7381.23  1.57
448.2  479873.25  7507.19  1.56
449.8  492571.95  7684.96  1.56
451.4  505527.30  7869.35  1.56
453.0  503280.25  7826.04  1.56
454.6  495901.50  7710.08  1.55
456.2  497777.70  7737.28  1.55
457.8  502901.10  7817.23  1.55
459.3  503165.70  7822.69  1.55
460.9  504639.30  7851.03  1.56
462.5  510979.20  7954.37  1.56
464.1  511387.20  7964.16  1.56
465.7  506368.80  7900.51  1.56
467.2  501388.00  7831.34  1.56
468.8  499100.70  7799.92  1.56
470.4  497218.50  7773.57  1.56
472.0  499169.85  7804.50  1.56
473.6  504886.25  7893.49  1.56
475.1  508563.50  7946.06  1.56
476.7  509231.90  7953.50  1.56
478.3  512771.10  8011.51  1.56
479.9  516427.65  8082.13  1.57
481.5  519042.70  8140.99  1.57
483.0  517871.35  8143.56  1.57
484.6  507763.20  8006.40  1.58
486.2  484390.55  7668.15  1.58
487.8  471290.40  7488.18  1.59
489.3  480337.50  7639.50  1.59
490.9  490668.00  7809.02  1.59
492.5  491873.80  7840.94  1.59
494.0  495305.00  7911.01  1.60
495.6  499833.25  7993.73  1.60
497.2  501096.40  8031.95  1.60
498.8  495579.85  7961.48  1.61
500.3  487673.80  7855.39  1.61
501.9  478506.75  7730.91  1.62
503.5  476749.00  7713.16  1.62
505.0  478872.65  7763.88  1.62
506.6  482665.05  7843.92  1.63
508.2  480524.40  7833.02  1.63
509.7  478930.50  7836.06  1.64
511.3  477982.50  7849.01  1.64
512.9  473108.85  7799.76  1.65
514.4  464179.50  7682.95  1.66
516.0  453810.00  7545.00  1.66
517.5  439345.80  7343.94  1.67
519.1  438423.05  7355.22  1.68
520.7  447832.00  7530.60  1.68
522.2  453108.00  7638.42  1.69
523.8  459103.90  7763.72  1.69
525.4  461858.05  7837.09  1.70
526.9  456025.20  7770.36  1.70
528.5  459494.40  7856.45  1.71
530.0  467281.50  8013.41  1.71
531.6  470502.80  8094.57  1.72
533.2  467684.10  8077.92  1.73
534.7  470008.00  8149.68  1.73
536.3  470848.60  8194.88  1.74
537.8  468639.85  8189.38  1.75
539.4  464728.80  8155.25  1.75
541.0  460340.40  8110.54  1.76
542.5  460588.80  8142.55  1.77
544.1  463947.30  8231.33  1.77
545.6  465672.75  8289.48  1.78
547.2  465150.70  8313.23  1.79
548.7  465192.00  8346.24  1.79
550.3  465995.10  8391.52  1.80
551.8  466470.90  8435.26  1.81
553.4  467867.40  8497.06  1.82
554.9  469856.20  8571.74  1.82
556.5  468163.60  8577.21  1.83
558.0  464035.00  8536.12  1.84
559.6  460113.50  8499.58  1.85
561.1  462529.60  8571.46  1.85
562.7  465508.30  8657.03  1.86
564.2  469074.25  8750.91  1.87
565.8  468456.60  8767.51  1.87
567.3  468133.25  8784.61  1.88
568.9  467778.50  8798.43  1.88
570.4  465501.60  8776.59  1.89
572.0  466139.25  8808.65  1.89
573.5  469813.05  8898.71  1.89
575.1  471017.60  8942.46  1.90
576.6  470096.50  8946.87  1.90
578.2  468301.35  8938.15  1.91
579.7  467624.30  8954.52  1.91
581.2  469827.70  9025.84  1.92
582.8  473637.00  9126.79  1.93
584.3  474726.00  9167.50  1.93
585.9  472479.90  9139.51  1.93
587.4  468018.00  9054.50  1.93
588.9  457943.25  8849.05  1.93
590.5  451318.50  8709.93  1.93
592.0  452946.45  8731.79  1.93
593.6  455218.40  8771.10  1.93
595.1  455917.00  8772.57  1.92
596.6  456591.20  8769.25  1.92
598.2  456580.25  8747.27  1.92
599.7  454843.85  8681.89  1.91
601.2  452409.30  8598.53  1.90
602.8  451507.25  8548.87  1.89
604.3  452986.20  8554.97  1.89
605.8  454454.80  8570.71  1.89
607.4  454021.20  8561.38  1.89
608.9  451418.05  8520.39  1.89
610.5  448575.05  8476.97  1.89
612.0  446082.00  8442.21  1.89
613.5  442939.75  8395.41  1.90
615.0  440037.50  8355.84  1.90
616.6  436310.40  8298.32  1.90
618.1  436363.20  8311.46  1.90
619.6  438634.00  8366.08  1.91
621.2  440025.80  8404.76  1.91
622.7  438412.80  8385.79  1.91
624.2  435568.50  8343.72  1.92
625.8  431994.45  8286.22  1.92
627.3  430023.00  8251.14  1.92
628.8  427575.05  8209.00  1.92
630.3  425787.10  8189.75  1.92
631.8  424641.10  8187.35  1.93
633.4  425437.10  8227.10  1.93
634.9  426345.30  8274.04  1.94
636.4  427683.05  8328.72  1.95
638.0  429676.80  8395.88  1.95
639.5  429492.00  8420.16  1.96
641.0  428116.15  8422.57  1.97
642.5  427256.20  8429.83  1.97
644.0  426689.00  8437.46  1.98
645.5  425422.50  8425.31  1.98
647.1  423486.80  8393.87  1.98
648.6  421176.60  8353.29  1.98
650.1  419136.00  8321.66  1.99
651.6  419608.25  8340.02  1.99
653.1  420298.35  8350.71  1.99
654.7  416918.15  8268.09  1.98
656.2  404818.20  7999.44  1.98
657.7  398132.00  7827.65  1.97
659.2  402897.95  7871.96  1.95
660.7  409504.00  7952.29  1.94
662.2  415439.70  8022.12  1.93
663.7  418075.05  8032.04  1.92
665.2  418722.60  8011.15  1.91
666.8  418742.20  7993.81  1.91
668.3  418388.40  7974.61  1.91
669.8  417886.15  7960.25  1.90
671.3  416711.70  7936.52  1.90
672.8  415973.40  7926.84  1.91
674.3  415267.80  7914.14  1.91
675.8  415009.00  7917.39  1.91
677.3  414523.20  7922.54  1.91
678.8  413910.20  7928.71  1.92
680.3  412908.50  7930.77  1.92
681.8  411648.65  7931.73  1.93
683.3  409034.45  7902.20  1.93
684.8  403876.60  7825.75  1.94
686.3  388614.00  7537.05  1.94
687.8  368768.40  7148.23  1.94
689.3  360636.85  6991.84  1.94
690.8  361063.20  6999.36  1.94
692.3  366968.10  7102.04  1.94
693.8  371908.90  7177.50  1.93
695.3  375312.60  7212.22  1.92
696.8  379012.80  7253.17  1.91
698.3  379568.00  7213.92  1.90
699.8  377669.95  7105.36  1.88
701.3  374461.80  6967.88  1.86
702.8  373939.20  6875.03  1.84
704.2  375362.60  6810.00  1.81
705.7  377076.00  6741.81  1.79
707.2  377677.70  6643.84  1.76
708.7  377484.60  6522.28  1.73
710.2  377357.00  6386.21  1.69
711.7  376319.00  6225.26  1.65
713.2  374610.40  6038.58  1.61
714.7  371765.10  5818.93  1.57
716.2  363688.00  5499.44  1.51
717.6  347274.00  5051.16  1.45
719.1  330132.20  4609.17  1.40
720.6  325312.00  4372.67  1.34
722.1  330924.00  4306.59  1.30
723.6  331700.80  4170.33  1.26
725.0  329015.70  3984.64  1.21
726.5  327987.90  3824.87  1.17
728.0  327229.20  3673.03  1.12
729.5  326761.20  3521.70  1.08
731.0  328900.65  3394.56  1.03
732.4  334243.80  3317.75  0.99
733.9  341086.55  3267.17  0.96
735.4  345225.10  3204.12  0.93
736.8  346845.00  3135.00  0.90
738.3  346967.50  3075.11  0.89
739.8  346211.25  3026.10  0.87
741.2  344991.15  2991.90  0.87
742.7  345202.40  2977.23  0.86
744.2  346743.60  2976.46  0.86
745.7  347382.75  2970.80  0.86
747.1  347931.60  2963.51  0.85
748.6  347306.10  2947.35  0.85
750.0  345523.05  2923.33  0.85
751.5  343748.60  2902.25  0.84
753.0  342648.85  2875.62  0.84
754.4  342178.00  2870.60  0.84
755.9  341000.00  2848.75  0.84
757.3  338074.10  2814.55  0.83
758.8  316977.00  2616.02  0.83
760.3  252388.50  2043.36  0.81
761.7  200797.50  1577.65  0.79
763.2  185526.00  1416.36  0.76
764.6  190542.60  1445.22  0.76
766.1  218467.20  1675.97  0.77
767.5  254844.60  1997.50  0.78
769.0  285919.00  2283.79  0.80
770.4  306154.25  2473.61  0.81
771.9  317030.00  2583.00  0.81
773.3  322195.50  2637.56  0.82
774.8  323895.00  2661.23  0.82
776.2  324627.00  2673.65  0.82
777.7  324493.40  2671.44  0.82
779.1  323528.00  2669.92  0.83
780.5  322809.65  2669.72  0.83
782.0  322134.95  2671.44  0.83
783.4  320870.40  2669.57  0.83
784.9  319680.20  2670.10  0.84
786.3  318746.00  2668.17  0.84
787.8  316924.65  2657.41  0.84
789.2  314490.75  2645.45  0.84
790.6  311625.90  2625.60  0.84
792.0  308959.70  2615.62  0.85
793.5  305744.40  2605.68  0.85
794.9  304091.10  2611.16  0.86
796.3  304065.35  2615.26  0.86
797.8  304684.50  2634.39  0.86
799.2  304628.10  2657.95  0.87
800.6  303287.60  2656.40  0.88
802.1  302040.30  2655.65  0.88
803.5  300733.40  2648.80  0.88
804.9  299566.80  2651.27  0.89
806.3  299310.50  2658.80  0.89
807.8  298944.15  2662.58  0.89
809.2  296884.90  2639.43  0.89
810.6  294789.75  2607.80  0.88
812.0  292042.20  2563.20  0.88
813.4  285918.75  2482.00  0.87
814.8  276067.75  2361.97  0.86
816.3  265529.25  2234.18  0.84
817.7  257922.60  2142.09  0.83
819.1  254689.65  2102.53  0.83
820.5  257565.00  2111.34  0.82
821.9  259578.20  2109.95  0.81
823.3  253976.80  2017.02  0.79
824.7  256913.40  1999.02  0.78
826.1  263278.40  2010.62  0.76
827.5  265154.25  1978.95  0.75
828.9  263407.50  1896.03  0.72
830.3  262894.50  1835.35  0.70
831.7  262986.60  1788.20  0.68
833.2  262906.80  1750.94  0.67
834.5  264525.80  1713.07  0.65
835.9  267853.95  1711.63  0.64
837.3  270980.50  1707.21  0.63
838.7  272753.75  1714.78  0.63
840.1  274132.90  1705.27  0.62
841.5  274806.00  1698.27  0.62
842.9  274404.45  1689.78  0.62
844.3  273585.00  1680.38  0.61
845.7  273638.00  1679.73  0.61
847.1  273586.00  1672.26  0.61
848.5  272095.25  1638.49  0.60
849.9  266693.10  1607.42  0.60
851.2  263282.25  1568.49  0.60
852.6  262196.55  1556.64  0.59
854.0  253417.45  1506.36  0.59
855.4  247826.40  1462.31  0.59
856.8  253649.60  1480.75  0.58
858.2  259350.30  1510.31  0.58
859.5  261922.00  1505.10  0.57
860.9  262800.00  1510.22  0.57
862.3  263084.20  1507.90  0.57
863.7  263073.70  1500.20  0.57
865.0  259720.75  1475.81  0.57
866.4  249823.70  1410.21  0.56
867.8  246486.90  1379.73  0.56
869.1  249461.40  1396.38  0.56
870.5  252626.85  1405.39  0.56
871.9  254576.10  1407.22  0.55
873.2  254801.40  1401.21  0.55
874.6  253766.10  1390.66  0.55
876.0  252956.60  1376.12  0.54
877.3  252515.45  1361.11  0.54
878.7  252393.90  1345.28  0.53
880.0  250672.80  1328.32  0.53
881.4  248895.75  1294.01  0.52
882.8  249096.15  1302.05  0.52
884.1  249552.50  1293.18  0.52
885.5  248832.45  1278.08  0.51
886.8  247139.75  1263.41  0.51
888.2  246336.30  1247.39  0.51
889.5  246457.75  1258.41  0.51
890.9  246083.80  1247.68  0.51
892.2  244341.20  1217.04  0.50
893.6  240771.00  1184.97  0.49
894.9  235090.80  1125.18  0.48
896.2  226243.00  1072.96  0.47
897.6  216972.00  1003.68  0.46
898.9  207085.00  958.08  0.46
900.3  200004.35  905.20  0.45
901.6  196761.60  886.45  0.45
903.0  200775.60  907.90  0.45
904.3  210302.55  955.68  0.45
905.6  215072.65  978.33  0.45
907.0  211214.25  938.73  0.44
908.3  203321.95  897.57  0.44
909.6  197821.85  860.10  0.43
911.0  197121.20  849.22  0.43
912.3  197678.25  850.05  0.43
913.6  195686.85  826.68  0.42
914.9  194098.40  809.23  0.42
916.2  192985.00  801.63  0.42
917.6  192876.90  806.41  0.42
918.9  195906.30  823.91  0.42
920.2  201419.40  847.76  0.42
921.5  203526.40  846.72  0.42
922.9  202566.00  826.80  0.41
924.2  200948.65  825.73  0.41
925.5  199949.75  811.58  0.41
926.8  199652.20  790.64  0.40
928.1  193358.85  762.64  0.39
929.4  180787.35  686.10  0.38
930.7  163612.80  608.30  0.37
932.0  142403.10  521.07  0.37
933.4  122241.50  452.48  0.37
934.7  108184.50  395.43  0.37
936.0  103535.25  371.67  0.36
937.3  101666.40  346.59  0.34
938.6  109782.60  373.73  0.34
939.9  125367.00  400.86  0.32
941.2  132136.00  461.68  0.35
942.5  131317.20  462.04  0.35
943.8  124538.75  446.85  0.36
945.1  119956.50  420.90  0.35
946.4  118817.20  410.30  0.35
947.7  121030.20  407.77  0.34
949.0  123150.60  406.09  0.33
950.2  125580.00  412.62  0.33
951.5  127638.00  419.38  0.33
952.8  127352.50  389.00  0.31
954.1  129026.60  423.81  0.33
955.4  128851.00  431.10  0.33
956.7  130922.30  438.03  0.33
958.0  134476.80  484.51  0.36
959.3  134884.40  432.84  0.32
960.5  138186.00  470.86  0.34
961.8  142644.40  468.54  0.33
963.1  146307.60  477.09  0.33
964.4  149344.55  496.02  0.33
965.7  151948.35  526.61  0.35
966.9  157539.30  536.30  0.34
968.2  166760.95  591.92  0.35
969.5  174339.20  602.37  0.35
970.8  178180.00  625.40  0.35
972.0  179893.35  661.82  0.37
973.3  176774.40  650.63  0.37
974.6  173388.15  638.47  0.37
975.8  170359.35  625.29  0.37
977.1  171758.40  611.56  0.36
978.4  173876.30  597.29  0.34
979.6  174575.70  622.52  0.36
980.9  177522.75  649.31  0.37
982.2  181120.75  634.28  0.35
983.4  182702.20  690.53  0.38
984.7  184917.60  733.80  0.40
985.9  186662.85  704.67  0.38
987.2  188485.20  781.52  0.41
988.5  188618.65  751.34  0.40
989.7  188965.20  784.69  0.42
991.0  189096.60  753.11  0.40
992.2  189218.50  770.27  0.41
993.5  190209.60  805.39  0.42
994.7  189270.00  823.68  0.44
996.0  190089.80  789.05  0.42
997.2  189581.80  809.86  0.43
998.5  189050.00  812.92  0.43
999.7  189218.25  756.87  0.40
1001.0  188130.60  796.32  0.42
1002.2  186229.95  854.83  0.46
1003.4  185059.15  868.43  0.47
1004.7  181816.25  810.38  0.45
1005.9  178845.60  769.45  0.43
1007.2  178252.20  766.90  0.43
1008.4  177965.10  740.66  0.42
1009.6  178402.20  779.23  0.44
1010.9  178596.25  816.44  0.46
1012.1  178246.25  835.21  0.47
1013.3  178395.00  835.91  0.47
1014.6  177758.40  837.71  0.47
1015.8  177601.80  821.28  0.46
1017.1  177693.20  785.16  0.44
1018.3  177233.50  771.49  0.44
1019.5  177525.60  781.96  0.44
1020.8  177003.75  836.75  0.47
1022.0  176733.90  850.94  0.48
1023.2  175869.80  868.22  0.49
1024.4  176103.25  840.75  0.48
1025.7  176358.00  858.59  0.49
1026.9  176001.60  832.44  0.47
1028.1  176849.25  878.15  0.50
1029.3  176200.65  824.77  0.47
1030.6  175565.50  845.79  0.48
1031.8  176900.10  924.11  0.52
1033.0  176306.00  976.46  0.55
1034.2  175675.50  920.21  0.52
1035.4  175015.10  889.42  0.51
1036.7  175441.70  943.55  0.54
1037.9  175896.60  879.48  0.50
1039.1  176003.15  996.83  0.57
1040.3  176478.50  994.70  0.56
1041.5  176127.35  1020.55  0.58
1042.7  177455.25  1047.83  0.59
1043.9  177128.10  1076.66  0.61
1045.2  176358.60  997.58  0.57
1046.4  175555.20  1024.07  0.58
1047.6  174272.70  1086.86  0.62
1048.8  174847.40  1114.41  0.64
1050.0  175463.50  1222.33  0.70
1051.2  176083.65  1214.37  0.69
1052.4  176251.75  1119.72  0.64
1053.6  175930.95  1144.61  0.65
1054.8  176118.30  1261.09  0.72
1056.0  176320.10  1249.86  0.71
1057.2  175448.35  1275.99  0.73
1058.4  174547.50  1117.10  0.64
1059.7  174170.70  1145.23  0.66
1060.9  173186.75  1122.06  0.65
1062.1  170238.00  1251.75  0.74
1063.3  172277.10  1491.35  0.87
1064.5  174438.00  1374.36  0.79
1065.7  173372.80  1408.65  0.81
1066.9  174377.70  1217.88  0.70
1068.1  176114.10  1477.09  0.84
1069.3  171436.30  1336.62  0.78
1070.5  172474.60  1427.38  0.83
1071.7  170497.60  1400.52  0.82
1072.9  171550.50  1372.40  0.80
1074.1  170970.05  1354.86  0.79
1075.3  171941.40  1550.84  0.90
1076.5  171150.20  1448.19  0.85
