/*** Spectra Vista SIG Data ***/
name= 230505_1429_R930_T931.sig
instrument= HK: 9202056 (HR-512i)
integration= 10.0, 0.0, 0.0, 10.0, 0.0, 0.0
scan method= Time-based, Time-based
scan coadds= 500, 0, 0, 500, 0, 0
scan time= 5, 5
scan settings= AI, AI
external data set1= 0,0,0,0,0,0,0,0,0,0,0,0,0,0,0,0,0,0,0,0,0,0,0,0,0,0,0,0,0,0,0,0
external data set2= 0,0,0,0,0,0,0,0,0,0,0,0,0,0,0,0,0,0,0,0,0,0,0,0,0,0,0,0,0,0,0,0
external data dark= 0,0,0,0,0,0,0,0,0,0,0,0,0,0,0,0
external data mask= 0
optic= LENS 4(1), LENS 4(1)
temp= 25.1, 0.0, 0.0, 25.7, 0.0, 0.0
battery= 8.27, 8.24
error= 0, 0
units= Radiance, Radiance
time= 5/5/2023 2:29:13 PM, 5/5/2023 2:29:41 PM
longitude= 07745.5848W     , 07745.6244W     
latitude= 3411.3895N      , 3411.3568N      
gpstime= 153714.000      , 153743.000      
comm= 
memory slot= 930, 931
factors= 1.000, 1.000, 1.000 [Overlap: Preserve, Matching Type: None]
inclinometer x offset= 5, 5
inclinometer y offset= -14, -20
data= 
339.7  56113.20  57192.30  101.92
341.4  60656.20  61872.80  102.01
343.0  63251.00  64749.05  102.37
344.7  64901.25  66343.50  102.22
346.4  68588.80  69966.70  102.01
348.0  72054.50  73525.00  102.04
349.7  75956.40  77500.80  102.03
351.3  82203.10  83705.15  101.83
353.0  86771.30  88509.40  102.00
354.6  92891.40  94582.70  101.82
356.2  92492.40  94271.10  101.92
357.9  86673.00  88426.50  102.02
359.5  88170.40  89889.60  101.95
361.2  94660.20  96617.00  102.07
362.8  100040.85  101995.25  101.95
364.5  106788.00  108972.30  102.05
366.1  116811.90  118995.30  101.87
367.7  123373.80  125665.20  101.86
369.4  124840.10  127227.10  101.91
371.0  125989.50  128237.20  101.78
372.6  122813.25  125168.25  101.92
374.3  116983.50  119201.75  101.90
375.9  119662.95  121847.00  101.83
377.5  130891.80  133365.70  101.89
379.1  138454.25  140862.15  101.74
380.8  135340.80  137788.00  101.81
382.4  125235.00  127512.00  101.82
384.0  113495.85  115502.85  101.77
385.6  118850.40  120889.50  101.72
387.3  125892.00  128138.40  101.78
388.9  132512.60  134760.10  101.70
390.5  143427.35  145845.15  101.69
392.1  148268.25  150682.50  101.63
393.8  134080.00  136320.00  101.67
395.4  137126.85  139349.70  101.62
397.0  144549.60  147120.35  101.78
398.6  164712.90  167384.30  101.62
400.2  200717.20  203885.00  101.58
401.8  224164.50  227596.25  101.53
403.4  235743.20  239232.00  101.48
405.0  237060.00  240540.00  101.47
406.6  235562.25  239027.25  101.47
408.3  238182.00  241576.65  101.43
409.9  243236.80  246774.40  101.45
411.5  247416.75  250987.50  101.44
413.1  256450.00  260150.00  101.44
414.7  260433.60  264201.00  101.45
416.3  263296.00  267082.75  101.44
417.9  262740.00  266499.90  101.43
419.5  260755.35  264491.10  101.43
421.1  262963.20  266729.60  101.43
422.7  264176.00  267979.80  101.44
424.3  262496.20  266218.10  101.42
425.9  262139.35  265873.30  101.42
427.5  258211.50  261845.50  101.41
429.1  250175.85  253720.30  101.42
430.7  234962.25  238393.20  101.46
432.3  240492.85  243944.35  101.44
433.9  257665.10  261480.10  101.48
435.5  269546.20  273503.40  101.47
437.1  282910.00  287052.00  101.46
438.7  282483.20  286630.65  101.47
440.3  283950.45  288032.50  101.44
441.9  294180.75  298426.50  101.44
443.5  305908.20  310368.40  101.46
445.0  312557.50  317091.25  101.45
446.6  314313.45  318882.30  101.45
448.2  321646.90  326329.55  101.46
449.8  330324.15  335121.80  101.45
451.4  339015.70  343889.60  101.44
453.0  336697.90  341556.05  101.44
454.6  332524.35  337285.65  101.43
456.2  334400.15  339132.80  101.42
457.8  337862.60  342728.60  101.44
459.3  338045.40  342842.10  101.42
460.9  339600.80  344403.40  101.41
462.5  344066.40  348921.60  101.41
464.1  344025.60  348880.80  101.41
465.7  340802.40  345576.00  101.40
467.2  337654.50  342422.25  101.41
468.8  336500.70  341216.10  101.40
470.4  335218.50  339957.00  101.41
472.0  337245.30  341925.90  101.39
473.6  341074.25  345852.10  101.40
475.1  343570.00  348364.00  101.40
476.7  344000.50  348804.20  101.40
478.3  346726.05  351538.95  101.39
479.9  349335.45  354190.05  101.39
481.5  351344.80  356168.40  101.37
483.0  350478.20  355270.80  101.37
484.6  343219.20  347904.00  101.36
486.2  327059.95  331523.50  101.36
487.8  320052.60  324399.60  101.36
489.3  326887.50  331387.50  101.38
490.9  333684.00  338259.60  101.37
492.5  334376.90  338946.30  101.37
494.0  337296.50  341859.00  101.35
495.6  340312.00  344962.45  101.37
497.2  341063.55  345662.40  101.35
498.8  337193.95  341728.30  101.34
500.3  331836.10  336243.00  101.33
501.9  325854.50  330170.00  101.32
503.5  324851.80  329144.40  101.32
505.0  326496.50  330798.65  101.32
506.6  329025.60  333361.80  101.32
508.2  327564.00  331873.20  101.32
509.7  326848.50  331097.85  101.30
511.3  326416.30  330675.55  101.30
512.9  323013.15  327173.85  101.29
514.4  317108.50  321226.00  101.30
516.0  309540.00  313710.00  101.35
517.5  300022.65  304032.60  101.34
519.1  300673.10  304552.95  101.29
520.7  307538.00  311388.00  101.25
522.2  311130.50  314943.00  101.23
523.8  315284.60  319251.20  101.26
525.4  316573.05  320635.10  101.28
526.9  312631.00  316703.70  101.30
528.5  315670.80  319839.60  101.32
530.0  320851.35  325148.85  101.34
531.6  322624.00  326969.20  101.35
533.2  320741.10  325104.35  101.36
534.7  322672.00  327068.00  101.36
536.3  323008.20  327511.80  101.39
537.8  321541.85  326021.15  101.39
539.4  318642.00  323113.20  101.40
541.0  315854.40  320298.00  101.41
542.5  316213.20  320712.00  101.42
544.1  318577.70  323120.50  101.43
545.6  319652.25  324258.75  101.44
547.2  319272.40  323923.35  101.46
548.7  319536.00  324212.00  101.46
550.3  320149.95  324851.00  101.47
551.8  320553.45  325287.90  101.48
553.4  321578.40  326354.60  101.49
554.9  322986.40  327783.80  101.49
556.5  321667.20  326456.00  101.49
558.0  318806.50  323556.00  101.49
559.6  316361.50  321121.50  101.50
561.1  318229.50  323007.45  101.50
562.7  320253.20  325109.20  101.52
564.2  322536.75  327441.90  101.52
565.8  322007.00  326968.20  101.54
567.3  321859.30  326734.05  101.51
568.9  321325.80  326114.70  101.49
570.4  319659.75  324348.30  101.47
572.0  320415.00  324996.75  101.43
573.5  322861.35  327459.30  101.42
575.1  323547.20  328046.40  101.39
576.6  323025.50  327448.00  101.37
578.2  321855.65  326269.25  101.37
579.7  321827.20  326207.90  101.36
581.2  323719.90  328105.00  101.35
582.8  326639.70  331074.15  101.36
584.3  327406.00  331787.50  101.34
585.9  325750.80  330116.40  101.34
587.4  322056.00  326332.80  101.33
588.9  313777.75  317969.75  101.34
590.5  309021.60  313126.00  101.33
592.0  309947.70  314062.05  101.33
593.6  311467.00  315590.60  101.32
595.1  312049.10  316175.20  101.32
596.6  313005.60  317133.60  101.32
598.2  313514.50  317684.50  101.33
599.7  312961.45  317167.45  101.34
601.2  311928.40  316099.70  101.34
602.8  312008.80  316144.20  101.33
604.3  313407.00  317571.40  101.33
605.8  314614.20  318777.20  101.32
607.4  314381.25  318536.55  101.32
608.9  312624.50  316729.30  101.31
610.5  310792.90  314883.25  101.32
612.0  309145.20  313183.65  101.31
613.5  307014.50  311037.50  101.31
615.0  305067.70  308999.95  101.29
616.6  302604.80  306515.20  101.29
618.1  302929.20  306860.40  101.30
619.6  304570.00  308522.00  101.30
621.2  305447.20  309381.80  101.29
622.7  304204.80  308121.60  101.29
624.2  302169.60  306000.90  101.27
625.8  299642.35  303498.40  101.29
627.3  297946.75  301754.00  101.28
628.8  295952.65  299709.90  101.27
630.3  294711.15  298466.45  101.27
631.8  294149.70  297857.30  101.26
633.4  294993.60  298738.00  101.27
634.9  295888.40  299665.00  101.28
636.4  297099.75  300862.60  101.27
638.0  298738.80  302491.80  101.26
639.5  298620.00  302400.00  101.27
641.0  297847.55  301532.00  101.24
642.5  297362.80  301120.40  101.26
644.0  296958.00  300656.00  101.25
645.5  295739.00  299462.80  101.26
647.1  293646.00  297308.40  101.25
648.6  291364.30  294964.10  101.24
650.1  289970.25  293598.75  101.25
651.6  290511.85  294107.85  101.24
653.1  291174.15  294673.95  101.20
654.7  288596.00  291969.20  101.17
656.2  280041.60  283288.05  101.16
657.7  276544.80  279848.80  101.19
659.2  280524.40  283893.35  101.20
660.7  285497.25  288935.25  101.20
662.2  289802.50  293313.80  101.21
663.7  291765.90  295254.30  101.20
665.2  292394.80  295901.20  101.20
666.8  292562.65  296079.85  101.20
668.3  292422.00  295893.90  101.19
669.8  292084.65  295560.10  101.19
671.3  291212.10  294698.20  101.20
672.8  290766.00  294178.05  101.17
674.3  290218.40  293661.50  101.19
675.8  290122.50  293455.50  101.15
677.3  289737.00  293109.60  101.16
678.8  289313.20  292673.70  101.16
680.3  288591.40  291990.90  101.18
681.8  287662.55  291097.80  101.19
683.3  285689.25  289103.65  101.20
684.8  281696.80  285032.40  101.18
686.3  269374.00  272571.80  101.19
687.8  255091.20  258094.20  101.18
689.3  249582.90  252495.25  101.17
690.8  250111.20  253202.40  101.24
692.3  253739.20  256844.40  101.22
693.8  255997.20  259116.40  101.22
695.3  258034.40  261220.70  101.23
696.8  261330.00  264645.80  101.27
698.3  261856.00  265160.00  101.26
699.8  260115.95  263332.05  101.24
701.3  257838.70  260899.10  101.19
702.8  257948.80  260978.40  101.17
704.2  259585.00  262651.60  101.18
705.7  261246.40  264355.20  101.19
707.2  262118.80  265272.35  101.20
708.7  262514.40  265611.60  101.18
710.2  262813.65  265860.30  101.16
711.7  262257.00  265360.00  101.18
713.2  261192.80  264194.40  101.15
714.7  258619.20  261626.40  101.16
716.2  250331.40  253182.80  101.14
717.6  234576.00  237222.00  101.13
719.1  220106.20  222545.20  101.11
720.6  217436.80  219830.40  101.10
722.1  223068.50  225575.50  101.12
723.6  223066.60  225637.50  101.15
725.0  220533.30  223003.80  101.12
726.5  219539.40  221961.60  101.10
728.0  219019.95  221510.70  101.14
729.5  219230.80  221677.20  101.12
731.0  221612.80  224126.05  101.13
732.4  227317.20  229897.80  101.14
733.9  234246.95  236951.75  101.15
735.4  238439.85  241215.70  101.16
736.8  240483.00  243333.00  101.19
738.3  241386.15  244253.65  101.19
739.8  241741.50  244629.00  101.19
741.2  241836.30  244738.80  101.20
742.7  242827.20  245688.80  101.18
744.2  244490.40  247371.60  101.18
745.7  245295.00  248198.25  101.18
747.1  245844.60  248769.90  101.19
748.6  245532.30  248419.50  101.18
750.0  244358.85  247270.05  101.19
751.5  243239.10  246049.70  101.16
753.0  242630.10  245522.95  101.19
754.4  242358.00  245210.00  101.18
755.9  241437.50  244312.50  101.19
757.3  239022.55  241859.80  101.19
758.8  220483.60  223093.25  101.18
760.3  170989.50  172989.00  101.17
761.7  135824.00  137260.60  101.06
763.2  125070.00  126456.00  101.11
764.6  130003.20  131535.00  101.18
766.1  151670.40  153552.00  101.24
767.5  179056.15  181295.20  101.25
769.0  202006.50  204472.50  101.22
770.4  216891.00  219453.25  101.18
771.9  224910.00  227570.00  101.18
773.3  228805.50  231494.00  101.18
774.8  230087.00  232875.50  101.21
776.2  230781.60  233529.00  101.19
777.7  230715.10  233421.65  101.17
779.1  230140.00  232804.00  101.16
780.5  229646.80  232345.00  101.17
782.0  229142.85  231873.45  101.19
783.4  228172.80  230937.60  101.21
784.9  227331.60  230054.60  101.20
786.3  226392.40  229071.60  101.18
787.8  224538.20  227173.25  101.17
789.2  222126.80  224798.15  101.20
790.6  219565.80  222191.40  101.20
792.0  217579.60  220078.60  101.15
793.5  215645.40  218268.00  101.22
794.9  214875.00  217453.50  101.20
796.3  214706.30  217326.80  101.22
797.8  215097.50  217669.80  101.20
799.2  214978.60  217591.50  101.22
800.6  213886.00  216359.20  101.16
802.1  212712.30  215317.70  101.22
803.5  211714.80  214269.00  101.21
804.9  211351.40  213852.60  101.18
806.3  211628.75  214170.25  101.20
807.8  211516.15  213999.90  101.17
809.2  209880.85  212407.10  101.20
810.6  207863.25  210329.25  101.19
812.0  204617.55  207019.90  101.17
813.4  197943.75  200281.25  101.18
814.8  188331.15  190600.20  101.20
816.3  179108.55  181197.60  101.17
817.7  173290.00  175190.60  101.10
819.1  171838.80  173770.85  101.12
820.5  175675.50  177639.00  101.12
821.9  177081.15  178958.75  101.06
823.3  172222.05  174131.65  101.11
824.7  175763.70  177825.80  101.17
826.1  181227.20  183321.60  101.16
827.5  182489.25  184493.25  101.10
828.9  180949.50  182985.50  101.13
830.3  180950.00  183147.25  101.21
831.7  181311.30  183540.00  101.23
833.2  181879.35  184008.15  101.17
834.5  184141.30  186167.80  101.10
835.9  187346.90  189541.30  101.17
837.3  190354.75  192443.50  101.10
838.7  192241.25  194501.25  101.18
840.1  193741.60  196034.40  101.18
841.5  194545.20  197017.00  101.27
842.9  194781.45  196993.20  101.14
844.3  194350.00  196891.50  101.31
845.7  194806.00  197231.60  101.25
847.1  195045.30  197197.10  101.10
848.5  193908.75  196089.25  101.12
849.9  189953.70  192164.30  101.16
851.2  187898.70  190139.40  101.19
852.6  186796.80  188904.75  101.13
854.0  180237.20  182375.05  101.19
855.4  177209.20  179207.80  101.13
856.8  181636.05  183828.50  101.21
858.2  185543.10  187764.15  101.20
859.5  187359.00  189608.00  101.20
860.9  187814.40  190092.00  101.21
862.3  188221.40  190350.20  101.13
863.7  188243.05  190575.90  101.24
865.0  185385.00  187566.00  101.18
866.4  178208.80  180233.90  101.14
867.8  176568.15  178805.55  101.27
869.1  178887.60  181152.00  101.27
870.5  181020.60  183502.95  101.37
871.9  182475.20  184601.50  101.17
873.2  182392.40  184545.10  101.18
874.6  181459.60  183836.80  101.31
876.0  180941.20  183147.80  101.22
877.3  180803.50  183038.15  101.24
878.7  180604.60  182867.30  101.25
880.0  179468.40  181550.40  101.16
881.4  178294.50  180402.00  101.18
882.8  178230.75  180365.25  101.20
884.1  178622.50  180785.00  101.21
885.5  177925.05  180113.55  101.23
886.8  176433.40  178428.25  101.13
888.2  175890.40  178133.90  101.28
889.5  176041.25  178085.60  101.16
890.9  175642.60  177714.40  101.18
892.2  173696.75  175795.10  101.21
893.6  169956.00  172080.45  101.25
894.9  164228.40  166143.60  101.17
896.2  155602.75  157302.00  101.09
897.6  147108.00  148830.00  101.17
898.9  138971.50  140718.00  101.26
900.3  133504.80  135021.90  101.14
901.6  131686.80  133224.00  101.17
903.0  135925.60  137482.00  101.15
904.3  144139.95  145977.80  101.28
905.6  147546.75  149407.70  101.26
907.0  143507.00  145125.50  101.13
908.3  136551.35  138193.25  101.20
909.6  132343.65  133730.90  101.05
911.0  131882.80  133288.80  101.07
912.3  131785.50  133211.75  101.08
913.6  129783.45  131228.70  101.11
914.9  128421.60  129887.60  101.14
916.2  127667.00  128854.60  100.93
917.6  127581.60  129086.10  101.18
918.9  131519.65  133045.40  101.16
920.2  136754.80  138611.20  101.36
921.5  139238.40  140806.40  101.13
922.9  138966.00  140556.00  101.14
924.2  137406.30  138696.50  100.94
925.5  136790.50  138099.50  100.96
926.8  135537.60  137198.60  101.23
928.1  128568.45  130255.70  101.31
929.4  116637.00  118009.20  101.18
930.7  102083.20  103481.60  101.37
932.0  85656.00  86726.70  101.25
933.4  70425.70  71155.50  101.04
934.7  61180.20  61926.30  101.22
936.0  58404.50  58783.75  100.65
937.3  56994.80  57379.90  100.68
938.6  64623.80  65013.10  100.60
939.9  75456.00  76242.00  101.04
941.2  79600.00  80396.00  101.00
942.5  78628.20  79438.80  101.03
943.8  73647.50  74475.00  101.12
945.1  70711.20  71553.00  101.19
946.4  70093.60  70521.00  100.61
947.7  72010.80  72878.40  101.20
949.0  73272.40  74155.20  101.20
950.2  75348.00  76245.00  101.19
951.5  76582.80  77494.50  101.19
952.8  76411.50  77337.70  101.21
954.1  78169.40  79111.20  101.20
955.4  78077.00  79035.00  101.23
956.7  79818.80  80792.20  101.22
958.0  82564.80  84048.00  101.80
959.3  83044.50  84051.10  101.21
960.5  85982.40  87006.00  101.19
961.8  89543.20  90584.40  101.16
963.1  92767.50  93827.70  101.14
964.4  95968.70  97047.00  101.12
965.7  97641.90  99287.55  101.69
966.9  102791.60  103908.90  101.09
968.2  111553.40  112691.70  101.02
969.5  118156.80  119894.40  101.47
970.8  122130.00  123900.00  101.45
972.0  123338.25  125143.20  101.46
973.3  120304.80  122146.20  101.53
974.6  117052.65  118930.50  101.60
975.8  115487.05  116763.15  101.10
977.1  116457.40  118409.20  101.68
978.4  118793.35  120120.65  101.12
979.6  119767.05  120443.70  100.56
980.9  122262.75  124335.00  101.69
982.2  125445.50  126855.00  101.12
983.4  128035.40  129474.00  101.12
984.7  129882.60  132084.00  101.69
985.9  131188.75  134187.35  102.29
987.2  133318.80  135617.40  101.72
988.5  133833.15  136181.10  101.75
989.7  135318.30  136119.00  100.59
991.0  135887.60  137524.80  101.20
992.2  135634.50  137309.00  101.23
993.5  136231.20  137944.80  101.26
994.7  135818.75  137571.25  101.29
996.0  135394.15  138084.10  101.99
997.2  136204.40  138045.00  101.35
998.5  135170.75  137061.25  101.40
999.7  134878.65  136819.35  101.44
1001.0  134379.00  136369.80  101.48
1002.2  133312.15  136365.10  102.29
1003.4  132332.80  134400.50  101.56
1004.7  130907.70  131946.65  100.79
1005.9  128935.20  129975.00  100.81
1007.2  128507.40  130580.10  101.61
1008.4  128587.50  130644.90  101.60
1009.6  129187.80  131238.40  101.59
1010.9  128589.30  130630.40  101.59
1012.1  129355.85  131392.95  101.57
1013.3  129463.80  130483.20  100.79
1014.6  128721.60  130764.80  101.59
1015.8  128325.00  130378.20  101.60
1017.1  128104.40  130170.60  101.61
1018.3  127191.10  129276.20  101.64
1019.5  127860.70  129974.10  101.65
1020.8  127657.25  128730.00  100.84
1022.0  127641.15  128732.10  100.85
1023.2  126893.40  129119.60  101.75
1024.4  126112.65  129521.10  102.70
1025.7  127627.50  128787.75  100.91
1026.9  127244.40  128433.60  100.93
1028.1  126843.60  128063.25  100.96
1029.3  127464.30  128713.95  100.98
1030.6  126868.50  129431.50  102.02
1031.8  128054.55  129374.70  101.03
1033.0  126126.60  128839.00  102.15
1034.2  125482.50  128271.00  102.22
1035.4  126240.40  127674.95  101.14
1036.7  125315.50  128264.10  102.35
1037.9  125857.05  128889.75  102.41
1039.1  126161.55  129276.65  102.47
1040.3  126743.65  128348.00  101.27
1041.5  126745.85  128391.90  101.30
1042.7  126753.75  128443.80  101.33
1043.9  126768.15  128504.70  101.37
1045.2  126479.40  128260.80  101.41
1046.4  126180.30  128009.00  101.45
1047.6  125551.30  127425.20  101.49
1048.8  124891.00  126812.40  101.54
1050.0  126176.00  128147.50  101.56
1051.2  125484.90  127508.85  101.61
1052.4  126486.55  128560.10  101.64
1053.6  127179.00  129298.65  101.67
1054.8  126109.40  128283.70  101.72
1056.0  124986.40  129450.20  103.57
1057.2  125320.25  127598.80  101.82
1058.4  123346.90  128001.50  103.77
1059.7  124066.80  126452.70  101.92
1060.9  124401.75  126841.00  101.96
1062.1  122671.50  125175.00  102.04
1063.3  120851.10  125993.70  104.26
1064.5  121578.00  126864.00  104.35
1065.7  121902.75  124611.70  102.22
1066.9  121787.60  124555.50  102.27
1068.1  124984.20  124984.20  100.00
1069.3  124945.10  124945.10  100.00
1070.5  121921.70  124895.40  102.44
1071.7  121784.00  124828.60  102.50
1072.9  121644.90  124764.00  102.56
1074.1  122582.30  125808.15  102.63
1075.3  124741.80  124741.80  100.00
1076.5  121779.95  125071.30  102.70
