/*** Spectra Vista SIG Data ***/
name= 230503_1827_R906_T915.sig
instrument= HK: 9202056 (HR-512i)
integration= 10.0, 0.0, 0.0, 20.0, 0.0, 0.0
scan method= Time-based, Time-based
scan coadds= 300, 0, 0, 150, 0, 0
scan time= 3, 3
scan settings= AI, AI
external data set1= 0,0,0,0,0,0,0,0,0,0,0,0,0,0,0,0,0,0,0,0,0,0,0,0,0,0,0,0,0,0,0,0
external data set2= 0,0,0,0,0,0,0,0,0,0,0,0,0,0,0,0,0,0,0,0,0,0,0,0,0,0,0,0,0,0,0,0
external data dark= 0,0,0,0,0,0,0,0,0,0,0,0,0,0,0,0
external data mask= 0
optic= LENS 4(1), LENS 4(1)
temp= 21.2, 0.0, 0.0, 24.4, 0.0, 0.0
battery= 8.28, 8.29
error= 0, 0
units= Radiance, Radiance
time= 5/3/2023 6:22:26 PM, 5/3/2023 6:27:14 PM
longitude= 07757.5909W     , 07757.5000W     
latitude= 3409.6846N      , 3409.3632N      
gpstime= 193119.000      , 193607.000      
comm= 
memory slot= 906, 915
factors= 1.000, 1.000, 1.000 [Overlap: Preserve, Matching Type: None]
inclinometer x offset= 3, 6
inclinometer y offset= -11, -45
data= 
339.7  56652.75  59530.35  105.08
341.4  61525.20  64479.80  104.80
343.0  64582.60  67329.03  104.25
344.7  66343.50  68747.25  103.62
346.4  69966.70  71880.45  102.74
348.0  73819.10  75289.60  101.99
349.7  77781.60  78764.40  101.26
351.3  84387.90  84865.83  100.57
353.0  89311.60  89111.05  99.78
354.6  96013.80  94842.90  98.78
356.2  96812.10  94969.88  98.10
357.9  91182.00  88551.75  97.12
359.5  91977.20  88170.40  95.86
361.2  99307.60  94415.60  95.07
362.8  105049.00  99063.65  94.30
364.5  112248.75  105149.78  93.68
366.1  122755.60  114082.65  92.93
367.7  130730.40  120600.00  92.25
369.4  132717.20  121378.95  91.46
371.0  134507.10  122085.60  90.77
372.6  131997.75  118809.75  90.01
374.3  125856.50  112430.25  89.33
375.9  127824.40  113053.33  88.44
377.5  139775.35  122458.05  87.61
379.1  149070.90  129971.88  87.19
380.8  146832.00  127201.20  86.63
382.4  137137.50  118145.25  86.15
384.0  123631.20  105568.20  85.39
385.6  128560.40  108557.80  84.44
387.3  136656.00  114706.80  83.94
388.9  143840.00  120016.50  83.44
390.5  155861.75  129050.08  82.80
392.1  162920.25  134282.25  82.42
393.8  148320.00  121760.00  82.09
395.4  149927.40  121336.95  80.93
397.0  158798.90  127839.73  80.50
398.6  178772.90  142146.60  79.51
400.2  219117.40  172914.70  78.91
401.8  246568.00  193505.38  78.48
403.4  261037.00  203534.10  77.97
405.0  263460.00  203970.00  77.42
406.6  262242.75  201316.50  76.77
408.3  264894.00  201425.18  76.04
409.9  271216.00  204484.00  75.40
411.5  275931.00  206275.50  74.76
413.1  286550.00  212500.00  74.16
414.7  291780.30  214959.15  73.67
416.3  295506.75  216265.50  73.18
417.9  295627.80  215107.05  72.76
419.5  293629.95  212388.38  72.33
421.1  296218.80  212951.40  71.89
422.7  298535.60  213598.00  71.55
424.3  296934.00  211453.00  71.21
425.9  297069.85  210546.60  70.87
427.5  293327.00  207078.75  70.60
429.1  285191.90  200631.45  70.35
430.7  268269.45  188201.10  70.15
432.3  272323.35  189429.83  69.56
433.9  292686.80  202710.03  69.26
435.5  306416.65  211500.93  69.02
437.1  322658.00  221920.00  68.78
438.7  323615.25  222135.90  68.64
440.3  324770.95  221956.70  68.34
441.9  336332.25  228773.25  68.02
443.5  350471.75  237563.33  67.78
445.0  359057.50  242710.63  67.60
446.6  361446.80  243593.90  67.39
448.2  369653.90  248042.73  67.10
449.8  380005.60  254136.68  66.88
451.4  390631.10  260434.05  66.67
453.0  389294.40  259067.88  66.55
454.6  384333.75  254890.95  66.32
456.2  386337.95  255239.50  66.07
457.8  390820.90  257350.58  65.85
459.3  391500.15  257090.93  65.67
460.9  393243.40  257346.10  65.44
462.5  398738.40  260100.00  65.23
464.1  399472.80  259916.40  65.06
465.7  396127.20  257060.40  64.89
467.2  392748.50  254096.63  64.70
468.8  391418.85  252436.50  64.49
470.4  390339.00  251019.00  64.31
472.0  392444.10  251521.73  64.09
473.6  397284.25  253888.53  63.91
475.1  400538.70  255280.50  63.73
476.7  401406.70  255171.75  63.57
478.3  404599.20  256425.00  63.38
479.9  407943.00  257920.20  63.22
481.5  410550.60  258976.75  63.08
483.0  410192.45  258201.33  62.95
484.6  402624.00  253056.00  62.85
486.2  384437.55  241336.90  62.78
487.8  374749.20  234322.20  62.53
489.3  382350.00  238200.00  62.30
490.9  390934.80  243046.20  62.17
492.5  392268.25  243504.80  62.08
494.0  395514.00  244878.50  61.91
495.6  399470.05  246780.28  61.78
497.2  400848.60  247197.10  61.67
498.8  396773.20  244239.78  61.56
500.3  390756.70  240071.95  61.44
501.9  383634.25  235211.88  61.31
503.5  382278.00  233777.70  61.15
505.0  384158.65  234367.13  61.01
506.6  387465.75  236027.25  60.92
508.2  386110.80  234916.20  60.84
509.7  385348.95  234081.68  60.75
511.3  385067.75  233596.20  60.66
512.9  381573.45  231229.35  60.60
514.4  374814.50  226859.00  60.53
516.0  366570.00  221685.00  60.48
517.5  355197.15  214577.55  60.41
519.1  354929.90  213819.45  60.24
520.7  362824.00  218233.40  60.15
522.2  367311.50  220820.00  60.12
523.8  372349.55  223647.13  60.06
525.4  374627.75  224910.08  60.04
526.9  370029.70  222035.40  60.00
528.5  373078.65  223378.20  59.87
530.0  379469.25  226950.98  59.81
531.6  382178.80  228449.60  59.78
533.2  380081.30  227029.75  59.73
534.7  382256.00  227990.00  59.64
536.3  383111.80  228251.90  59.58
537.8  381597.65  227130.93  59.52
539.4  378589.20  225105.60  59.46
541.0  375166.80  222759.60  59.38
542.5  375525.60  222566.40  59.27
544.1  378437.40  223982.20  59.19
545.6  379980.75  224664.00  59.13
547.2  379790.45  224345.68  59.07
548.7  380072.00  224266.00  59.01
550.3  380925.80  224510.33  58.94
551.8  381534.30  224631.23  58.88
553.4  382868.20  225153.50  58.81
554.9  384745.70  225969.10  58.73
556.5  383483.60  225029.80  58.68
558.0  380225.50  222843.00  58.61
559.6  377081.25  220670.63  58.52
561.1  379080.75  221438.45  58.41
562.7  381590.55  222571.73  58.33
564.2  384483.55  223986.43  58.26
565.8  384022.00  223505.20  58.20
567.3  383784.35  223011.95  58.11
568.9  383393.70  222449.10  58.02
570.4  381480.30  220967.33  57.92
572.0  382068.75  220846.50  57.80
573.5  385162.05  222178.43  57.68
575.1  386232.00  222452.00  57.60
576.6  385733.50  221780.75  57.50
578.2  384504.25  220725.98  57.41
579.7  384360.15  220253.58  57.30
581.2  386666.30  221198.75  57.21
582.8  390325.95  222964.78  57.12
584.3  391604.50  223456.50  57.06
585.9  390047.10  222292.50  56.99
587.4  386143.20  219801.60  56.92
588.9  377018.00  214348.75  56.85
590.5  371051.00  210400.15  56.70
592.0  372097.80  210534.30  56.58
593.6  374030.80  211317.60  56.50
595.1  374827.20  211539.35  56.44
596.6  375888.80  211921.20  56.38
598.2  376516.25  212114.00  56.34
599.7  375771.05  211491.70  56.28
601.2  374462.55  210562.28  56.23
602.8  374325.00  210192.40  56.15
604.3  375944.80  210822.75  56.08
605.8  377529.80  211480.40  56.02
607.4  377439.75  211227.75  55.96
608.9  375552.55  209912.88  55.89
610.5  373474.75  208497.30  55.83
612.0  371685.60  207220.65  55.75
613.5  369333.75  205657.25  55.68
615.0  367122.35  204177.40  55.62
616.6  364193.60  202306.80  55.55
618.1  364505.40  202135.50  55.45
619.6  366586.00  202977.00  55.37
621.2  367904.20  203491.40  55.31
622.7  366681.60  202656.00  55.27
624.2  364437.90  201220.65  55.21
625.8  361456.00  199346.10  55.15
627.3  359569.25  198016.25  55.07
628.8  357215.60  196444.85  54.99
630.3  355794.70  195455.38  54.93
631.8  355083.30  194890.80  54.89
633.4  356206.40  195298.95  54.83
634.9  357381.30  195787.98  54.78
636.4  358918.00  196433.18  54.73
638.0  361038.60  197407.80  54.68
639.5  361158.00  197358.00  54.65
641.0  360313.80  196715.75  54.60
642.5  359790.20  196249.20  54.55
644.0  359437.00  195843.50  54.49
645.5  358220.90  195001.55  54.44
647.1  356124.80  193562.20  54.35
648.6  353614.50  192018.60  54.30
650.1  351920.25  190872.38  54.24
651.6  352408.00  190925.13  54.18
653.1  353203.50  191268.68  54.15
654.7  350625.40  189906.48  54.16
656.2  340547.90  184459.53  54.17
657.7  335544.80  181318.80  54.04
659.2  339931.80  183370.53  53.94
660.7  345996.50  186439.88  53.88
662.2  351466.70  189225.40  53.84
663.7  354024.15  190432.73  53.79
665.2  354779.50  190636.15  53.73
666.8  355090.65  190515.00  53.65
668.3  355014.00  190172.10  53.57
669.8  354740.65  189828.10  53.51
671.3  353912.80  189206.85  53.46
672.8  353468.60  188701.20  53.39
674.3  353092.40  188247.75  53.31
675.8  352995.00  188011.50  53.26
677.3  352743.30  187664.75  53.20
678.8  352335.50  187257.40  53.15
680.3  351612.90  186684.85  53.09
681.8  350659.75  186005.58  53.04
683.3  348535.55  184671.03  52.98
684.8  344104.80  182220.60  52.95
686.3  329969.60  174876.30  53.00
687.8  311766.00  165028.50  52.93
689.3  304423.00  160701.28  52.79
690.8  304869.60  160687.20  52.71
692.3  309799.15  163217.08  52.68
693.8  313312.50  165066.95  52.68
695.3  316058.60  166498.15  52.68
696.8  320171.40  168824.80  52.73
698.3  321328.00  169680.00  52.81
699.8  319669.25  168956.15  52.85
701.3  316970.00  167666.20  52.90
702.8  316809.60  167710.00  52.94
704.2  318603.60  168878.20  53.01
705.7  320635.20  170260.40  53.10
707.2  321715.55  171093.45  53.18
708.7  322108.80  171654.30  53.29
710.2  322463.85  172082.28  53.36
711.7  321909.50  172082.75  53.46
713.2  320635.20  171680.80  53.54
714.7  317796.60  170497.50  53.65
716.2  309027.20  165973.00  53.71
717.6  291276.00  156411.00  53.70
719.1  273547.40  146692.30  53.63
720.6  269062.40  144078.40  53.55
722.1  275443.00  147858.50  53.68
723.6  276180.30  148784.00  53.87
725.0  273182.40  147324.15  53.93
726.5  271947.00  146790.83  53.98
728.0  271325.70  146760.53  54.09
729.5  271494.80  147034.20  54.16
731.0  274000.10  148728.55  54.28
732.4  280331.70  152676.15  54.46
733.9  288342.95  157780.00  54.72
735.4  293447.00  161254.23  54.95
736.8  295773.00  163077.00  55.14
738.3  296728.90  164078.35  55.30
739.8  296950.50  164674.13  55.46
741.2  296809.65  165065.18  55.61
742.7  297664.80  165885.20  55.73
744.2  299527.20  167227.20  55.83
745.7  300397.50  168003.38  55.93
747.1  301067.10  168562.95  55.99
748.6  300750.00  168570.38  56.05
750.0  299368.40  167909.53  56.09
751.5  297923.60  167139.05  56.10
753.0  297040.30  166769.73  56.14
754.4  296732.00  166594.00  56.14
755.9  295687.50  166031.25  56.15
757.3  293119.45  164623.55  56.16
758.8  273313.10  153937.53  56.32
760.3  214075.50  120905.25  56.48
761.7  167168.00  93085.15  55.68
763.2  152196.00  83325.00  54.75
764.6  156643.20  84948.30  54.23
766.1  182448.00  99254.40  54.40
767.5  216305.80  118771.43  54.91
769.0  245298.50  135869.75  55.39
770.4  264327.25  147190.88  55.69
771.9  274680.00  153475.00  55.87
773.3  279816.25  156534.38  55.94
774.8  281567.00  157586.00  55.97
776.2  282403.80  158083.95  55.98
777.7  282359.00  158004.00  55.96
779.1  281644.00  157546.00  55.94
780.5  281062.50  157170.15  55.92
782.0  280493.30  156781.95  55.90
783.4  279321.60  156134.40  55.90
784.9  278290.60  155444.40  55.86
786.3  277218.40  154723.80  55.81
787.8  275322.80  153391.85  55.71
789.2  272558.65  151578.88  55.61
790.6  269616.30  149659.20  55.51
792.0  267059.80  148190.70  55.49
793.5  264713.40  146907.90  55.50
794.9  263608.65  146286.90  55.49
796.3  263360.25  145918.18  55.41
797.8  263882.50  146088.90  55.36
799.2  263902.90  146142.20  55.38
800.6  262525.60  145323.40  55.36
802.1  261191.35  144413.60  55.29
803.5  260055.40  143697.40  55.26
804.9  259355.20  143241.80  55.23
806.3  259624.00  143448.13  55.25
807.8  259502.20  143461.40  55.28
809.2  257677.50  142429.98  55.27
810.6  255333.75  140870.25  55.17
812.0  251933.40  138605.15  55.02
813.4  244800.00  134140.63  54.80
814.8  233820.20  127607.05  54.57
816.3  222648.75  120890.03  54.30
817.7  215326.80  116439.70  54.08
819.1  212980.10  114956.98  53.98
820.5  216793.50  117232.50  54.08
821.9  219092.45  118758.20  54.20
823.3  213278.45  115530.80  54.17
824.7  216641.80  117175.80  54.09
826.1  223361.60  121105.60  54.22
827.5  225199.50  122244.00  54.28
828.9  223451.00  121269.25  54.27
830.3  223344.00  121171.88  54.25
831.7  223787.70  121398.60  54.25
833.2  224189.25  121674.23  54.27
834.5  226562.70  123008.55  54.29
835.9  230274.85  125217.95  54.38
837.3  233800.75  127344.13  54.47
838.7  236028.75  128678.75  54.52
840.1  237734.70  129829.80  54.61
841.5  238746.80  130496.50  54.66
842.9  238721.55  130640.70  54.73
844.3  238303.00  130438.75  54.74
845.7  238618.40  130603.40  54.73
847.1  238849.80  130798.70  54.76
848.5  237674.50  130207.00  54.78
849.9  232902.50  127662.15  54.81
851.2  230151.90  125879.33  54.69
852.6  229117.95  125341.95  54.71
854.0  221349.70  121199.65  54.75
855.4  216681.55  118500.33  54.69
856.8  221774.75  121090.70  54.60
858.2  226888.80  123866.25  54.59
859.5  229225.00  125252.00  54.64
860.9  229862.40  125706.00  54.69
862.3  230265.20  125865.30  54.66
863.7  230593.25  125973.90  54.63
865.0  227369.25  124407.88  54.72
866.4  218710.80  119572.95  54.67
867.8  215909.10  117929.63  54.62
869.1  218892.00  119258.40  54.48
870.5  221502.00  120680.40  54.48
871.9  223068.20  121682.35  54.55
873.2  223293.70  121823.25  54.56
874.6  222466.30  121237.20  54.50
876.0  221663.00  120761.20  54.48
877.3  221433.50  120671.10  54.50
878.7  221127.50  120437.35  54.47
880.0  219859.20  119610.90  54.40
881.4  218337.00  118652.25  54.34
882.8  218572.80  118571.48  54.25
884.1  218628.75  118721.25  54.30
885.5  217974.60  118288.43  54.27
886.8  216108.75  117363.68  54.31
888.2  215600.35  116886.35  54.21
889.5  215792.50  116868.68  54.16
890.9  215467.20  116711.40  54.17
892.2  213332.25  115525.83  54.15
893.6  209376.35  112949.93  53.95
894.9  203011.20  108927.00  53.66
896.2  192986.25  103168.75  53.46
897.6  183270.00  97293.00  53.09
898.9  173402.50  91566.50  52.81
900.3  166375.30  87486.10  52.58
901.6  163968.00  85955.10  52.42
903.0  167831.80  88066.30  52.47
904.3  177746.35  93599.08  52.66
905.6  182638.95  96503.55  52.84
907.0  178304.75  94142.75  52.80
908.3  170210.30  89483.55  52.57
909.6  164805.30  86148.23  52.27
911.0  163658.40  85344.20  52.15
912.3  163733.50  85432.38  52.18
913.6  161289.90  84113.55  52.15
914.9  159794.00  83122.20  52.02
916.2  158544.60  82389.75  51.97
917.6  158875.20  82446.60  51.89
918.9  162644.95  84526.55  51.97
920.2  169241.80  88488.40  52.29
921.5  171852.80  90473.60  52.65
922.9  171720.00  90312.00  52.59
924.2  169983.85  89185.08  52.47
925.5  168861.00  88357.50  52.33
926.8  168093.20  87700.80  52.17
928.1  160963.65  83856.33  52.10
929.4  147854.55  76328.63  51.62
930.7  130400.80  67123.20  51.47
932.0  110639.00  56568.65  51.13
933.4  91589.90  46342.30  50.60
934.7  79459.65  39729.83  50.00
936.0  75091.50  37166.50  49.49
937.3  73169.00  35814.30  48.95
938.6  80974.40  39513.95  48.80
939.9  94713.00  46570.50  49.17
941.2  101092.00  49949.00  49.41
942.5  100109.10  49649.25  49.60
943.8  94335.00  46753.75  49.56
945.1  90072.60  44825.85  49.77
946.4  89326.60  44022.20  49.28
947.7  91098.00  45115.20  49.52
949.0  93135.40  46126.30  49.53
950.2  95530.50  47092.50  49.30
951.5  97096.05  48092.18  49.53
952.8  96787.90  47930.85  49.52
954.1  98889.00  48973.60  49.52
955.4  99153.00  48858.00  49.28
956.7  101233.60  49886.75  49.28
958.0  104812.80  51912.00  49.53
959.3  104686.40  52091.55  49.76
960.5  107989.80  53739.00  49.76
961.8  111929.00  55704.20  49.77
963.1  116091.90  57780.90  49.77
964.4  119691.30  59845.65  50.00
965.7  122326.65  61163.33  50.00
966.9  127372.20  63965.43  50.22
968.2  137165.15  69720.88  50.83
969.5  145379.20  74137.60  51.00
970.8  150450.00  76995.00  51.18
972.0  152217.45  77913.68  51.19
973.3  149153.40  76111.20  51.03
974.6  145220.40  73862.10  50.86
975.8  142285.15  72737.70  51.12
977.1  143782.60  73192.50  50.90
978.4  146003.00  74328.80  50.91
979.6  146833.05  75108.15  51.15
980.9  149892.75  77018.63  51.38
982.2  154340.25  78932.00  51.14
983.4  156807.40  80561.60  51.38
984.7  159234.60  82185.60  51.61
985.9  160425.10  83585.98  52.10
987.2  163200.60  84665.10  51.88
988.5  164356.50  85308.85  51.90
989.7  164143.50  85674.90  52.20
991.0  165357.20  86362.30  52.23
992.2  164938.25  86236.75  52.28
993.5  165362.40  86108.40  52.07
994.7  165611.25  86310.63  52.12
996.0  164983.60  86526.73  52.45
997.2  165654.00  86508.20  52.22
998.5  164473.50  86963.00  52.87
999.7  164959.50  86846.33  52.65
1001.0  164241.00  86102.10  52.42
1002.2  163841.65  85482.60  52.17
1003.4  161280.60  84775.70  52.56
1004.7  158959.35  83116.00  52.29
1005.9  155970.00  81624.30  52.33
1007.2  156488.85  81871.65  52.32
1008.4  156362.40  81781.65  52.30
1009.6  156870.90  81511.35  51.96
1010.9  156144.15  81644.00  52.29
1012.1  156856.70  81484.00  51.95
1013.3  155968.20  81552.00  52.29
1014.6  155283.20  81728.00  52.63
1015.8  155016.60  82128.00  52.98
1017.1  153931.90  81614.90  53.02
1018.3  155339.95  81318.90  52.35
1019.5  155334.90  81365.90  52.38
1020.8  154476.00  81529.00  52.78
1022.0  153823.95  80730.30  52.48
1023.2  153607.80  80699.75  52.54
1024.4  153380.25  80666.65  52.59
1025.7  153153.00  81217.50  53.03
1026.9  153406.80  81460.20  53.10
1028.1  154895.55  81716.55  52.76
1029.3  153706.95  81852.08  53.25
1030.6  153780.00  81375.25  52.92
1031.8  154457.55  81849.30  52.99
1033.0  153250.60  81372.00  53.10
1034.2  153367.50  81563.63  53.18
1035.4  153496.85  81052.08  52.80
1036.7  153327.20  81086.50  52.88
1037.9  153151.35  81124.73  52.97
1039.1  154197.45  81771.38  53.03
1040.3  154017.60  81019.68  52.60
1041.5  153082.65  81479.48  53.23
1042.7  153794.55  81967.43  53.30
1043.9  154552.95  81617.85  52.81
1045.2  153200.40  81053.70  52.91
1046.4  153610.80  81377.15  52.98
1047.6  153659.80  80577.70  52.44
1048.8  153712.00  80698.80  52.50
1050.0  153777.00  80831.50  52.56
1051.2  153820.20  81969.98  53.29
1052.4  153442.70  81905.23  53.38
1053.6  152614.80  81606.53  53.47
1054.8  154375.30  80449.10  52.11
1056.0  154001.10  80348.40  52.17
1057.2  152662.85  80888.53  52.99
1058.4  151274.50  80291.85  53.08
1059.7  152697.60  79927.65  52.34
1060.9  151233.50  79275.63  52.42
1062.1  150210.00  78860.25  52.50
1063.3  149135.40  79710.30  53.45
1064.5  150651.00  79290.00  52.63
1065.7  148992.25  79914.03  53.64
1066.9  149466.60  78885.15  52.78
1068.1  150549.15  80955.68  53.77
1069.3  148190.70  78453.90  52.94
1070.5  148685.00  77316.20  52.00
1071.7  146140.80  77637.30  53.13
1072.9  149716.80  77977.50  52.08
1074.1  148389.10  79033.33  53.26
1075.3  151713.00  79227.90  52.22
1076.5  148110.75  78992.40  53.33
