/*** Spectra Vista SIG Data ***/
name= 230505_1718_R963_T964.sig
instrument= HK: 9202056 (HR-512i)
integration= 20.0, 0.0, 0.0, 10.0, 0.0, 0.0
scan method= Time-based, Time-based
scan coadds= 250, 0, 0, 500, 0, 0
scan time= 5, 5
scan settings= AI, AI
external data set1= 0,0,0,0,0,0,0,0,0,0,0,0,0,0,0,0,0,0,0,0,0,0,0,0,0,0,0,0,0,0,0,0
external data set2= 0,0,0,0,0,0,0,0,0,0,0,0,0,0,0,0,0,0,0,0,0,0,0,0,0,0,0,0,0,0,0,0
external data dark= 0,0,0,0,0,0,0,0,0,0,0,0,0,0,0,0
external data mask= 0
optic= LENS 4(1), LENS 4(1)
temp= 27.7, 0.0, 0.0, 27.3, 0.0, 0.0
battery= 8.25, 8.25
error= 0, 0
units= Radiance, Radiance
time= 5/5/2023 5:17:42 PM, 5/5/2023 5:18:11 PM
longitude= 07749.1536W     , 07749.2222W     
latitude= 3411.4076N      , 3411.4422N      
gpstime= 182541.000      , 182609.000      
comm= 
memory slot= 963, 964
factors= 1.000, 1.000, 1.000 [Overlap: Preserve, Matching Type: None]
inclinometer x offset= 3, 2
inclinometer y offset= -14, -8
data= 
339.7  33272.25  48919.20  147.03
341.4  35976.60  52835.20  146.86
343.0  37700.93  55261.40  146.58
344.7  38540.13  56568.25  146.78
346.4  40265.30  59402.80  147.53
348.0  42203.35  62202.15  147.39
349.7  44155.80  65286.00  147.85
351.3  47655.95  70459.80  147.85
353.0  50204.35  74203.50  147.80
354.6  53471.10  79100.80  147.93
356.2  53932.73  78898.05  146.29
357.9  50851.50  73647.00  144.83
359.5  50470.80  74294.00  147.20
361.2  53934.30  79739.60  147.85
362.8  56860.83  83917.05  147.58
364.5  60553.65  89434.95  147.70
366.1  65744.60  97282.60  147.97
367.7  69767.10  102630.60  147.10
369.4  70834.23  103595.80  146.25
371.0  71453.20  104222.30  145.86
372.6  70061.25  101500.50  144.87
374.3  66839.38  96435.50  144.28
375.9  67130.80  97937.40  145.89
377.5  72530.25  106715.05  147.13
379.1  77271.70  112842.95  146.03
380.8  76395.20  110230.40  144.29
382.4  71622.00  102154.50  142.63
384.0  64675.58  92020.95  142.28
385.6  66270.75  95934.80  144.76
387.3  70293.60  101462.40  144.34
388.9  74212.45  106441.60  143.43
390.5  80219.15  114931.85  143.27
392.1  84124.13  118964.25  141.42
393.8  77800.00  107600.00  138.30
395.4  78297.98  109302.90  139.60
397.0  82998.50  115463.40  139.12
398.6  93745.05  130617.40  139.33
400.2  114512.60  159198.80  139.02
401.8  129726.63  177933.00  137.16
403.4  138181.40  187149.20  135.44
405.0  140130.00  188100.00  134.23
406.6  139812.75  186648.00  133.50
408.3  141295.35  188319.60  133.28
409.9  144452.00  192156.00  133.02
411.5  146995.88  195045.75  132.69
413.1  152250.00  201900.00  132.61
414.7  154849.80  204792.00  132.25
416.3  156589.13  206775.25  132.05
417.9  156330.30  206069.70  131.82
419.5  155033.63  204147.75  131.68
421.1  155920.40  205440.00  131.76
422.7  156708.20  206199.40  131.58
424.3  155685.85  204540.90  131.38
425.9  155360.43  204002.15  131.31
427.5  153121.75  200739.00  131.10
429.1  148613.73  194399.45  130.81
430.7  139955.78  182457.15  130.37
432.3  141396.45  185805.75  131.41
433.9  151054.93  199028.55  131.76
435.5  158135.80  207829.10  131.42
437.1  166041.00  218006.00  131.30
438.7  166582.90  217684.05  130.68
440.3  166963.48  218294.30  130.74
441.9  172297.13  225828.00  131.07
443.5  179061.65  234621.90  131.03
445.0  183248.75  239552.50  130.73
446.6  184335.53  240587.05  130.52
448.2  188014.30  245819.45  130.75
449.8  192857.60  252213.65  130.78
451.4  197892.33  258596.35  130.68
453.0  197176.65  256879.70  130.28
454.6  194487.00  253276.95  130.23
456.2  194989.23  254309.15  130.42
457.8  196809.43  256762.60  130.46
459.3  196989.90  256623.45  130.27
460.9  197537.45  257468.20  130.34
462.5  199858.80  260589.60  130.39
464.1  199940.40  260385.60  130.23
465.7  198104.40  257733.60  130.10
467.2  196089.00  255135.75  130.11
468.8  195079.35  253981.20  130.19
470.4  194238.00  252801.00  130.15
472.0  194951.03  253962.90  130.27
473.6  196915.68  256558.50  130.29
475.1  198211.93  258156.90  130.24
476.7  198400.75  258208.80  130.15
478.3  199695.90  260014.95  130.21
479.9  201093.98  261835.20  130.21
481.5  202241.10  263236.30  130.16
483.0  201907.60  262588.10  130.05
484.6  198086.40  257164.80  129.82
486.2  189224.00  245037.45  129.50
487.8  184180.50  239236.20  129.89
489.3  187237.50  244012.50  130.32
490.9  191170.80  249054.00  130.28
492.5  191896.38  249511.35  130.02
494.0  193267.50  251412.00  130.08
495.6  194886.30  253575.70  130.11
497.2  195397.65  254041.90  130.01
498.8  193342.58  251111.60  129.88
500.3  190277.45  246959.90  129.79
501.9  186696.75  242284.50  129.77
503.5  185680.30  241230.60  129.92
505.0  186293.10  242187.70  130.00
506.6  187704.90  244009.80  130.00
508.2  187045.20  242838.00  129.83
509.7  186540.08  242212.95  129.84
511.3  186318.53  241862.30  129.81
512.9  184623.30  239333.40  129.63
514.4  181337.75  234972.00  129.58
516.0  177090.00  229560.00  129.63
517.5  171568.58  222356.25  129.60
519.1  171171.65  222404.00  129.93
520.7  174867.00  227242.40  129.95
522.2  177174.50  229817.50  129.71
523.8  179563.78  232887.50  129.70
525.4  180568.50  233968.15  129.57
526.9  178480.95  231030.50  129.44
528.5  179707.13  233134.35  129.73
530.0  182643.75  236992.80  129.76
531.6  183961.00  238361.20  129.57
533.2  183031.30  236938.55  129.45
534.7  183904.00  238280.00  129.57
536.3  184188.90  238635.20  129.56
537.8  183430.10  237485.85  129.47
539.4  181897.80  235345.20  129.38
541.0  180214.20  233137.20  129.37
542.5  180186.60  233275.20  129.46
544.1  181462.70  234923.70  129.46
545.6  182137.13  235764.00  129.44
547.2  182027.60  235471.75  129.36
548.7  182126.00  235592.00  129.36
550.3  182454.23  236037.75  129.37
551.8  182687.40  236325.60  129.36
553.4  183240.20  237008.20  129.34
554.9  184020.75  238020.40  129.34
556.5  183434.40  237016.40  129.21
558.0  181852.75  234879.00  129.16
559.6  180270.13  232942.50  129.22
561.1  181021.20  234209.70  129.38
562.7  182069.65  235607.05  129.40
564.2  183279.85  237205.65  129.42
565.8  183077.70  236787.40  129.34
567.3  182897.48  236441.10  129.28
568.9  182557.25  235876.80  129.21
570.4  181564.88  234396.45  129.10
572.0  181717.13  234653.25  129.13
573.5  182943.60  236292.00  129.16
575.1  183372.80  236633.60  129.05
576.6  183045.75  236131.00  129.00
578.2  182382.83  235208.10  128.96
579.7  182230.95  235107.85  129.02
581.2  183194.55  236484.40  129.09
582.8  184878.83  238674.05  129.10
584.3  185451.75  239268.00  129.02
585.9  184639.20  238021.50  128.91
587.4  182525.40  235191.60  128.85
588.9  177898.00  228857.00  128.65
590.5  174602.50  224881.40  128.80
592.0  174675.90  225352.65  129.01
593.6  175489.60  226392.40  129.01
595.1  175904.85  226799.10  128.93
596.6  176489.20  227590.40  128.95
598.2  176964.38  228064.25  128.88
599.7  176844.78  227825.00  128.83
601.2  176378.83  227159.10  128.79
602.8  176431.85  227268.75  128.81
604.3  177202.40  228324.00  128.85
605.8  177977.30  229182.20  128.77
607.4  177930.68  229015.35  128.71
608.9  176982.85  227669.80  128.64
610.5  175921.90  226295.85  128.63
612.0  174968.63  225004.65  128.60
613.5  173771.25  223388.25  128.55
615.0  172663.23  221891.25  128.51
616.6  171249.20  220035.20  128.49
618.1  171234.00  220147.20  128.57
619.6  172083.00  221236.00  128.56
621.2  172664.00  221865.60  128.50
622.7  172089.60  220876.80  128.35
624.2  170995.95  219312.90  128.26
625.8  169510.40  217379.95  128.24
627.3  168441.38  215953.50  128.21
628.8  167197.63  214242.35  128.14
630.3  166431.70  213253.10  128.13
631.8  166076.30  212824.30  128.15
633.4  166564.75  213471.50  128.16
634.9  167155.60  214198.90  128.14
636.4  167881.00  215102.70  128.13
638.0  168843.30  216297.90  128.11
639.5  168945.00  216258.00  128.00
641.0  168553.00  215688.55  127.96
642.5  168302.05  215378.80  127.97
644.0  168022.50  215000.00  127.96
645.5  167376.15  213988.60  127.85
647.1  166094.20  212288.40  127.81
648.6  164646.95  210412.70  127.80
650.1  163702.88  209346.75  127.88
651.6  163775.33  209691.75  128.04
653.1  164283.38  210172.20  127.93
654.7  163295.68  208341.95  127.59
656.2  158723.18  202173.85  127.38
657.7  156279.20  199514.40  127.67
659.2  158198.30  202469.15  127.98
660.7  161084.63  206136.75  127.97
662.2  163732.40  209283.10  127.82
663.7  164996.48  210757.50  127.73
665.2  165360.85  211163.20  127.70
666.8  165454.95  211276.25  127.69
668.3  165355.35  211150.20  127.69
669.8  165181.78  210876.60  127.66
671.3  164804.15  210246.20  127.57
672.8  164569.60  209865.80  127.52
674.3  164370.60  209480.20  127.44
675.8  164301.75  209322.50  127.40
677.3  164133.20  209050.10  127.37
678.8  163914.85  208712.90  127.33
680.3  163542.10  208154.00  127.28
681.8  163015.83  207436.25  127.25
683.3  161970.60  206037.70  127.21
684.8  159866.70  203095.00  127.04
686.3  153277.60  194090.20  126.63
687.8  144690.00  183183.00  126.60
689.3  140864.33  178862.25  126.97
690.8  140842.80  179179.20  127.22
692.3  142811.48  181820.55  127.32
693.8  144040.20  183253.00  127.22
695.3  145116.40  184693.60  127.27
696.8  147159.70  187314.60  127.29
698.3  147840.00  187880.00  127.08
699.8  146997.95  186533.80  126.90
701.3  145642.25  184826.30  126.90
702.8  145664.25  184967.90  126.98
704.2  146685.70  186309.40  127.01
705.7  147802.00  187600.00  126.93
707.2  148510.83  188411.25  126.87
708.7  148905.90  188875.80  126.84
710.2  149259.13  189213.00  126.77
711.7  149131.25  189015.50  126.74
713.2  148659.60  188296.80  126.66
714.7  147299.10  186392.70  126.54
716.2  142704.50  180068.60  126.18
717.6  133488.00  167886.00  125.77
719.1  124389.00  156692.20  125.97
720.6  121937.60  154496.00  126.70
722.1  125241.00  159031.00  126.98
723.6  125837.35  159177.00  126.49
725.0  124375.95  157123.80  126.33
726.5  123614.78  156342.00  126.48
728.0  123375.15  156087.00  126.51
729.5  123543.20  156291.60  126.51
731.0  124880.60  158111.35  126.61
732.4  128300.70  162633.90  126.76
733.9  132816.95  168317.45  126.73
735.4  135846.70  171932.75  126.56
736.8  137427.00  173679.00  126.38
738.3  138270.85  174688.10  126.34
739.8  138773.25  175271.25  126.30
741.2  139087.80  175659.30  126.29
742.7  139838.80  176660.00  126.33
744.2  140973.00  178046.40  126.30
745.7  141637.13  178816.50  126.25
747.1  142115.85  179338.80  126.19
748.6  142074.30  179126.70  126.08
750.0  141526.78  178371.65  126.03
751.5  140866.05  177556.60  126.05
753.0  140549.43  177202.45  126.08
754.4  140399.00  177010.00  126.08
755.9  139968.75  176312.50  125.97
757.3  138741.53  174585.45  125.84
758.8  129400.45  161352.75  124.69
760.3  101845.50  124678.50  122.42
761.7  79110.95  97492.90  123.24
763.2  70950.00  88902.00  125.30
764.6  72627.30  91974.60  126.64
766.1  84571.20  107923.20  127.61
767.5  100791.18  128575.75  127.57
769.0  115080.00  146110.50  126.96
770.4  124650.00  157613.00  126.44
771.9  129990.00  163870.00  126.06
773.3  132620.88  167040.75  125.95
774.8  133633.50  168096.50  125.79
776.2  134080.35  168675.90  125.80
777.7  134157.10  168683.90  125.74
779.1  133829.00  168276.00  125.74
780.5  133560.90  167888.00  125.70
782.0  133306.38  167552.65  125.69
783.4  132787.20  166886.40  125.68
784.9  132260.00  166180.80  125.65
786.3  131635.40  165401.20  125.65
787.8  130554.75  163932.05  125.57
789.2  128993.83  161900.00  125.51
790.6  127423.65  159833.40  125.43
792.0  126199.50  158353.30  125.48
793.5  125165.70  157102.20  125.52
794.9  124756.43  156600.90  125.53
796.3  124561.10  156356.50  125.53
797.8  124667.85  156555.50  125.58
799.2  124698.40  156593.80  125.58
800.6  124072.20  155628.40  125.43
802.1  123337.78  154649.10  125.39
803.5  122743.50  153914.20  125.39
804.9  122510.70  153727.60  125.48
806.3  122774.00  154054.00  125.48
807.8  122846.28  153992.50  125.35
809.2  121967.35  152888.65  125.35
810.6  120628.50  151042.50  125.21
812.0  118602.98  148423.45  125.14
813.4  114537.50  143118.75  124.95
814.8  108698.30  135602.75  124.75
816.3  102858.23  128421.60  124.85
817.7  98998.90  123762.60  125.01
819.1  97909.48  122742.00  125.36
820.5  100138.50  125779.50  125.61
821.9  101507.75  127207.40  125.32
823.3  98762.13  123407.90  124.95
824.7  100375.75  126030.70  125.56
826.1  103796.00  130345.60  125.58
827.5  104834.25  131262.00  125.21
828.9  104090.50  130304.00  125.18
830.3  103981.63  130284.00  125.30
831.7  104290.05  130706.70  125.33
833.2  104643.83  131054.25  125.24
834.5  105985.95  132938.40  125.43
835.9  108074.20  135504.20  125.38
837.3  109937.88  137857.50  125.40
838.7  111375.63  139413.75  125.17
840.1  112490.50  140863.90  125.22
841.5  113121.20  141619.60  125.19
842.9  113315.33  141699.45  125.05
844.3  113246.25  141576.50  125.02
845.7  113548.40  142049.20  125.10
847.1  113738.00  142326.20  125.14
848.5  113230.25  141421.00  124.90
849.9  111161.60  138794.10  124.86
851.2  109714.28  137162.85  125.02
852.6  109045.88  136368.15  125.06
854.0  105576.90  131560.00  124.61
855.4  103427.55  129242.80  124.96
856.8  105659.23  132390.25  125.30
858.2  108148.05  135484.05  125.28
859.5  109422.50  136843.00  125.06
860.9  109850.40  137181.60  124.88
862.3  109988.00  137307.60  124.84
863.7  110092.58  137638.15  125.02
865.0  108686.50  135585.50  124.75
866.4  104660.85  130342.80  124.54
867.8  103200.08  129023.40  125.02
869.1  104445.45  130769.10  125.20
870.5  105786.30  132328.35  125.09
871.9  106604.95  133183.70  124.93
873.2  106656.50  133076.00  124.77
874.6  106280.65  132727.00  124.88
876.0  105916.80  132195.40  124.81
877.3  105841.15  132047.50  124.76
878.7  105626.95  132059.40  125.02
880.0  104932.80  130957.80  124.80
881.4  104215.88  130032.75  124.77
882.8  104377.05  130204.50  124.74
884.1  104448.75  130398.75  124.84
885.5  104063.18  129778.05  124.71
886.8  103178.08  128557.00  124.60
888.2  102864.48  128328.20  124.75
889.5  102898.95  128566.90  124.94
890.9  102669.20  128221.40  124.89
892.2  101536.83  126600.45  124.68
893.6  99377.05  123690.20  124.47
894.9  95760.00  118981.80  124.25
896.2  90303.00  112150.50  124.19
897.6  84993.00  105780.00  124.46
898.9  79964.75  99301.00  124.18
900.3  76487.13  95071.60  124.30
901.6  75066.60  93513.00  124.57
903.0  77171.50  96756.20  125.38
904.3  82309.43  103182.15  125.36
905.6  84806.15  106074.15  125.08
907.0  82678.38  102774.75  124.31
908.3  78674.38  97693.05  124.17
909.6  75605.13  94055.55  124.40
911.0  75080.40  93639.60  124.72
912.3  74878.13  93562.00  124.95
913.6  73707.75  91917.90  124.71
914.9  72713.60  90892.00  125.00
916.2  72146.70  90257.60  125.10
917.6  72366.45  90570.90  125.16
918.9  74456.60  93070.75  125.00
920.2  77968.80  97461.00  125.00
921.5  79654.40  99724.80  125.20
922.9  79659.00  99534.00  124.95
924.2  78702.20  98055.20  124.59
925.5  78049.13  97520.50  124.95
926.8  77402.60  96338.00  124.46
928.1  73564.10  91111.50  123.85
929.4  66551.70  82332.00  123.71
930.7  58208.40  71318.40  122.52
932.0  48538.40  59245.40  122.06
933.4  39409.20  48166.80  122.22
934.7  33761.03  41408.55  122.65
936.0  31477.75  39442.00  125.30
937.3  30615.45  38510.00  125.79
938.6  34258.40  43212.30  126.14
939.9  40675.50  51483.00  126.57
941.2  43581.00  54526.00  125.11
942.5  43367.10  53904.90  124.30
943.8  40754.38  50477.50  123.86
945.1  38933.25  48403.50  124.32
946.4  38252.30  47868.80  125.14
947.7  39042.00  49453.20  126.67
949.0  40167.40  50319.60  125.27
950.2  41262.00  51577.50  125.00
951.5  41938.20  52422.75  125.00
952.8  41910.55  52330.30  124.86
954.1  42616.45  53211.70  124.86
955.4  42870.50  53169.00  124.02
956.7  44046.35  54997.10  124.86
958.0  45484.80  57350.40  126.09
959.3  46051.95  57376.20  124.59
960.5  47597.40  59880.60  125.81
961.8  49717.30  61951.40  124.61
963.1  51419.70  64672.20  125.77
964.4  53106.28  66854.60  125.89
965.7  54580.73  68568.75  125.63
966.9  57261.63  72065.85  125.85
968.2  62321.93  78542.70  126.03
969.5  66897.60  83984.00  125.54
970.8  69620.00  87320.00  125.42
972.0  70693.88  87840.90  124.26
973.3  69052.50  85932.00  124.44
974.6  66976.65  83877.30  125.23
975.8  65400.13  82308.45  125.85
977.1  66361.20  83276.80  125.49
978.4  67360.48  84283.55  125.12
979.6  68003.33  85257.90  125.37
980.9  70111.13  87034.50  124.14
982.2  71884.50  89503.25  124.51
983.4  73728.25  91351.10  123.90
984.7  74847.60  93192.60  124.51
985.9  76089.48  95955.20  126.11
987.2  77003.10  97307.40  126.37
988.5  77873.68  97048.60  124.62
989.7  78068.25  97685.40  125.13
991.0  78585.60  98232.00  125.00
992.2  78701.50  97958.25  124.47
993.5  78825.60  98532.00  125.00
994.7  78862.50  99016.25  125.56
996.0  79353.53  98631.50  124.29
997.2  79145.80  98472.10  124.42
998.5  79401.00  99251.25  125.00
999.7  79568.70  98975.70  124.39
1001.0  78636.60  98544.60  125.32
1002.2  77850.23  97694.40  125.49
1003.4  77021.83  97181.90  126.17
1004.7  75843.35  94544.45  124.66
1005.9  74865.60  94621.80  126.39
1007.2  74617.20  93271.50  125.00
1008.4  74580.75  94640.40  126.90
1009.6  74846.90  93302.30  124.66
1010.9  74500.15  93890.60  126.03
1012.1  74354.15  93706.60  126.03
1013.3  74416.20  93784.80  126.03
1014.6  75087.60  93987.20  125.17
1015.8  74428.50  93420.60  125.52
1017.1  74383.20  92979.00  125.00
1018.3  74542.33  93829.50  125.87
1019.5  74497.35  92989.60  124.82
1020.8  74019.75  93329.25  126.09
1022.0  73639.13  92730.75  125.93
1023.2  74021.15  92387.30  124.81
1024.4  73849.75  93164.30  126.15
1025.7  74256.00  92820.00  125.00
1026.9  74325.00  92757.60  124.80
1028.1  74398.65  92693.40  124.59
1029.3  74354.18  92474.10  124.37
1030.6  73686.25  92268.00  125.22
1031.8  74588.48  93730.65  125.66
1033.0  74591.00  92221.60  123.64
1034.2  74592.38  93414.75  125.23
1035.4  73879.33  91811.20  124.27
1036.7  73715.00  91406.60  124.00
1037.9  74301.15  92497.35  124.49
1039.1  73983.63  93453.00  126.32
1040.3  74602.28  93052.30  124.73
1041.5  74072.25  92178.80  124.44
1042.7  74362.20  92952.75  125.00
1043.9  74671.65  92037.15  123.26
1045.2  73928.10  92632.80  125.30
1046.4  74062.35  91435.00  123.46
1047.6  74019.05  91821.10  124.05
1048.8  73973.90  92227.20  124.68
1050.0  74917.00  90689.00  121.05
1051.2  74886.15  91077.75  121.62
1052.4  74647.80  93309.75  125.00
1053.6  74187.75  93264.60  125.71
1054.8  73926.20  91320.60  123.53
1056.0  73652.70  91507.90  124.24
1057.2  74052.88  91142.00  123.08
1058.4  74473.60  90764.70  121.88
1059.7  73962.90  90664.20  122.58
1060.9  73177.50  90252.25  123.33
1062.1  72601.50  90126.00  124.14
1063.3  71996.40  89995.50  125.00
1064.5  72682.50  89862.00  123.64
1065.7  71787.18  89395.35  124.53
1066.9  73349.35  91340.70  124.53
1068.1  73854.30  90897.60  123.08
1069.3  72642.50  87171.00  120.00
1070.5  72855.65  89211.00  122.45
1071.7  71548.10  91338.00  127.66
1072.9  71739.30  87334.80  121.74
1074.1  70968.70  90323.80  127.27
1075.3  74170.80  91027.80  122.73
1076.5  72409.70  88866.45  122.73
