/*** Spectra Vista SIG Data ***/
name= 230503_1609_R882_T884.sig
instrument= HK: 9202056 (HR-512i)
integration= 10.0, 0.0, 0.0, 500.0, 0.0, 0.0
scan method= Time-based, Time-based
scan coadds= 500, 0, 0, 10, 0, 0
scan time= 5, 5
scan settings= AI, AI
external data set1= 0,0,0,0,0,0,0,0,0,0,0,0,0,0,0,0,0,0,0,0,0,0,0,0,0,0,0,0,0,0,0,0
external data set2= 0,0,0,0,0,0,0,0,0,0,0,0,0,0,0,0,0,0,0,0,0,0,0,0,0,0,0,0,0,0,0,0
external data dark= 0,0,0,0,0,0,0,0,0,0,0,0,0,0,0,0
external data mask= 0
optic= LENS 4(1), LENS 4(1)
temp= 22.5, 0.0, 0.0, 23.2, 0.0, 0.0
battery= 8.35, 8.35
error= 0, 1
units= Radiance, Radiance
time= 5/3/2023 4:07:50 PM, 5/3/2023 4:09:18 PM
longitude= 07755.9963W     , 07756.0320W     
latitude= 3404.2484N      , 3404.2595N      
gpstime= 171645.000      , 171814.000      
comm= 
memory slot= 882, 884
factors= 1.000, 1.000, 1.000 [Overlap: Preserve, Matching Type: None]
inclinometer x offset= 5, 6
inclinometer y offset= -12, 19
data= 
339.7  89025.75  3161.76  3.55
341.4  96459.00  3409.96  3.54
343.0  101201.60  3555.37  3.51
344.7  103521.50  3602.42  3.48
346.4  108854.10  3754.01  3.45
348.0  114551.95  3911.53  3.41
349.7  120322.80  4077.22  3.39
351.3  130405.25  4375.06  3.35
353.0  137577.30  4561.84  3.32
354.6  147143.10  4834.52  3.29
356.2  148013.25  4802.49  3.24
357.9  138651.75  4421.33  3.19
359.5  139255.20  4369.22  3.14
361.2  150062.10  4652.29  3.10
362.8  158062.10  4834.70  3.06
364.5  168433.80  5106.41  3.03
366.1  183526.90  5524.00  3.01
367.7  194889.60  5829.80  2.99
369.4  196927.50  5848.15  2.97
371.0  198862.30  5881.88  2.96
372.6  194405.25  5713.23  2.94
374.3  184698.50  5384.51  2.92
375.9  186908.70  5416.44  2.90
377.5  203759.40  5887.88  2.89
379.1  216929.90  6258.35  2.88
380.8  212693.60  6113.74  2.87
382.4  198202.50  5667.66  2.86
384.0  177820.20  5035.56  2.83
385.6  184295.80  5202.62  2.82
387.3  195530.40  5499.94  2.81
388.9  205151.80  5742.81  2.80
390.5  221487.75  6191.30  2.80
392.1  231018.75  6461.87  2.80
393.8  209680.00  5811.20  2.77
395.4  210634.20  5794.74  2.75
397.0  223288.00  6099.29  2.73
398.6  249775.90  6754.42  2.70
400.2  305591.60  8251.11  2.70
401.8  342851.25  9228.17  2.69
403.4  361713.80  9685.16  2.68
405.0  363900.00  9679.20  2.66
406.6  360995.25  9521.82  2.64
408.3  363227.55  9499.46  2.62
409.9  370751.20  9629.78  2.60
411.5  375756.75  9690.71  2.58
413.1  388900.00  9981.00  2.57
414.7  394852.50  10088.90  2.56
416.3  398684.00  10151.30  2.55
417.9  397869.90  10102.81  2.54
419.5  394143.60  9979.29  2.53
421.1  396542.00  10016.06  2.53
422.7  398855.60  10063.77  2.52
424.3  395707.50  9966.51  2.52
425.9  395076.00  9936.32  2.52
427.5  389430.50  9778.62  2.51
429.1  377970.80  9480.43  2.51
430.7  355084.05  8872.67  2.50
432.3  359071.05  8936.32  2.49
433.9  385620.20  9582.52  2.48
435.5  402911.45  9981.28  2.48
437.1  423548.00  10476.60  2.47
438.7  424333.60  10472.12  2.47
440.3  424876.55  10450.81  2.46
441.9  439301.25  10775.03  2.45
443.5  457170.50  11178.95  2.45
445.0  467751.25  11403.35  2.44
446.6  470122.95  11416.66  2.43
448.2  479873.25  11617.69  2.42
449.8  492571.95  11897.38  2.42
451.4  505527.30  12193.54  2.41
453.0  503280.25  12122.89  2.41
454.6  495901.50  11924.23  2.40
456.2  497777.70  11953.78  2.40
457.8  502901.10  12065.25  2.40
459.3  503165.70  12062.48  2.40
460.9  504639.30  12086.27  2.40
462.5  510979.20  12232.66  2.39
464.1  511387.20  12239.18  2.39
465.7  506368.80  12113.52  2.39
467.2  501388.00  11984.58  2.39
468.8  499100.70  11920.21  2.39
470.4  497218.50  11863.26  2.39
472.0  499169.85  11891.15  2.38
473.6  504886.25  12011.27  2.38
475.1  508563.50  12078.48  2.38
476.7  509231.90  12070.39  2.37
478.3  512771.10  12137.98  2.37
479.9  516427.65  12228.11  2.37
481.5  519042.70  12304.07  2.37
483.0  517871.35  12297.66  2.37
484.6  507763.20  12076.80  2.38
486.2  484390.55  11528.93  2.38
487.8  471290.40  11205.43  2.38
489.3  480337.50  11413.50  2.38
490.9  490668.00  11661.46  2.38
492.5  491873.80  11688.82  2.38
494.0  495305.00  11770.52  2.38
495.6  499833.25  11875.59  2.38
497.2  501096.40  11910.67  2.38
498.8  495579.85  11785.80  2.38
500.3  487673.80  11606.46  2.38
501.9  478506.75  11388.81  2.38
503.5  476749.00  11337.87  2.38
505.0  478872.65  11383.02  2.38
506.6  482665.05  11467.28  2.38
508.2  480524.40  11402.86  2.37
509.7  478930.50  11358.86  2.37
511.3  477982.50  11330.87  2.37
512.9  473108.85  11216.50  2.37
514.4  464179.50  11020.26  2.37
516.0  453810.00  10801.20  2.38
517.5  439345.80  10538.63  2.40
519.1  438423.05  10553.19  2.41
520.7  447832.00  10775.07  2.41
522.2  453108.00  10863.49  2.40
523.8  459103.90  10954.43  2.39
525.4  461858.05  10988.29  2.38
526.9  456025.20  10854.48  2.38
528.5  459494.40  10910.10  2.37
530.0  467281.50  11050.31  2.36
531.6  470502.80  11101.56  2.36
533.2  467684.10  11034.24  2.36
534.7  470008.00  11081.28  2.36
536.3  470848.60  11097.76  2.36
537.8  468639.85  11055.02  2.36
539.4  464728.80  10983.70  2.36
541.0  460340.40  10900.90  2.37
542.5  460588.80  10915.25  2.37
544.1  463947.30  10994.13  2.37
545.6  465672.75  11039.51  2.37
547.2  465150.70  11043.64  2.37
548.7  465192.00  11065.04  2.38
550.3  465995.10  11102.36  2.38
551.8  466470.90  11135.88  2.39
553.4  467867.40  11191.18  2.39
554.9  469856.20  11262.91  2.40
556.5  468163.60  11259.52  2.41
558.0  464035.00  11208.23  2.42
559.6  460113.50  11156.85  2.42
561.1  462529.60  11236.30  2.43
562.7  465508.30  11323.59  2.43
564.2  469074.25  11435.48  2.44
565.8  468456.60  11461.63  2.45
567.3  468133.25  11460.38  2.45
568.9  467778.50  11442.65  2.45
570.4  465501.60  11380.45  2.44
572.0  466139.25  11373.20  2.44
573.5  469813.05  11433.37  2.43
575.1  471017.60  11456.54  2.43
576.6  470096.50  11449.70  2.44
578.2  468301.35  11427.55  2.44
579.7  467624.30  11438.56  2.45
581.2  469827.70  11517.57  2.45
582.8  473637.00  11636.50  2.46
584.3  474726.00  11690.99  2.46
585.9  472479.90  11672.20  2.47
587.4  468018.00  11588.83  2.48
588.9  457943.25  11375.39  2.48
590.5  451318.50  11186.48  2.48
592.0  452946.45  11199.73  2.47
593.6  455218.40  11239.85  2.47
595.1  455917.00  11242.09  2.47
596.6  456591.20  11245.36  2.46
598.2  456580.25  11227.73  2.46
599.7  454843.85  11161.32  2.45
601.2  452409.30  11074.45  2.45
602.8  451507.25  11022.27  2.44
604.3  452986.20  11035.66  2.44
605.8  454454.80  11056.93  2.43
607.4  454021.20  11042.89  2.43
608.9  451418.05  10975.21  2.43
610.5  448575.05  10906.86  2.43
612.0  446082.00  10846.02  2.43
613.5  442939.75  10771.21  2.43
615.0  440037.50  10702.46  2.43
616.6  436310.40  10608.46  2.43
618.1  436363.20  10607.44  2.43
619.6  438634.00  10660.52  2.43
621.2  440025.80  10694.47  2.43
622.7  438412.80  10656.77  2.43
624.2  435568.50  10589.09  2.43
625.8  431994.45  10495.47  2.43
627.3  430023.00  10434.22  2.43
628.8  427575.05  10360.52  2.42
630.3  425787.10  10311.89  2.42
631.8  424641.10  10291.81  2.42
633.4  425437.10  10328.85  2.43
634.9  426345.30  10369.23  2.43
636.4  427683.05  10418.55  2.44
638.0  429676.80  10486.72  2.44
639.5  429492.00  10503.36  2.45
641.0  428116.15  10485.86  2.45
642.5  427256.20  10478.58  2.45
644.0  426689.00  10475.66  2.46
645.5  425422.50  10443.96  2.45
647.1  423486.80  10388.14  2.45
648.6  421176.60  10322.65  2.45
650.1  419136.00  10269.54  2.45
651.6  419608.25  10282.76  2.45
653.1  420298.35  10304.15  2.45
654.7  416918.15  10225.48  2.45
656.2  404818.20  9902.14  2.45
657.7  398132.00  9692.05  2.43
659.2  402897.95  9758.57  2.42
660.7  409504.00  9876.61  2.41
662.2  415439.70  9981.71  2.40
663.7  418075.05  10009.77  2.39
665.2  418722.60  9998.11  2.39
666.8  418742.20  9976.15  2.38
668.3  418388.40  9953.11  2.38
669.8  417886.15  9932.93  2.38
671.3  416711.70  9903.47  2.38
672.8  415973.40  9881.10  2.38
674.3  415267.80  9863.23  2.38
675.8  415009.00  9856.59  2.38
677.3  414523.20  9845.95  2.38
678.8  413910.20  9837.48  2.38
680.3  412908.50  9820.89  2.38
681.8  411648.65  9800.50  2.38
683.3  409034.45  9748.11  2.38
684.8  403876.60  9643.11  2.39
686.3  388614.00  9282.29  2.39
687.8  368768.40  8782.96  2.38
689.3  360636.85  8564.51  2.37
690.8  361063.20  8558.21  2.37
692.3  366968.10  8690.12  2.37
693.8  371908.90  8786.12  2.36
695.3  375312.60  8837.79  2.35
696.8  379012.80  8911.07  2.35
698.3  379568.00  8900.64  2.34
699.8  377669.95  8802.13  2.33
701.3  374461.80  8667.49  2.31
702.8  373939.20  8592.16  2.30
704.2  375362.60  8557.43  2.28
705.7  377076.00  8526.69  2.26
707.2  377677.70  8461.14  2.24
708.7  377484.60  8369.92  2.22
710.2  377357.00  8275.13  2.19
711.7  376319.00  8145.91  2.16
713.2  374610.40  7994.98  2.13
714.7  371765.10  7806.91  2.10
716.2  363688.00  7492.19  2.06
717.6  347274.00  6988.68  2.01
719.1  330132.20  6476.90  1.96
720.6  325312.00  6239.68  1.92
722.1  330924.00  6247.88  1.89
723.6  331700.80  6158.13  1.86
725.0  329015.70  5995.08  1.82
726.5  327987.90  5863.93  1.79
728.0  327229.20  5739.80  1.75
729.5  326761.20  5624.50  1.72
731.0  328900.65  5544.79  1.69
732.4  334243.80  5540.44  1.66
733.9  341086.55  5580.90  1.64
735.4  345225.10  5578.89  1.62
736.8  346845.00  5546.10  1.60
738.3  346967.50  5501.01  1.59
739.8  346211.25  5458.53  1.58
741.2  344991.15  5423.03  1.57
742.7  345202.40  5414.85  1.57
744.2  346743.60  5430.77  1.57
745.7  347382.75  5429.67  1.56
747.1  347931.60  5426.73  1.56
748.6  347306.10  5414.70  1.56
750.0  345523.05  5378.44  1.56
751.5  343748.60  5341.36  1.55
753.0  342648.85  5317.92  1.55
754.4  342178.00  5297.28  1.55
755.9  341000.00  5267.50  1.54
757.3  338074.10  5215.50  1.54
758.8  316977.00  4901.05  1.55
760.3  252388.50  3879.03  1.54
761.7  200797.50  3026.00  1.51
763.2  185526.00  2733.72  1.47
764.6  190542.60  2763.90  1.45
766.1  218467.20  3178.56  1.45
767.5  254844.60  3753.46  1.47
769.0  285919.00  4270.29  1.49
770.4  306154.25  4609.28  1.51
771.9  317030.00  4802.00  1.51
773.3  322195.50  4897.32  1.52
774.8  323895.00  4934.93  1.52
776.2  324627.00  4949.66  1.52
777.7  324493.40  4958.11  1.53
779.1  323528.00  4946.16  1.53
780.5  322809.65  4939.21  1.53
782.0  322134.95  4928.73  1.53
783.4  320870.40  4912.13  1.53
784.9  319680.20  4898.29  1.53
786.3  318746.00  4887.18  1.53
787.8  316924.65  4859.67  1.53
789.2  314490.75  4816.53  1.53
790.6  311625.90  4773.67  1.53
792.0  308959.70  4738.10  1.53
793.5  305744.40  4703.76  1.54
794.9  304091.10  4694.59  1.54
796.3  304065.35  4699.43  1.55
797.8  304684.50  4717.07  1.55
799.2  304628.10  4723.04  1.55
800.6  303287.60  4710.07  1.55
802.1  302040.30  4695.30  1.55
803.5  300733.40  4675.13  1.55
804.9  299566.80  4659.93  1.56
806.3  299310.50  4668.54  1.56
807.8  298944.15  4667.46  1.56
809.2  296884.90  4638.20  1.56
810.6  294789.75  4594.98  1.56
812.0  292042.20  4535.22  1.55
813.4  285918.75  4405.13  1.54
814.8  276067.75  4220.43  1.53
816.3  265529.25  4026.37  1.52
817.7  257922.60  3879.46  1.50
819.1  254689.65  3816.37  1.50
820.5  257565.00  3853.08  1.50
821.9  259578.20  3877.24  1.49
823.3  253976.80  3754.75  1.48
824.7  256913.40  3767.58  1.47
826.1  263278.40  3838.91  1.46
827.5  265154.25  3827.64  1.44
828.9  263407.50  3758.97  1.43
830.3  262894.50  3706.89  1.41
831.7  262986.60  3657.69  1.39
833.2  262906.80  3621.62  1.38
834.5  264525.80  3620.68  1.37
835.9  267853.95  3639.96  1.36
837.3  270980.50  3670.63  1.35
838.7  272753.75  3686.63  1.35
840.1  274132.90  3697.14  1.35
841.5  274806.00  3704.79  1.35
842.9  274404.45  3689.20  1.34
844.3  273585.00  3668.73  1.34
845.7  273638.00  3659.62  1.34
847.1  273586.00  3658.06  1.34
848.5  272095.25  3638.32  1.34
849.9  266693.10  3559.07  1.33
851.2  263282.25  3505.10  1.33
852.6  262196.55  3482.98  1.33
854.0  253417.45  3361.36  1.33
855.4  247826.40  3267.71  1.32
856.8  253649.60  3346.02  1.32
858.2  259350.30  3403.33  1.31
859.5  261922.00  3435.78  1.31
860.9  262800.00  3444.43  1.31
862.3  263084.20  3434.46  1.31
863.7  263073.70  3438.26  1.31
865.0  259720.75  3376.92  1.30
866.4  249823.70  3258.57  1.30
867.8  246486.90  3203.21  1.30
869.1  249461.40  3234.32  1.30
870.5  252626.85  3272.88  1.30
871.9  254576.10  3282.23  1.29
873.2  254801.40  3276.02  1.29
874.6  253766.10  3244.88  1.28
876.0  252956.60  3229.66  1.28
877.3  252515.45  3221.96  1.28
878.7  252393.90  3204.81  1.27
880.0  250672.80  3164.64  1.26
881.4  248895.75  3140.18  1.26
882.8  249096.15  3133.45  1.26
884.1  249552.50  3126.98  1.25
885.5  248832.45  3120.80  1.25
886.8  247139.75  3103.10  1.26
888.2  246336.30  3082.57  1.25
889.5  246457.75  3075.61  1.25
890.9  246083.80  3047.85  1.24
892.2  244341.20  3016.96  1.23
893.6  240771.00  2950.63  1.23
894.9  235090.80  2868.01  1.22
896.2  226243.00  2738.22  1.21
897.6  216972.00  2612.52  1.20
898.9  207085.00  2480.03  1.20
900.3  200004.35  2391.96  1.20
901.6  196761.60  2346.79  1.19
903.0  200775.60  2381.29  1.19
904.3  210302.55  2509.98  1.19
905.6  215072.65  2562.79  1.19
907.0  211214.25  2487.10  1.18
908.3  203321.95  2380.76  1.17
909.6  197821.85  2308.38  1.17
911.0  197121.20  2305.84  1.17
912.3  197678.25  2304.82  1.17
913.6  195686.85  2271.93  1.16
914.9  194098.40  2240.05  1.15
916.2  192985.00  2214.87  1.15
917.6  192876.90  2214.62  1.15
918.9  195906.30  2252.01  1.15
920.2  201419.40  2314.31  1.15
921.5  203526.40  2320.64  1.14
922.9  202566.00  2315.04  1.14
924.2  200948.65  2277.20  1.13
925.5  199949.75  2251.48  1.13
926.8  199652.20  2225.74  1.11
928.1  193358.85  2152.93  1.11
929.4  180787.35  1996.55  1.10
930.7  163612.80  1782.96  1.09
932.0  142403.10  1556.08  1.09
933.4  122241.50  1313.64  1.07
934.7  108184.50  1163.92  1.08
936.0  103535.25  1099.83  1.06
937.3  101666.40  1109.09  1.09
938.6  109782.60  1183.47  1.08
939.9  125367.00  1344.06  1.07
941.2  132136.00  1393.00  1.05
942.5  131317.20  1369.91  1.04
943.8  124538.75  1290.90  1.04
945.1  119956.50  1262.70  1.05
946.4  118817.20  1239.46  1.04
947.7  121030.20  1240.67  1.03
949.0  123150.60  1244.75  1.01
950.2  125580.00  1300.65  1.04
951.5  127638.00  1303.73  1.02
952.8  127352.50  1296.68  1.02
954.1  129026.60  1290.27  1.00
955.4  128851.00  1283.72  1.00
956.7  130922.30  1294.62  0.99
958.0  134476.80  1334.88  0.99
959.3  134884.40  1308.58  0.97
960.5  138186.00  1351.15  0.98
961.8  142644.40  1405.62  0.99
963.1  146307.60  1431.27  0.98
964.4  149344.55  1477.27  0.99
965.7  151948.35  1492.06  0.98
966.9  157539.30  1541.87  0.98
968.2  166760.95  1650.54  0.99
969.5  174339.20  1726.02  0.99
970.8  178180.00  1781.80  1.00
972.0  179893.35  1816.98  1.01
973.3  176774.40  1767.74  1.00
974.6  173388.15  1727.62  1.00
975.8  170359.35  1671.69  0.98
977.1  171758.40  1717.58  1.00
978.4  173876.30  1752.04  1.01
979.6  174575.70  1732.22  0.99
980.9  177522.75  1795.95  1.01
982.2  181120.75  1818.26  1.00
983.4  182702.20  1870.18  1.02
984.7  184917.60  1878.53  1.02
985.9  186662.85  1904.11  1.02
987.2  188485.20  1946.15  1.03
988.5  188618.65  1925.32  1.02
989.7  188965.20  1921.68  1.02
991.0  189096.60  1964.64  1.04
992.2  189218.50  1959.17  1.04
993.5  190209.60  2004.91  1.05
994.7  189270.00  1997.85  1.06
996.0  190089.80  2026.43  1.07
997.2  189581.80  2024.66  1.07
998.5  189050.00  2041.74  1.08
999.7  189218.25  1998.92  1.06
1001.0  188130.60  1970.89  1.05
1002.2  186229.95  2014.95  1.08
1003.4  185059.15  1984.99  1.07
1004.7  181816.25  1974.01  1.09
1005.9  178845.60  1954.82  1.09
1007.2  178252.20  1969.07  1.10
1008.4  177965.10  1954.53  1.10
1009.6  178402.20  1989.08  1.11
1010.9  178596.25  1979.87  1.11
1012.1  178246.25  1914.87  1.07
1013.3  178395.00  1916.47  1.07
1014.6  177758.40  1920.61  1.08
1015.8  177601.80  1950.54  1.10
1017.1  177693.20  1962.89  1.10
1018.3  177233.50  2022.55  1.14
1019.5  177525.60  2007.73  1.13
1020.8  177003.75  1952.41  1.10
1022.0  176733.90  1876.43  1.06
1023.2  175869.80  1914.53  1.09
1024.4  176103.25  1886.01  1.07
1025.7  176358.00  1995.63  1.13
1026.9  176001.60  2021.64  1.15
1028.1  176849.25  2000.23  1.13
1029.3  176200.65  1999.44  1.13
1030.6  175565.50  2024.77  1.15
1031.8  176900.10  1953.82  1.10
1033.0  176306.00  1980.05  1.12
1034.2  175675.50  1951.95  1.11
1035.4  175015.10  2065.75  1.18
1036.7  175441.70  2064.02  1.18
1037.9  175896.60  2031.91  1.16
1039.1  176003.15  2024.82  1.15
1040.3  176478.50  2021.48  1.15
1041.5  176127.35  2106.94  1.20
1042.7  177455.25  2061.86  1.16
1043.9  177128.10  2153.32  1.22
1045.2  176358.60  2137.68  1.21
1046.4  175555.20  2157.87  1.23
1047.6  174272.70  2136.25  1.23
1048.8  174847.40  2228.82  1.27
1050.0  175463.50  2168.65  1.24
1051.2  176083.65  2104.91  1.20
1052.4  176251.75  2239.43  1.27
1053.6  175930.95  2246.83  1.28
1054.8  176118.30  2261.27  1.28
1056.0  176320.10  2276.54  1.29
1057.2  175448.35  2324.12  1.32
1058.4  174547.50  2327.30  1.33
1059.7  174170.70  2338.18  1.34
1060.9  173186.75  2244.11  1.30
1062.1  170238.00  2203.08  1.29
1063.3  172277.10  2262.74  1.31
1064.5  174438.00  2167.26  1.24
1065.7  173372.80  2112.98  1.22
1066.9  174377.70  2158.96  1.24
1068.1  176114.10  2386.06  1.35
1069.3  171436.30  2440.79  1.42
1070.5  172474.60  2438.43  1.41
1071.7  170497.60  2557.46  1.50
1072.9  171550.50  2245.75  1.31
1074.1  170970.05  2322.61  1.36
1075.3  171941.40  2225.12  1.29
1076.5  171150.20  2238.12  1.31
