/*** Spectra Vista SIG Data ***/
name= 230503_1613_R882_T892.sig
instrument= HK: 9202056 (HR-512i)
integration= 10.0, 0.0, 0.0, 100.0, 0.0, 0.0
scan method= Time-based, Time-based
scan coadds= 500, 0, 0, 50, 0, 0
scan time= 5, 5
scan settings= AI, AI
external data set1= 0,0,0,0,0,0,0,0,0,0,0,0,0,0,0,0,0,0,0,0,0,0,0,0,0,0,0,0,0,0,0,0
external data set2= 0,0,0,0,0,0,0,0,0,0,0,0,0,0,0,0,0,0,0,0,0,0,0,0,0,0,0,0,0,0,0,0
external data dark= 0,0,0,0,0,0,0,0,0,0,0,0,0,0,0,0
external data mask= 0
optic= LENS 4(1), LENS 4(1)
temp= 22.5, 0.0, 0.0, 25.1, 0.0, 0.0
battery= 8.35, 8.29
error= 0, 0
units= Radiance, Radiance
time= 5/3/2023 4:07:50 PM, 5/3/2023 4:13:24 PM
longitude= 07755.9963W     , 07756.0374W     
latitude= 3404.2484N      , 3404.2390N      
gpstime= 171645.000      , 172217.000      
comm= 
memory slot= 882, 892
factors= 1.000, 1.000, 1.000 [Overlap: Preserve, Matching Type: None]
inclinometer x offset= 5, 5
inclinometer y offset= -12, -35
data= 
339.7  89025.75  44728.70  50.24
341.4  96459.00  48073.08  49.84
343.0  101201.60  49818.49  49.23
344.7  103521.50  50270.43  48.56
346.4  108854.10  52130.55  47.89
348.0  114551.95  54070.29  47.20
349.7  120322.80  56033.64  46.57
351.3  130405.25  59795.25  45.85
353.0  137577.30  62143.76  45.17
354.6  147143.10  65414.28  44.46
356.2  148013.25  64630.34  43.67
357.9  138651.75  59381.03  42.83
359.5  139255.20  58403.68  41.94
361.2  150062.10  61847.11  41.21
362.8  158062.10  64092.11  40.55
364.5  168433.80  67264.31  39.94
366.1  183526.90  72137.11  39.31
367.7  194889.60  75362.94  38.67
369.4  196927.50  74927.93  38.05
371.0  198862.30  74375.21  37.40
372.6  194405.25  71438.93  36.75
374.3  184698.50  66710.95  36.12
375.9  186908.70  66314.66  35.48
377.5  203759.40  71135.87  34.91
379.1  216929.90  74623.01  34.40
380.8  212693.60  72032.80  33.87
382.4  198202.50  66074.40  33.34
384.0  177820.20  58283.28  32.78
385.6  184295.80  59357.23  32.21
387.3  195530.40  62066.16  31.74
388.9  205151.80  64251.53  31.32
390.5  221487.75  68320.12  30.85
392.1  231018.75  70213.05  30.39
393.8  209680.00  62920.00  30.01
395.4  210634.20  62109.50  29.49
397.0  223288.00  64834.32  29.04
398.6  249775.90  71438.86  28.60
400.2  305591.60  86042.84  28.16
401.8  342851.25  95208.40  27.77
403.4  361713.80  98982.24  27.36
405.0  363900.00  98076.00  26.95
406.6  360995.25  95772.60  26.53
408.3  363227.55  94838.73  26.11
409.9  370751.20  95279.36  25.70
411.5  375756.75  95142.38  25.32
413.1  388900.00  97000.00  24.94
414.7  394852.50  97092.66  24.59
416.3  398684.00  96641.60  24.24
417.9  397869.90  95107.35  23.90
419.5  394143.60  92958.65  23.58
421.1  396542.00  92246.84  23.26
422.7  398855.60  91537.82  22.95
424.3  395707.50  89656.89  22.66
425.9  395076.00  88334.02  22.36
427.5  389430.50  85932.25  22.07
429.1  377970.80  82313.04  21.78
430.7  355084.05  76471.64  21.54
432.3  359071.05  76377.86  21.27
433.9  385620.20  80908.52  20.98
435.5  402911.45  83557.80  20.74
437.1  423548.00  86735.00  20.48
438.7  424333.60  85913.10  20.25
440.3  424876.55  85063.06  20.02
441.9  439301.25  86877.23  19.78
443.5  457170.50  89311.66  19.54
445.0  467751.25  90310.75  19.31
446.6  470122.95  89764.24  19.09
448.2  479873.25  90575.83  18.87
449.8  492571.95  91912.67  18.66
451.4  505527.30  93219.33  18.44
453.0  503280.25  91794.95  18.24
454.6  495901.50  89500.34  18.05
456.2  497777.70  88840.34  17.85
457.8  502901.10  88739.62  17.65
459.3  503165.70  87824.33  17.45
460.9  504639.30  87130.56  17.27
462.5  510979.20  87275.28  17.08
464.1  511387.20  86414.40  16.90
465.7  506368.80  84684.48  16.72
467.2  501388.00  82975.15  16.55
468.8  499100.70  81726.83  16.37
470.4  497218.50  80586.90  16.21
472.0  499169.85  80082.65  16.04
473.6  504886.25  80155.46  15.88
475.1  508563.50  79904.00  15.71
476.7  509231.90  79201.50  15.55
478.3  512771.10  78951.29  15.40
479.9  516427.65  78754.14  15.25
481.5  519042.70  78406.84  15.11
483.0  517871.35  77481.66  14.96
484.6  507763.20  75229.44  14.82
486.2  484390.55  71157.38  14.69
487.8  471290.40  68637.24  14.56
489.3  480337.50  69258.75  14.42
490.9  490668.00  70047.60  14.28
492.5  491873.80  69598.60  14.15
494.0  495305.00  69459.50  14.02
495.6  499833.25  69464.75  13.90
497.2  501096.40  68979.19  13.77
498.8  495579.85  67611.03  13.64
500.3  487673.80  65891.83  13.51
501.9  478506.75  64057.78  13.39
503.5  476749.00  63206.00  13.26
505.0  478872.65  62881.43  13.13
506.6  482665.05  62842.05  13.02
508.2  480524.40  62052.48  12.91
509.7  478930.50  61331.22  12.81
511.3  477982.50  60695.89  12.70
512.9  473108.85  59575.64  12.59
514.4  464179.50  57965.25  12.49
516.0  453810.00  56283.00  12.40
517.5  439345.80  54306.18  12.36
519.1  438423.05  53569.43  12.22
520.7  447832.00  54097.12  12.08
522.2  453108.00  54207.65  11.96
523.8  459103.90  54558.78  11.88
525.4  461858.05  54683.50  11.84
526.9  456025.20  53692.25  11.77
528.5  459494.40  53751.47  11.70
530.0  467281.50  54222.99  11.60
531.6  470502.80  54062.24  11.49
533.2  467684.10  53256.99  11.39
534.7  470008.00  53132.80  11.30
536.3  470848.60  52906.18  11.24
537.8  468639.85  52344.22  11.17
539.4  464728.80  51554.04  11.09
541.0  460340.40  50703.96  11.01
542.5  460588.80  50361.72  10.93
544.1  463947.30  50358.60  10.85
545.6  465672.75  50169.23  10.77
547.2  465150.70  49765.17  10.70
548.7  465192.00  49428.40  10.63
550.3  465995.10  49169.61  10.55
551.8  466470.90  48858.39  10.47
553.4  467867.40  48657.18  10.40
554.9  469856.20  48502.87  10.32
556.5  468163.60  47972.68  10.25
558.0  464035.00  47200.00  10.17
559.6  460113.50  46460.58  10.10
561.1  462529.60  46346.12  10.02
562.7  465508.30  46292.86  9.94
564.2  469074.25  46299.68  9.87
565.8  468456.60  45947.62  9.81
567.3  468133.25  45602.50  9.74
568.9  467778.50  45275.45  9.68
570.4  465501.60  44764.79  9.62
572.0  466139.25  44538.30  9.55
573.5  469813.05  44603.16  9.49
575.1  471017.60  44435.68  9.43
576.6  470096.50  44066.40  9.37
578.2  468301.35  43627.21  9.32
579.7  467624.30  43316.49  9.26
581.2  469827.70  43253.88  9.21
582.8  473637.00  43347.54  9.15
584.3  474726.00  43189.53  9.10
585.9  472479.90  42731.52  9.04
587.4  468018.00  42061.68  8.99
588.9  457943.25  40917.85  8.94
590.5  451318.50  40054.31  8.87
592.0  452946.45  39932.61  8.82
593.6  455218.40  39880.62  8.76
595.1  455917.00  39699.22  8.71
596.6  456591.20  39539.36  8.66
598.2  456580.25  39326.58  8.61
599.7  454843.85  38968.59  8.57
601.2  452409.30  38566.85  8.52
602.8  451507.25  38284.54  8.48
604.3  452986.20  38186.83  8.43
605.8  454454.80  38100.50  8.38
607.4  454021.20  37853.33  8.34
608.9  451418.05  37430.65  8.29
610.5  448575.05  36997.40  8.25
612.0  446082.00  36594.29  8.20
613.5  442939.75  36139.95  8.16
615.0  440037.50  35704.83  8.11
616.6  436310.40  35223.68  8.07
618.1  436363.20  35040.60  8.03
619.6  438634.00  35028.40  7.99
621.2  440025.80  34956.82  7.94
622.7  438412.80  34644.48  7.90
624.2  435568.50  34253.37  7.86
625.8  431994.45  33812.50  7.83
627.3  430023.00  33480.25  7.79
628.8  427575.05  33123.13  7.75
630.3  425787.10  32822.92  7.71
631.8  424641.10  32610.76  7.68
633.4  425437.10  32547.79  7.65
634.9  426345.30  32499.29  7.62
636.4  427683.05  32480.43  7.59
638.0  429676.80  32526.00  7.57
639.5  429492.00  32419.80  7.55
641.0  428116.15  32236.82  7.53
642.5  427256.20  32084.78  7.51
644.0  426689.00  31936.10  7.48
645.5  425422.50  31725.91  7.46
647.1  423486.80  31483.56  7.43
648.6  421176.60  31243.63  7.42
650.1  419136.00  31063.50  7.41
651.6  419608.25  31118.89  7.42
653.1  420298.35  31208.09  7.43
654.7  416918.15  30803.88  7.39
656.2  404818.20  29721.49  7.34
657.7  398132.00  29212.08  7.34
659.2  402897.95  29675.23  7.37
660.7  409504.00  30034.75  7.33
662.2  415439.70  30312.62  7.30
663.7  418075.05  30349.08  7.26
665.2  418722.60  30174.52  7.21
666.8  418742.20  29920.63  7.15
668.3  418388.40  29775.21  7.12
669.8  417886.15  29712.65  7.11
671.3  416711.70  29543.47  7.09
672.8  415973.40  29323.85  7.05
674.3  415267.80  29096.69  7.01
675.8  415009.00  28926.40  6.97
677.3  414523.20  28764.19  6.94
678.8  413910.20  28610.78  6.91
680.3  412908.50  28430.28  6.89
681.8  411648.65  28227.19  6.86
683.3  409034.45  27902.05  6.82
684.8  403876.60  27384.20  6.78
686.3  388614.00  26216.54  6.75
687.8  368768.40  24788.40  6.72
689.3  360636.85  24068.10  6.67
690.8  361063.20  23890.56  6.62
692.3  366968.10  24081.94  6.56
693.8  371908.90  24201.65  6.51
695.3  375312.60  24243.83  6.46
696.8  379012.80  24345.84  6.42
698.3  379568.00  24236.80  6.39
699.8  377669.95  24004.31  6.36
701.3  374461.80  23707.17  6.33
702.8  373939.20  23598.42  6.31
704.2  375362.60  23602.06  6.29
705.7  377076.00  23648.32  6.27
707.2  377677.70  23635.59  6.26
708.7  377484.60  23570.76  6.24
710.2  377357.00  23518.00  6.23
711.7  376319.00  23395.55  6.22
713.2  374610.40  23246.32  6.21
714.7  371765.10  23005.08  6.19
716.2  363688.00  22423.84  6.17
717.6  347274.00  21330.00  6.14
719.1  330132.20  20211.18  6.12
720.6  325312.00  19888.64  6.11
722.1  330924.00  20192.25  6.10
723.6  331700.80  20200.71  6.09
725.0  329015.70  20000.07  6.08
726.5  327987.90  19911.59  6.07
728.0  327229.20  19831.91  6.06
729.5  326761.20  19793.60  6.06
731.0  328900.65  19904.94  6.05
732.4  334243.80  20240.88  6.06
733.9  341086.55  20657.91  6.06
735.4  345225.10  20898.19  6.05
736.8  346845.00  20993.10  6.05
738.3  346967.50  20984.37  6.05
739.8  346211.25  20928.60  6.05
741.2  344991.15  20857.37  6.05
742.7  345202.40  20860.48  6.04
744.2  346743.60  20926.92  6.04
745.7  347382.75  20933.03  6.03
747.1  347931.60  20936.79  6.02
748.6  347306.10  20872.05  6.01
750.0  345523.05  20736.24  6.00
751.5  343748.60  20609.03  6.00
753.0  342648.85  20502.31  5.98
754.4  342178.00  20441.40  5.97
755.9  341000.00  20331.25  5.96
757.3  338074.10  20081.43  5.94
758.8  316977.00  18706.74  5.90
760.3  252388.50  14944.65  5.92
761.7  200797.50  11943.37  5.95
763.2  185526.00  10975.80  5.92
764.6  190542.60  11228.76  5.89
766.1  218467.20  12835.20  5.88
767.5  254844.60  14947.36  5.87
769.0  285919.00  16748.25  5.86
770.4  306154.25  17935.75  5.86
771.9  317030.00  18571.00  5.86
773.3  322195.50  18847.80  5.85
774.8  323895.00  18940.35  5.85
776.2  324627.00  18957.06  5.84
777.7  324493.40  18916.59  5.83
779.1  323528.00  18825.60  5.82
780.5  322809.65  18752.49  5.81
782.0  322134.95  18689.44  5.80
783.4  320870.40  18593.28  5.79
784.9  319680.20  18485.28  5.78
786.3  318746.00  18399.80  5.77
787.8  316924.65  18253.71  5.76
789.2  314490.75  18076.14  5.75
790.6  311625.90  17878.70  5.74
792.0  308959.70  17692.92  5.73
793.5  305744.40  17486.82  5.72
794.9  304091.10  17379.09  5.72
796.3  304065.35  17365.18  5.71
797.8  304684.50  17349.72  5.69
799.2  304628.10  17317.22  5.68
800.6  303287.60  17229.96  5.68
802.1  302040.30  17121.20  5.67
803.5  300733.40  17028.00  5.66
804.9  299566.80  16931.20  5.65
806.3  299310.50  16891.20  5.64
807.8  298944.15  16849.76  5.64
809.2  296884.90  16723.78  5.63
810.6  294789.75  16573.58  5.62
812.0  292042.20  16356.87  5.60
813.4  285918.75  15969.38  5.59
814.8  276067.75  15375.52  5.57
816.3  265529.25  14755.29  5.56
817.7  257922.60  14310.40  5.55
819.1  254689.65  14092.60  5.53
820.5  257565.00  14241.15  5.53
821.9  259578.20  14316.70  5.52
823.3  253976.80  14011.69  5.52
824.7  256913.40  14167.84  5.51
826.1  263278.40  14488.32  5.50
827.5  265154.25  14591.63  5.50
828.9  263407.50  14481.05  5.50
830.3  262894.50  14424.30  5.49
831.7  262986.60  14421.00  5.48
833.2  262906.80  14422.62  5.49
834.5  264525.80  14523.25  5.49
835.9  267853.95  14661.34  5.47
837.3  270980.50  14802.28  5.46
838.7  272753.75  14930.13  5.47
840.1  274132.90  15003.51  5.47
841.5  274806.00  15034.36  5.47
842.9  274404.45  14995.67  5.46
844.3  273585.00  14950.00  5.46
845.7  273638.00  14917.44  5.45
847.1  273586.00  14924.27  5.46
848.5  272095.25  14827.40  5.45
849.9  266693.10  14526.80  5.45
851.2  263282.25  14340.48  5.45
852.6  262196.55  14220.56  5.42
854.0  253417.45  13748.02  5.43
855.4  247826.40  13473.90  5.44
856.8  253649.60  13744.98  5.42
858.2  259350.30  14026.79  5.41
859.5  261922.00  14186.00  5.42
860.9  262800.00  14226.24  5.41
862.3  263084.20  14245.22  5.41
863.7  263073.70  14230.39  5.41
865.0  259720.75  14012.93  5.40
866.4  249823.70  13531.35  5.42
867.8  246486.90  13331.18  5.41
869.1  249461.40  13454.31  5.39
870.5  252626.85  13595.64  5.38
871.9  254576.10  13724.30  5.39
873.2  254801.40  13699.00  5.38
874.6  253766.10  13609.47  5.36
876.0  252956.60  13600.68  5.38
877.3  252515.45  13570.42  5.37
878.7  252393.90  13576.20  5.38
880.0  250672.80  13491.36  5.38
881.4  248895.75  13382.63  5.38
882.8  249096.15  13361.97  5.36
884.1  249552.50  13342.63  5.35
885.5  248832.45  13306.08  5.35
886.8  247139.75  13210.34  5.35
888.2  246336.30  13169.35  5.35
889.5  246457.75  13151.99  5.34
890.9  246083.80  13121.40  5.33
892.2  244341.20  13009.77  5.32
893.6  240771.00  12817.52  5.32
894.9  235090.80  12544.56  5.34
896.2  226243.00  12040.40  5.32
897.6  216972.00  11488.20  5.29
898.9  207085.00  11002.95  5.31
900.3  200004.35  10594.42  5.30
901.6  196761.60  10401.72  5.29
903.0  200775.60  10557.58  5.26
904.3  210302.55  11079.61  5.27
905.6  215072.65  11351.80  5.28
907.0  211214.25  11167.65  5.29
908.3  203321.95  10781.81  5.30
909.6  197821.85  10487.61  5.30
911.0  197121.20  10460.64  5.31
912.3  197678.25  10440.15  5.28
913.6  195686.85  10319.09  5.27
914.9  194098.40  10174.04  5.24
916.2  192985.00  10153.98  5.26
917.6  192876.90  10140.33  5.26
918.9  195906.30  10314.07  5.26
920.2  201419.40  10612.42  5.27
921.5  203526.40  10693.76  5.25
922.9  202566.00  10653.00  5.26
924.2  200948.65  10579.64  5.26
925.5  199949.75  10504.73  5.25
926.8  199652.20  10530.74  5.27
928.1  193358.85  10224.74  5.29
929.4  180787.35  9605.40  5.31
930.7  163612.80  8705.04  5.32
932.0  142403.10  7601.97  5.34
933.4  122241.50  6422.24  5.25
934.7  108184.50  5707.67  5.28
936.0  103535.25  5461.20  5.27
937.3  101666.40  5391.40  5.30
938.6  109782.60  5722.71  5.21
939.9  125367.00  6484.50  5.17
941.2  132136.00  6885.40  5.21
942.5  131317.20  6849.57  5.22
943.8  124538.75  6620.00  5.32
945.1  119956.50  6355.59  5.30
946.4  118817.20  6368.26  5.36
947.7  121030.20  6333.48  5.23
949.0  123150.60  6444.44  5.23
950.2  125580.00  6592.95  5.25
951.5  127638.00  6655.41  5.21
952.8  127352.50  6668.64  5.24
954.1  129026.60  6780.96  5.26
955.4  128851.00  6801.80  5.28
956.7  130922.30  6862.47  5.24
958.0  134476.80  7069.92  5.26
959.3  134884.40  7096.53  5.26
960.5  138186.00  7267.56  5.26
961.8  142644.40  7496.64  5.26
963.1  146307.60  7686.45  5.25
964.4  149344.55  7925.51  5.31
965.7  151948.35  8063.69  5.31
966.9  157539.30  8323.89  5.28
968.2  166760.95  8764.91  5.26
969.5  174339.20  9209.28  5.28
970.8  178180.00  9499.00  5.33
972.0  179893.35  9626.40  5.35
973.3  176774.40  9452.52  5.35
974.6  173388.15  9201.47  5.31
975.8  170359.35  9060.31  5.32
977.1  171758.40  9108.40  5.30
978.4  173876.30  9291.10  5.34
979.6  174575.70  9270.11  5.31
980.9  177522.75  9394.20  5.29
982.2  181120.75  9584.60  5.29
983.4  182702.20  9782.48  5.35
984.7  184917.60  9832.92  5.32
985.9  186662.85  10045.31  5.38
987.2  188485.20  10113.84  5.37
988.5  188618.65  10096.19  5.35
989.7  188965.20  10168.89  5.38
991.0  189096.60  10232.50  5.41
992.2  189218.50  10214.45  5.40
993.5  190209.60  10281.60  5.41
994.7  189270.00  10252.13  5.42
996.0  190089.80  10221.81  5.38
997.2  189581.80  10307.36  5.44
998.5  189050.00  10303.23  5.45
999.7  189218.25  10285.71  5.44
1001.0  188130.60  10352.16  5.50
1002.2  186229.95  10176.50  5.46
1003.4  185059.15  10028.35  5.42
1004.7  181816.25  9870.03  5.43
1005.9  178845.60  9774.12  5.47
1007.2  178252.20  9741.69  5.47
1008.4  177965.10  9875.52  5.55
1009.6  178402.20  9842.88  5.52
1010.9  178596.25  9695.23  5.43
1012.1  178246.25  9778.08  5.49
1013.3  178395.00  9786.24  5.49
1014.6  177758.40  9807.36  5.52
1015.8  177601.80  9650.04  5.43
1017.1  177693.20  9607.83  5.41
1018.3  177233.50  9695.72  5.47
1019.5  177525.60  9721.64  5.48
1020.8  177003.75  9654.75  5.45
1022.0  176733.90  9709.46  5.49
1023.2  175869.80  9572.66  5.44
1024.4  176103.25  9657.28  5.48
1025.7  176358.00  9630.08  5.46
1026.9  176001.60  9751.44  5.54
1028.1  176849.25  9635.24  5.45
1029.3  176200.65  9747.27  5.53
1030.6  175565.50  9867.55  5.62
1031.8  176900.10  9769.11  5.52
1033.0  176306.00  9900.26  5.62
1034.2  175675.50  9899.18  5.63
1035.4  175015.10  9754.94  5.57
1036.7  175441.70  9730.38  5.55
1037.9  175896.60  9856.28  5.60
1039.1  176003.15  9968.32  5.66
1040.3  176478.50  10107.41  5.73
1041.5  176127.35  10040.91  5.70
1042.7  177455.25  9802.29  5.52
1043.9  177128.10  9724.68  5.49
1045.2  176358.60  9797.70  5.56
1046.4  175555.20  9874.98  5.63
1047.6  174272.70  9931.67  5.70
1048.8  174847.40  9799.14  5.60
1050.0  175463.50  9857.50  5.62
1051.2  176083.65  10119.75  5.75
1052.4  176251.75  9953.04  5.65
1053.6  175930.95  9962.36  5.66
1054.8  176118.30  10219.21  5.80
1056.0  176320.10  10266.74  5.82
1057.2  175448.35  10025.62  5.71
1058.4  174547.50  9774.66  5.60
1059.7  174170.70  10020.78  5.75
1060.9  173186.75  10000.93  5.77
1062.1  170238.00  10264.35  6.03
1063.3  172277.10  10028.07  5.82
1064.5  174438.00  10043.40  5.76
1065.7  173372.80  10023.12  5.78
1066.9  174377.70  9687.65  5.56
1068.1  176114.10  9657.87  5.48
1069.3  171436.30  9879.38  5.76
1070.5  172474.60  9813.21  5.69
1071.7  170497.60  10047.18  5.89
1072.9  171550.50  10293.03  6.00
1074.1  170970.05  10322.72  6.04
1075.3  171941.40  10114.20  5.88
1076.5  171150.20  10203.19  5.96
