/*** Spectra Vista SIG Data ***/
name= 230503_1611_R882_T888.sig
instrument= HK: 9202056 (HR-512i)
integration= 10.0, 0.0, 0.0, 100.0, 0.0, 0.0
scan method= Time-based, Time-based
scan coadds= 500, 0, 0, 50, 0, 0
scan time= 5, 5
scan settings= AI, AI
external data set1= 0,0,0,0,0,0,0,0,0,0,0,0,0,0,0,0,0,0,0,0,0,0,0,0,0,0,0,0,0,0,0,0
external data set2= 0,0,0,0,0,0,0,0,0,0,0,0,0,0,0,0,0,0,0,0,0,0,0,0,0,0,0,0,0,0,0,0
external data dark= 0,0,0,0,0,0,0,0,0,0,0,0,0,0,0,0
external data mask= 0
optic= LENS 4(1), LENS 4(1)
temp= 22.5, 0.0, 0.0, 24.4, 0.0, 0.0
battery= 8.35, 8.29
error= 0, 0
units= Radiance, Radiance
time= 5/3/2023 4:07:50 PM, 5/3/2023 4:11:21 PM
longitude= 07755.9963W     , 07756.0471W     
latitude= 3404.2484N      , 3404.2582N      
gpstime= 171645.000      , 172014.000      
comm= 
memory slot= 882, 888
factors= 1.000, 1.000, 1.000 [Overlap: Preserve, Matching Type: None]
inclinometer x offset= 5, 6
inclinometer y offset= -12, -3
data= 
339.7  89025.75  43020.12  48.32
341.4  96459.00  46300.32  48.00
343.0  101201.60  47987.54  47.42
344.7  103521.50  48379.48  46.73
346.4  108854.10  50109.63  46.03
348.0  114551.95  51938.06  45.34
349.7  120322.80  53773.20  44.69
351.3  130405.25  57364.66  43.99
353.0  137577.30  59603.46  43.32
354.6  147143.10  62708.20  42.62
356.2  148013.25  61924.17  41.84
357.9  138651.75  56775.83  40.95
359.5  139255.20  55677.52  39.98
361.2  150062.10  58887.45  39.24
362.8  158062.10  60952.85  38.56
364.5  168433.80  63951.45  37.97
366.1  183526.90  68570.89  37.36
367.7  194889.60  71672.58  36.78
369.4  196927.50  71216.15  36.16
371.0  198862.30  70648.76  35.53
372.6  194405.25  67859.33  34.91
374.3  184698.50  63255.15  34.25
375.9  186908.70  62785.69  33.59
377.5  203759.40  67335.06  33.05
379.1  216929.90  70671.87  32.58
380.8  212693.60  68234.32  32.08
382.4  198202.50  62545.05  31.56
384.0  177820.20  55062.05  30.97
385.6  184295.80  56026.70  30.40
387.3  195530.40  58565.52  29.95
388.9  205151.80  60583.61  29.53
390.5  221487.75  64417.10  29.08
392.1  231018.75  66258.68  28.68
393.8  209680.00  59304.00  28.28
395.4  210634.20  58368.98  27.71
397.0  223288.00  60897.40  27.27
398.6  249775.90  66953.72  26.81
400.2  305591.60  80664.32  26.40
401.8  342851.25  89303.20  26.05
403.4  361713.80  92833.23  25.66
405.0  363900.00  91896.00  25.25
406.6  360995.25  89628.00  24.83
408.3  363227.55  88617.06  24.40
409.9  370751.20  88917.04  23.98
411.5  375756.75  88673.63  23.60
413.1  388900.00  90315.00  23.22
414.7  394852.50  90325.83  22.88
416.3  398684.00  89844.15  22.54
417.9  397869.90  88366.71  22.21
419.5  394143.60  86291.43  21.89
421.1  396542.00  85548.64  21.57
422.7  398855.60  84845.64  21.27
424.3  395707.50  83039.27  20.99
425.9  395076.00  81757.45  20.69
427.5  389430.50  79477.95  20.41
429.1  377970.80  76069.35  20.13
430.7  355084.05  70581.20  19.88
432.3  359071.05  70318.56  19.58
433.9  385620.20  74442.10  19.30
435.5  402911.45  76807.73  19.06
437.1  423548.00  79655.60  18.81
438.7  424333.60  78839.60  18.58
440.3  424876.55  77929.01  18.34
441.9  439301.25  79479.68  18.09
443.5  457170.50  81606.28  17.85
445.0  467751.25  82417.38  17.62
446.6  470122.95  81798.04  17.40
448.2  479873.25  82402.84  17.17
449.8  492571.95  83506.87  16.95
451.4  505527.30  84622.09  16.74
453.0  503280.25  83263.07  16.54
454.6  495901.50  81051.05  16.34
456.2  497777.70  80337.75  16.14
457.8  502901.10  80155.19  15.94
459.3  503165.70  79243.11  15.75
460.9  504639.30  78534.72  15.56
462.5  510979.20  78576.72  15.38
464.1  511387.20  77711.76  15.20
465.7  506368.80  76067.52  15.02
467.2  501388.00  74450.25  14.85
468.8  499100.70  73226.91  14.67
470.4  497218.50  72098.10  14.50
472.0  499169.85  71508.27  14.33
473.6  504886.25  71458.97  14.15
475.1  508563.50  71115.00  13.98
476.7  509231.90  70360.31  13.82
478.3  512771.10  70019.81  13.66
479.9  516427.65  69777.05  13.51
481.5  519042.70  69420.94  13.37
483.0  517871.35  68576.70  13.24
484.6  507763.20  66554.88  13.11
486.2  484390.55  62886.46  12.98
487.8  471290.40  60521.58  12.84
489.3  480337.50  60975.00  12.69
490.9  490668.00  61610.64  12.56
492.5  491873.80  61145.21  12.43
494.0  495305.00  60936.75  12.30
495.6  499833.25  60845.19  12.17
497.2  501096.40  60373.28  12.05
498.8  495579.85  59101.21  11.93
500.3  487673.80  57567.30  11.80
501.9  478506.75  55899.43  11.68
503.5  476749.00  55070.34  11.55
505.0  478872.65  54720.68  11.43
506.6  482665.05  54609.84  11.31
508.2  480524.40  53861.76  11.21
509.7  478930.50  53183.97  11.10
511.3  477982.50  52584.39  11.00
512.9  473108.85  51567.84  10.90
514.4  464179.50  50129.80  10.80
516.0  453810.00  48561.00  10.70
517.5  439345.80  46620.95  10.61
519.1  438423.05  46087.73  10.51
520.7  447832.00  46625.04  10.41
522.2  453108.00  46738.20  10.32
523.8  459103.90  46929.09  10.22
525.4  461858.05  46811.42  10.14
526.9  456025.20  45851.57  10.05
528.5  459494.40  45769.95  9.96
530.0  467281.50  46057.74  9.86
531.6  470502.80  45919.96  9.76
533.2  467684.10  45245.50  9.67
534.7  470008.00  45102.40  9.60
536.3  470848.60  44835.84  9.52
537.8  468639.85  44259.36  9.44
539.4  464728.80  43533.48  9.37
541.0  460340.40  42755.16  9.29
542.5  460588.80  42401.88  9.21
544.1  463947.30  42336.68  9.13
545.6  465672.75  42130.05  9.05
547.2  465150.70  41744.37  8.97
548.7  465192.00  41409.20  8.90
550.3  465995.10  41141.23  8.83
551.8  466470.90  40846.68  8.76
553.4  467867.40  40626.30  8.68
554.9  469856.20  40451.33  8.61
556.5  468163.60  39974.80  8.54
558.0  464035.00  39294.00  8.47
559.6  460113.50  38627.40  8.40
561.1  462529.60  38494.05  8.32
562.7  465508.30  38414.00  8.25
564.2  469074.25  38386.66  8.18
565.8  468456.60  38022.26  8.12
567.3  468133.25  37667.67  8.05
568.9  467778.50  37303.34  7.97
570.4  465501.60  36797.36  7.90
572.0  466139.25  36518.70  7.83
573.5  469813.05  36479.10  7.76
575.1  471017.60  36267.20  7.70
576.6  470096.50  35901.55  7.64
578.2  468301.35  35486.57  7.58
579.7  467624.30  35178.26  7.52
581.2  469827.70  35102.57  7.47
582.8  473637.00  35157.96  7.42
584.3  474726.00  35010.73  7.37
585.9  472479.90  34597.38  7.32
587.4  468018.00  33997.32  7.26
588.9  457943.25  32959.60  7.20
590.5  451318.50  32173.20  7.13
592.0  452946.45  31991.58  7.06
593.6  455218.40  31897.06  7.01
595.1  455917.00  31702.77  6.95
596.6  456591.20  31537.92  6.91
598.2  456580.25  31337.55  6.86
599.7  454843.85  31033.27  6.82
601.2  452409.30  30683.80  6.78
602.8  451507.25  30420.15  6.74
604.3  452986.20  30317.55  6.69
605.8  454454.80  30205.28  6.65
607.4  454021.20  29969.19  6.60
608.9  451418.05  29598.54  6.56
610.5  448575.05  29207.31  6.51
612.0  446082.00  28850.84  6.47
613.5  442939.75  28451.55  6.42
615.0  440037.50  28080.01  6.38
616.6  436310.40  27647.28  6.34
618.1  436363.20  27454.14  6.29
619.6  438634.00  27401.80  6.25
621.2  440025.80  27297.72  6.20
622.7  438412.80  27018.24  6.16
624.2  435568.50  26664.30  6.12
625.8  431994.45  26256.20  6.08
627.3  430023.00  25932.48  6.03
628.8  427575.05  25573.03  5.98
630.3  425787.10  25300.34  5.94
631.8  424641.10  25094.81  5.91
633.4  425437.10  25034.57  5.88
634.9  426345.30  24995.35  5.86
636.4  427683.05  24975.40  5.84
638.0  429676.80  25003.32  5.82
639.5  429492.00  24906.00  5.80
641.0  428116.15  24762.05  5.78
642.5  427256.20  24625.09  5.76
644.0  426689.00  24484.20  5.74
645.5  425422.50  24299.96  5.71
647.1  423486.80  24067.20  5.68
648.6  421176.60  23850.87  5.66
650.1  419136.00  23691.45  5.65
651.6  419608.25  23715.62  5.65
653.1  420298.35  23771.01  5.66
654.7  416918.15  23560.87  5.65
656.2  404818.20  22823.96  5.64
657.7  398132.00  22382.24  5.62
659.2  402897.95  22581.46  5.60
660.7  409504.00  22872.25  5.59
662.2  415439.70  23068.76  5.55
663.7  418075.05  23076.74  5.52
665.2  418722.60  22923.09  5.47
666.8  418742.20  22744.56  5.43
668.3  418388.40  22616.25  5.41
669.8  417886.15  22502.32  5.38
671.3  416711.70  22315.95  5.36
672.8  415973.40  22114.04  5.32
674.3  415267.80  21896.12  5.27
675.8  415009.00  21715.00  5.23
677.3  414523.20  21553.98  5.20
678.8  413910.20  21388.29  5.17
680.3  412908.50  21207.65  5.14
681.8  411648.65  21023.73  5.11
683.3  409034.45  20737.15  5.07
684.8  403876.60  20309.50  5.03
686.3  388614.00  19354.82  4.98
687.8  368768.40  18138.12  4.92
689.3  360636.85  17507.07  4.85
690.8  361063.20  17321.76  4.80
692.3  366968.10  17444.57  4.75
693.8  371908.90  17523.22  4.71
695.3  375312.60  17535.83  4.67
696.8  379012.80  17596.22  4.64
698.3  379568.00  17505.60  4.61
699.8  377669.95  17300.40  4.58
701.3  374461.80  17045.34  4.55
702.8  373939.20  16944.12  4.53
704.2  375362.60  16941.62  4.51
705.7  377076.00  16959.04  4.50
707.2  377677.70  16922.27  4.48
708.7  377484.60  16869.06  4.47
710.2  377357.00  16810.03  4.45
711.7  376319.00  16702.70  4.44
713.2  374610.40  16573.12  4.42
714.7  371765.10  16378.50  4.41
716.2  363688.00  15897.90  4.37
717.6  347274.00  14979.60  4.31
719.1  330132.20  14059.48  4.26
720.6  325312.00  13746.88  4.23
722.1  330924.00  13995.60  4.23
723.6  331700.80  13992.26  4.22
725.0  329015.70  13801.86  4.19
726.5  327987.90  13690.94  4.17
728.0  327229.20  13616.10  4.16
729.5  326761.20  13566.40  4.15
731.0  328900.65  13627.40  4.14
732.4  334243.80  13856.70  4.15
733.9  341086.55  14177.66  4.16
735.4  345225.10  14366.44  4.16
736.8  346845.00  14438.10  4.16
738.3  346967.50  14429.26  4.16
739.8  346211.25  14379.75  4.15
741.2  344991.15  14315.13  4.15
742.7  345202.40  14296.32  4.14
744.2  346743.60  14341.32  4.14
745.7  347382.75  14326.65  4.12
747.1  347931.60  14304.12  4.11
748.6  347306.10  14243.52  4.10
750.0  345523.05  14125.39  4.09
751.5  343748.60  14004.12  4.07
753.0  342648.85  13910.30  4.06
754.4  342178.00  13838.40  4.04
755.9  341000.00  13743.75  4.03
757.3  338074.10  13568.36  4.01
758.8  316977.00  12640.89  3.99
760.3  252388.50  9913.65  3.93
761.7  200797.50  7666.22  3.82
763.2  185526.00  6883.80  3.71
764.6  190542.60  6993.00  3.67
766.1  218467.20  8084.16  3.70
767.5  254844.60  9593.99  3.76
769.0  285919.00  10898.35  3.81
770.4  306154.25  11751.73  3.84
771.9  317030.00  12215.00  3.85
773.3  322195.50  12430.78  3.86
774.8  323895.00  12476.75  3.85
776.2  324627.00  12471.75  3.84
777.7  324493.40  12428.19  3.83
779.1  323528.00  12358.00  3.82
780.5  322809.65  12291.80  3.81
782.0  322134.95  12211.85  3.79
783.4  320870.40  12126.72  3.78
784.9  319680.20  12051.22  3.77
786.3  318746.00  11961.84  3.75
787.8  316924.65  11833.77  3.73
789.2  314490.75  11689.18  3.72
790.6  311625.90  11519.82  3.70
792.0  308959.70  11378.78  3.68
793.5  305744.40  11234.88  3.67
794.9  304091.10  11147.72  3.67
796.3  304065.35  11102.19  3.65
797.8  304684.50  11087.50  3.64
799.2  304628.10  11055.27  3.63
800.6  303287.60  10964.52  3.62
802.1  302040.30  10886.85  3.60
803.5  300733.40  10784.40  3.59
804.9  299566.80  10716.68  3.58
806.3  299310.50  10693.85  3.57
807.8  298944.15  10650.32  3.56
809.2  296884.90  10549.62  3.55
810.6  294789.75  10429.13  3.54
812.0  292042.20  10267.44  3.52
813.4  285918.75  9966.25  3.49
814.8  276067.75  9519.21  3.45
816.3  265529.25  9070.88  3.42
817.7  257922.60  8753.94  3.39
819.1  254689.65  8626.04  3.39
820.5  257565.00  8731.80  3.39
821.9  259578.20  8789.52  3.39
823.3  253976.80  8557.40  3.37
824.7  256913.40  8636.56  3.36
826.1  263278.40  8870.40  3.37
827.5  265154.25  8930.33  3.37
828.9  263407.50  8831.15  3.35
830.3  262894.50  8801.93  3.35
831.7  262986.60  8796.81  3.34
833.2  262906.80  8754.69  3.33
834.5  264525.80  8808.52  3.33
835.9  267853.95  8928.47  3.33
837.3  270980.50  9051.25  3.34
838.7  272753.75  9110.63  3.34
840.1  274132.90  9128.21  3.33
841.5  274806.00  9145.66  3.33
842.9  274404.45  9127.16  3.33
844.3  273585.00  9089.60  3.32
845.7  273638.00  9080.84  3.32
847.1  273586.00  9083.67  3.32
848.5  272095.25  8986.78  3.30
849.9  266693.10  8795.03  3.30
851.2  263282.25  8658.71  3.29
852.6  262196.55  8593.95  3.28
854.0  253417.45  8304.73  3.28
855.4  247826.40  8127.64  3.28
856.8  253649.60  8297.58  3.27
858.2  259350.30  8422.91  3.25
859.5  261922.00  8511.60  3.25
860.9  262800.00  8497.20  3.23
862.3  263084.20  8497.46  3.23
863.7  263073.70  8487.99  3.23
865.0  259720.75  8396.85  3.23
866.4  249823.70  8045.17  3.22
867.8  246486.90  7886.84  3.20
869.1  249461.40  7963.14  3.19
870.5  252626.85  8039.00  3.18
871.9  254576.10  8099.27  3.18
873.2  254801.40  8082.41  3.17
874.6  253766.10  8042.86  3.17
876.0  252956.60  8003.94  3.16
877.3  252515.45  7983.80  3.16
878.7  252393.90  7960.59  3.15
880.0  250672.80  7911.60  3.16
881.4  248895.75  7839.90  3.15
882.8  249096.15  7812.27  3.14
884.1  249552.50  7806.63  3.13
885.5  248832.45  7747.29  3.11
886.8  247139.75  7691.26  3.11
888.2  246336.30  7672.77  3.11
889.5  246457.75  7632.24  3.10
890.9  246083.80  7619.62  3.10
892.2  244341.20  7530.75  3.08
893.6  240771.00  7411.97  3.08
894.9  235090.80  7182.00  3.05
896.2  226243.00  6821.28  3.02
897.6  216972.00  6519.00  3.00
898.9  207085.00  6162.65  2.98
900.3  200004.35  5916.69  2.96
901.6  196761.60  5815.74  2.96
903.0  200775.60  5940.26  2.96
904.3  210302.55  6248.69  2.97
905.6  215072.65  6433.57  2.99
907.0  211214.25  6285.18  2.98
908.3  203321.95  6020.30  2.96
909.6  197821.85  5798.71  2.93
911.0  197121.20  5736.48  2.91
912.3  197678.25  5762.05  2.91
913.6  195686.85  5665.38  2.90
914.9  194098.40  5629.44  2.90
916.2  192985.00  5552.03  2.88
917.6  192876.90  5536.56  2.87
918.9  195906.30  5614.76  2.87
920.2  201419.40  5847.66  2.90
921.5  203526.40  5958.40  2.93
922.9  202566.00  5946.60  2.94
924.2  200948.65  5902.67  2.94
925.5  199949.75  5792.33  2.90
926.8  199652.20  5780.28  2.90
928.1  193358.85  5567.93  2.88
929.4  180787.35  5145.75  2.85
930.7  163612.80  4614.72  2.82
932.0  142403.10  3997.28  2.81
933.4  122241.50  3357.08  2.75
934.7  108184.50  2984.40  2.76
936.0  103535.25  2806.45  2.71
937.3  101666.40  2772.72  2.73
938.6  109782.60  2997.61  2.73
939.9  125367.00  3458.40  2.76
941.2  132136.00  3661.60  2.77
942.5  131317.20  3607.17  2.75
943.8  124538.75  3434.13  2.76
945.1  119956.50  3240.93  2.70
946.4  118817.20  3248.24  2.73
947.7  121030.20  3296.88  2.72
949.0  123150.60  3354.64  2.72
950.2  125580.00  3408.60  2.71
951.5  127638.00  3510.05  2.75
952.8  127352.50  3473.25  2.73
954.1  129026.60  3531.75  2.74
955.4  128851.00  3544.60  2.75
956.7  130922.30  3552.91  2.71
958.0  134476.80  3658.56  2.72
959.3  134884.40  3674.09  2.72
960.5  138186.00  3736.14  2.70
961.8  142644.40  3904.50  2.74
963.1  146307.60  3975.75  2.72
964.4  149344.55  4097.54  2.74
965.7  151948.35  4168.98  2.74
966.9  157539.30  4413.34  2.80
968.2  166760.95  4610.12  2.76
969.5  174339.20  4923.20  2.82
970.8  178180.00  5133.00  2.88
972.0  179893.35  5114.03  2.84
973.3  176774.40  5033.16  2.85
974.6  173388.15  4945.01  2.85
975.8  170359.35  4785.38  2.81
977.1  171758.40  4879.50  2.84
978.4  173876.30  4844.65  2.79
979.6  174575.70  4871.88  2.79
980.9  177522.75  5042.48  2.84
982.2  181120.75  5144.68  2.84
983.4  182702.20  5178.96  2.83
984.7  184917.60  5283.36  2.86
985.9  186662.85  5322.52  2.85
987.2  188485.20  5286.78  2.80
988.5  188618.65  5400.29  2.86
989.7  188965.20  5524.83  2.92
991.0  189096.60  5402.76  2.86
992.2  189218.50  5358.40  2.83
993.5  190209.60  5397.84  2.84
994.7  189270.00  5520.38  2.92
996.0  190089.80  5559.23  2.92
997.2  189581.80  5429.77  2.86
998.5  189050.00  5482.45  2.90
999.7  189218.25  5336.93  2.82
1001.0  188130.60  5275.62  2.80
1002.2  186229.95  5393.55  2.90
1003.4  185059.15  5376.02  2.91
1004.7  181816.25  5402.54  2.97
1005.9  178845.60  5199.00  2.91
1007.2  178252.20  5181.75  2.91
1008.4  177965.10  5040.63  2.83
1009.6  178402.20  5023.97  2.82
1010.9  178596.25  5102.75  2.86
1012.1  178246.25  4990.90  2.80
1013.3  178395.00  5097.00  2.86
1014.6  177758.40  5108.00  2.87
1015.8  177601.80  5133.00  2.89
1017.1  177693.20  5062.19  2.85
1018.3  177233.50  5108.50  2.88
1019.5  177525.60  5177.83  2.92
1020.8  177003.75  5149.20  2.91
1022.0  176733.90  5127.47  2.90
1023.2  175869.80  5120.26  2.91
1024.4  176103.25  5112.68  2.90
1025.7  176358.00  5105.10  2.89
1026.9  176001.60  4994.64  2.84
1028.1  176849.25  5122.53  2.90
1029.3  176200.65  5123.57  2.91
1030.6  175565.50  4997.85  2.85
1031.8  176900.10  5412.62  3.06
1033.0  176306.00  5153.56  2.92
1034.2  175675.50  5158.73  2.94
1035.4  175015.10  5164.38  2.95
1036.7  175441.70  5012.62  2.86
1037.9  175896.60  5307.23  3.02
1039.1  176003.15  5139.92  2.92
1040.3  176478.50  5294.36  3.00
1041.5  176127.35  5431.97  3.08
1042.7  177455.25  5239.16  2.95
1043.9  177128.10  5036.00  2.84
1045.2  176358.60  4987.92  2.83
1046.4  175555.20  5303.23  3.02
1047.6  174272.70  5059.53  2.90
1048.8  174847.40  5379.92  3.08
1050.0  175463.50  5520.20  3.15
1051.2  176083.65  5262.27  2.99
1052.4  176251.75  5183.88  2.94
1053.6  175930.95  4875.20  2.77
1054.8  176118.30  5218.32  2.96
1056.0  176320.10  4910.18  2.78
1057.2  175448.35  5468.52  3.12
1058.4  174547.50  5585.52  3.20
1059.7  174170.70  5726.16  3.29
1060.9  173186.75  5122.43  2.96
1062.1  170238.00  5007.00  2.94
1063.3  172277.10  5142.60  2.99
1064.5  174438.00  5286.00  3.03
1065.7  173372.80  5417.90  3.13
1066.9  174377.70  4982.22  2.86
1068.1  176114.10  5112.99  2.90
1069.3  171436.30  5230.26  3.05
1070.5  172474.60  5352.66  3.10
1071.7  170497.60  5480.28  3.21
1072.9  171550.50  5302.47  3.09
1074.1  170970.05  5483.95  3.21
1075.3  171941.40  5057.10  2.94
1076.5  171150.20  5266.16  3.08
