/*** Spectra Vista SIG Data ***/
name= 230505_1653_R941_T948.sig
instrument= HK: 9202056 (HR-512i)
integration= 20.0, 0.0, 0.0, 70.0, 0.0, 0.0
scan method= Time-based, Time-based
scan coadds= 250, 0, 0, 71, 0, 0
scan time= 5, 5
scan settings= AI, AI
external data set1= 0,0,0,0,0,0,0,0,0,0,0,0,0,0,0,0,0,0,0,0,0,0,0,0,0,0,0,0,0,0,0,0
external data set2= 0,0,0,0,0,0,0,0,0,0,0,0,0,0,0,0,0,0,0,0,0,0,0,0,0,0,0,0,0,0,0,0
external data dark= 0,0,0,0,0,0,0,0,0,0,0,0,0,0,0,0
external data mask= 0
optic= LENS 4(1), LENS 4(1)
temp= 25.7, 0.0, 0.0, 27.7, 0.0, 0.0
battery= 8.27, 8.27
error= 0, 0
units= Radiance, Radiance
time= 5/5/2023 4:49:27 PM, 5/5/2023 4:53:16 PM
longitude=                 , 07746.6527W     
latitude=                 , 3409.6268N      
gpstime=                 , 175909.000      
comm= 
memory slot= 941, 948
factors= 1.000, 1.000, 1.000 [Overlap: Preserve, Matching Type: None]
inclinometer x offset= 5, 8
inclinometer y offset= -9, -4
data= 
339.7  36959.18  38153.89  103.23
341.4  39887.10  41041.63  102.89
343.0  41529.28  42563.64  102.49
344.7  42466.25  43061.46  101.40
346.4  44552.10  44770.81  100.49
348.0  46614.85  46530.82  99.82
349.7  48999.60  48337.71  98.65
351.3  52776.58  51635.41  97.84
353.0  55552.35  53766.50  96.79
354.6  59260.55  56723.60  95.72
356.2  58951.20  55992.75  94.98
357.9  55047.38  51513.54  93.58
359.5  55444.20  50856.74  91.73
361.2  59437.80  53864.41  90.62
362.8  62479.73  55944.70  89.54
364.5  66499.80  58941.43  88.63
366.1  72416.10  63457.23  87.63
367.7  76400.10  66450.60  86.98
369.4  76980.75  66307.45  86.14
371.0  77427.35  66028.30  85.28
372.6  75360.00  63601.82  84.40
374.3  71567.75  59609.21  83.29
375.9  72705.88  59609.79  81.99
377.5  79164.80  64257.14  81.17
379.1  83674.53  67499.38  80.67
380.8  81662.00  65329.60  80.00
382.4  75658.50  60015.21  79.32
384.0  68187.83  53271.51  78.12
385.6  71125.75  54639.56  76.82
387.3  75348.00  57350.06  76.11
388.9  79112.00  59565.17  75.29
390.5  85529.68  63639.95  74.41
392.1  88578.00  65505.86  73.95
393.8  80360.00  58788.57  73.16
395.4  81823.88  58473.00  71.46
397.0  86671.00  61162.86  70.57
398.6  98349.70  67859.59  69.00
400.2  120241.60  81919.89  68.13
401.8  134841.88  90807.25  67.34
403.4  142293.20  94571.40  66.46
405.0  143640.00  93942.86  65.40
406.6  143162.25  91979.25  64.25
408.3  144996.08  91385.25  63.03
409.9  148552.40  92046.51  61.96
411.5  151317.00  92203.71  60.93
413.1  157075.00  94300.00  60.04
414.7  159703.95  94681.80  59.29
416.3  161497.88  94595.29  58.57
417.9  161177.40  93421.54  57.96
419.5  159824.18  91673.42  57.36
421.1  160949.40  91384.11  56.78
422.7  161619.70  91028.46  56.32
424.3  160368.90  89535.94  55.83
425.9  159937.53  88576.64  55.38
427.5  157368.00  86499.36  54.97
429.1  152352.93  83169.38  54.59
430.7  142962.68  77485.50  54.20
432.3  145519.08  77855.98  53.50
433.9  155842.75  82780.05  53.12
435.5  162720.83  85813.62  52.74
437.1  170639.00  89370.57  52.37
438.7  170349.85  88727.16  52.09
440.3  170759.40  88197.35  51.65
441.9  176542.88  90428.46  51.22
443.5  183348.83  93241.25  50.85
445.0  187143.13  94522.32  50.51
446.6  187947.65  94222.07  50.13
448.2  191949.30  95457.48  49.73
449.8  196882.08  97233.13  49.39
451.4  201827.40  99001.81  49.05
453.0  200388.65  97782.46  48.80
454.6  197513.25  95710.20  48.46
456.2  198285.90  95392.66  48.11
457.8  200114.25  95669.04  47.81
459.3  199977.68  95039.70  47.53
460.9  200569.60  94708.90  47.22
462.5  202959.60  95250.51  46.93
464.1  202755.60  94650.17  46.68
465.7  200613.60  93111.43  46.41
467.2  198513.63  91588.54  46.14
468.8  197518.35  90544.97  45.84
470.4  196566.75  89562.86  45.56
472.0  197351.85  89329.14  45.26
473.6  199324.68  89672.16  44.99
475.1  200509.05  89630.68  44.70
476.7  200465.15  89052.77  44.42
478.3  201747.30  89055.56  44.14
479.9  203129.78  89217.26  43.92
481.5  204205.55  89275.50  43.72
483.0  203666.18  88652.06  43.53
484.6  199449.60  86449.37  43.34
486.2  190006.08  82022.50  43.17
487.8  185465.70  79482.60  42.86
489.3  189187.50  80560.71  42.58
490.9  193030.80  81797.49  42.38
492.5  193296.68  81543.79  42.19
494.0  194727.50  81702.64  41.96
495.6  196346.33  81977.70  41.75
497.2  196663.23  81714.89  41.55
498.8  194291.63  80352.90  41.36
500.3  191040.85  78615.33  41.15
501.9  187347.50  76685.75  40.93
503.5  186457.70  75866.51  40.69
505.0  187126.85  75718.79  40.46
506.6  188476.88  75916.35  40.28
508.2  187531.20  75228.17  40.12
509.7  187019.33  74699.10  39.94
511.3  186697.13  74277.71  39.79
512.9  184731.98  73211.46  39.63
514.4  181276.75  71531.21  39.46
516.0  177060.00  69604.29  39.31
517.5  171432.90  67126.82  39.16
519.1  171431.33  66756.11  38.94
520.7  175144.20  67887.60  38.76
522.2  177067.75  68363.57  38.61
523.8  179383.48  68960.46  38.44
525.4  180168.23  69029.44  38.31
526.9  177851.00  67875.54  38.16
528.5  179417.63  68119.35  37.97
530.0  182342.93  68948.27  37.81
531.6  183364.60  69093.14  37.68
533.2  182229.03  68396.46  37.53
534.7  183218.00  68480.00  37.38
536.3  183424.40  68320.49  37.25
537.8  182503.83  67734.60  37.11
539.4  180835.20  66870.86  36.98
541.0  179096.40  65940.34  36.82
542.5  179165.40  65684.06  36.66
544.1  180410.10  65882.47  36.52
545.6  180999.38  65854.71  36.38
547.2  180732.58  65542.99  36.27
548.7  180810.00  65332.00  36.13
550.3  181103.03  65219.53  36.01
551.8  181255.73  65055.15  35.89
553.4  181753.00  65003.71  35.76
554.9  182474.60  65020.87  35.63
556.5  181667.80  64527.83  35.52
558.0  179979.50  63720.00  35.40
559.6  178470.25  62942.50  35.27
561.1  179383.48  63019.14  35.13
562.7  180430.75  63162.69  35.01
564.2  181613.95  63361.49  34.89
565.8  181240.80  63010.83  34.77
567.3  180916.13  62634.92  34.62
568.9  180350.60  62184.16  34.48
570.4  179127.45  61496.74  34.33
572.0  179226.38  61249.61  34.17
573.5  180385.80  61391.55  34.03
575.1  180560.80  61225.60  33.91
576.6  180087.25  60834.43  33.78
578.2  179363.80  60376.12  33.66
579.7  179269.35  60166.31  33.56
581.2  180348.90  60373.99  33.48
582.8  182032.60  60815.31  33.41
584.3  182499.00  60846.61  33.34
585.9  181541.55  60370.93  33.25
587.4  179301.60  59444.74  33.15
588.9  174328.25  57551.11  33.01
590.5  171193.20  56180.16  32.82
592.0  171481.43  56028.75  32.67
593.6  172244.80  56088.69  32.56
595.1  172528.95  56011.69  32.47
596.6  173118.00  56076.91  32.39
598.2  173558.88  56106.36  32.33
599.7  173374.83  55959.83  32.28
601.2  172932.20  55711.60  32.22
602.8  173009.45  55608.91  32.14
604.3  173809.85  55737.31  32.07
605.8  174484.00  55825.57  31.99
607.4  174322.13  55638.32  31.92
608.9  173281.20  55179.19  31.84
610.5  172181.63  54690.66  31.76
612.0  171208.05  54241.20  31.68
613.5  169971.75  53709.18  31.60
615.0  168843.33  53211.10  31.52
616.6  167376.40  52613.14  31.43
618.1  167435.10  52461.00  31.33
619.6  168283.00  52586.57  31.25
621.2  168710.30  52579.57  31.17
622.7  167942.40  52218.51  31.09
624.2  166719.60  51697.67  31.01
625.8  165206.43  51063.45  30.91
627.3  164025.75  50509.14  30.79
628.8  162669.15  49872.55  30.66
630.3  161897.38  49492.34  30.57
631.8  161582.85  49292.66  30.51
633.4  162128.45  49403.99  30.47
634.9  162722.20  49547.35  30.45
636.4  163435.88  49726.33  30.43
638.0  164423.10  49974.47  30.39
639.5  164430.00  49950.00  30.38
641.0  164021.55  49785.45  30.35
642.5  163775.85  49647.90  30.31
644.0  163529.00  49505.29  30.27
645.5  162743.05  49182.61  30.22
647.1  161363.60  48657.60  30.15
648.6  159861.85  48108.13  30.09
650.1  159078.75  47802.64  30.05
651.6  159302.80  47878.17  30.05
653.1  159632.33  48010.41  30.08
654.7  158259.30  47626.37  30.09
656.2  153641.78  46209.82  30.08
657.7  151653.60  45507.54  30.01
659.2  153904.08  46141.74  29.98
660.7  156715.50  46945.07  29.96
662.2  159162.90  47605.26  29.91
663.7  160296.83  47861.68  29.86
665.2  160636.95  47872.10  29.80
666.8  160692.08  47803.21  29.75
668.3  160587.60  47684.49  29.69
669.8  160409.15  47558.42  29.65
671.3  159918.70  47346.43  29.61
672.8  159624.60  47147.04  29.54
674.3  159305.75  46934.51  29.46
675.8  159201.25  46777.43  29.38
677.3  158946.55  46610.50  29.32
678.8  158693.15  46426.60  29.26
680.3  158259.80  46203.31  29.19
681.8  157704.40  45949.30  29.14
683.3  156608.93  45515.17  29.06
684.8  154325.30  44753.91  29.00
686.3  147315.60  42577.97  28.90
687.8  138765.90  39764.40  28.66
689.3  135369.33  38488.55  28.43
690.8  135598.80  38387.66  28.31
692.3  137599.18  38886.29  28.26
693.8  138693.00  39133.23  28.22
695.3  139861.80  39385.54  28.16
696.8  141989.30  39966.23  28.15
698.3  142492.00  40072.00  28.12
699.8  141425.23  39694.28  28.07
701.3  140095.28  39238.70  28.01
702.8  140146.05  39222.50  27.99
704.2  141225.00  39504.57  27.97
705.7  142281.20  39786.51  27.96
707.2  142952.03  39965.33  27.96
708.7  143325.60  40065.26  27.95
710.2  143646.88  40148.59  27.95
711.7  143513.75  40094.43  27.94
713.2  142978.00  39932.00  27.93
714.7  141499.50  39469.50  27.89
716.2  136571.30  37975.11  27.81
717.6  127143.00  35092.29  27.60
719.1  118454.10  32388.37  27.34
720.6  116742.40  31746.29  27.19
722.1  120254.25  32785.64  27.26
723.6  120422.05  32859.07  27.29
725.0  118803.60  32320.41  27.20
726.5  118164.83  32070.56  27.14
728.0  117978.53  31976.49  27.10
729.5  118150.00  32001.77  27.09
731.0  119574.85  32393.00  27.09
732.4  123139.50  33435.60  27.15
733.9  127604.58  34800.15  27.27
735.4  130408.30  35673.31  27.36
736.8  131841.00  36105.43  27.39
738.3  132679.23  36376.29  27.42
739.8  133229.25  36555.75  27.44
741.2  133631.10  36704.19  27.47
742.7  134436.80  36950.51  27.49
744.2  135592.80  37254.00  27.47
745.7  136186.13  37420.61  27.48
747.1  136653.30  37525.71  27.46
748.6  136570.58  37482.04  27.45
750.0  136007.63  37291.09  27.42
751.5  135397.60  37087.70  27.39
753.0  135133.03  36947.59  27.34
754.4  135005.00  36854.57  27.30
755.9  134531.25  36687.50  27.27
757.3  133224.65  36298.79  27.25
758.8  123035.45  33543.55  27.26
760.3  94847.25  25615.71  27.01
761.7  73691.05  19310.14  26.20
763.2  66858.00  17065.71  25.53
764.6  69064.20  17401.63  25.20
766.1  81345.60  20745.60  25.50
767.5  97398.68  25327.44  26.00
769.0  111107.00  29337.57  26.40
770.4  120114.13  31993.50  26.64
771.9  125090.00  33480.00  26.76
773.3  127562.25  34202.57  26.81
774.8  128449.75  34473.21  26.84
776.2  128910.90  34590.39  26.83
777.7  128890.30  34579.05  26.83
779.1  128612.00  34452.29  26.79
780.5  128351.88  34348.51  26.76
782.0  128072.73  34251.69  26.74
783.4  127564.80  34066.29  26.71
784.9  127008.50  33898.57  26.69
786.3  126395.20  33681.37  26.65
787.8  125244.73  33286.04  26.58
789.2  123610.65  32773.19  26.51
790.6  122049.38  32269.09  26.44
792.0  120868.30  31915.80  26.41
793.5  119920.50  31652.49  26.39
794.9  119556.45  31555.93  26.39
796.3  119276.43  31446.00  26.36
797.8  119478.90  31425.14  26.30
799.2  119427.55  31406.29  26.30
800.6  118759.40  31170.17  26.25
802.1  118080.45  30932.48  26.20
803.5  117445.90  30745.00  26.18
804.9  117315.90  30701.54  26.17
806.3  117691.00  30805.21  26.17
807.8  117630.40  30798.50  26.18
809.2  116712.75  30531.54  26.16
810.6  115336.88  30105.75  26.10
812.0  113223.80  29425.06  25.99
813.4  109118.75  28232.14  25.87
814.8  103187.75  26533.99  25.71
816.3  97580.63  24911.53  25.53
817.7  94079.70  23893.26  25.40
819.1  93249.83  23655.44  25.37
820.5  95634.00  24304.50  25.41
821.9  96755.08  24677.03  25.50
823.3  93809.10  23852.95  25.43
824.7  95827.00  24346.64  25.41
826.1  99237.60  25291.20  25.49
827.5  99949.50  25515.21  25.53
828.9  99064.13  25268.21  25.51
830.3  99199.38  25277.61  25.48
831.7  99504.90  25339.76  25.47
833.2  99854.03  25469.57  25.51
834.5  101189.90  25823.40  25.52
835.9  103273.95  26430.76  25.59
837.3  105064.13  26915.04  25.62
838.7  106431.88  27341.96  25.69
840.1  107475.00  27595.49  25.68
841.5  108104.90  27771.40  25.69
842.9  108302.03  27825.92  25.69
844.3  108238.00  27807.00  25.69
845.7  108545.60  27916.06  25.72
847.1  108742.75  27973.40  25.72
848.5  108168.38  27857.00  25.75
849.9  106029.85  27294.14  25.74
851.2  104752.73  26934.13  25.71
852.6  104181.38  26777.91  25.70
854.0  100561.18  25842.14  25.70
855.4  98764.15  25363.19  25.68
856.8  101358.65  25996.19  25.65
858.2  103535.10  26579.38  25.67
859.5  104665.00  26864.43  25.67
860.9  104944.80  26905.71  25.64
862.3  105109.50  26939.46  25.63
863.7  105157.70  26994.41  25.67
865.0  103597.50  26613.39  25.69
866.4  99598.10  25563.60  25.67
867.8  98632.05  25224.02  25.57
869.1  100011.00  25555.37  25.55
870.5  101203.50  25887.36  25.58
871.9  101869.10  26067.89  25.59
873.2  101959.70  26056.06  25.56
874.6  101427.20  25951.10  25.59
876.0  101102.40  25820.09  25.54
877.3  101067.13  25800.05  25.53
878.7  100895.85  25741.89  25.51
880.0  100144.20  25549.11  25.51
881.4  99474.00  25380.32  25.51
882.8  99467.70  25370.06  25.51
884.1  99691.25  25363.04  25.44
885.5  99248.48  25230.28  25.42
886.8  98412.60  24983.12  25.39
888.2  98153.13  24902.85  25.37
889.5  98128.80  24889.15  25.36
890.9  97950.10  24861.60  25.38
892.2  96640.68  24514.06  25.37
893.6  94301.98  23874.77  25.32
894.9  90612.90  22777.20  25.14
896.2  85326.63  21327.32  24.99
897.6  80319.00  19961.14  24.85
898.9  75349.00  18641.21  24.74
900.3  72188.68  17699.50  24.52
901.6  71095.50  17385.00  24.45
903.0  73410.20  17972.71  24.48
904.3  78371.18  19278.67  24.60
905.6  80685.48  19976.73  24.76
907.0  78092.63  19306.39  24.72
908.3  74022.33  18178.18  24.56
909.6  71304.65  17479.35  24.51
911.0  70862.40  17313.89  24.43
912.3  70884.63  17318.75  24.43
913.6  69661.05  16930.07  24.30
914.9  68755.40  16712.40  24.31
916.2  68138.55  16583.99  24.34
917.6  68304.30  16592.49  24.29
918.9  70642.23  17175.59  24.31
920.2  74101.30  18122.00  24.46
921.5  75577.60  18592.00  24.60
922.9  75525.00  18580.29  24.60
924.2  74347.78  18293.19  24.60
925.5  73794.88  18092.25  24.52
926.8  73250.10  17938.80  24.49
928.1  69177.25  16824.29  24.32
929.4  62435.10  14996.19  24.02
930.7  54013.20  12885.26  23.86
932.0  44790.95  10605.03  23.68
933.4  36307.55  8444.83  23.26
934.7  31149.68  7141.24  22.93
936.0  29391.88  6718.14  22.86
937.3  28689.95  6491.69  22.63
938.6  32506.55  7341.09  22.58
939.9  38514.00  8758.29  22.74
941.2  40994.00  9438.29  23.02
942.5  40327.35  9321.90  23.12
943.8  37858.13  8806.96  23.26
945.1  36407.85  8357.87  22.96
946.4  35901.60  8181.66  22.79
947.7  36873.00  8428.11  22.86
949.0  37739.70  8638.83  22.89
950.2  38795.25  8841.86  22.79
951.5  39203.10  9051.88  23.09
952.8  39363.50  9063.53  23.03
954.1  40261.95  9350.73  23.22
955.4  40236.00  9237.86  22.96
956.7  41369.50  9664.47  23.36
958.0  42765.60  10099.89  23.62
959.3  43032.15  10137.90  23.56
960.5  44526.60  10382.23  23.32
961.8  46854.00  10858.23  23.17
963.1  48769.20  11359.29  23.29
964.4  50410.53  11861.30  23.53
965.7  51563.70  12146.46  23.56
966.9  54468.38  12848.95  23.59
968.2  59476.18  14228.75  23.92
969.5  63712.00  15390.17  24.16
970.8  66375.00  16014.29  24.13
972.0  67083.98  16244.55  24.22
973.3  65369.70  15871.11  24.28
974.6  63220.95  15291.06  24.19
975.8  61890.85  14948.60  24.15
977.1  62782.90  15056.74  23.98
978.4  63710.40  15358.76  24.11
979.6  64620.08  15562.95  24.08
980.9  66312.00  16084.61  24.26
982.2  68008.38  16611.96  24.43
983.4  69772.10  17160.44  24.59
984.7  71178.60  17506.37  24.59
985.9  72341.23  17777.41  24.57
987.2  73172.10  18169.89  24.83
988.5  73960.43  18336.37  24.79
989.7  74465.10  18416.10  24.73
991.0  74492.60  18476.97  24.80
992.2  74933.88  18539.11  24.74
993.5  74970.00  18604.80  24.82
994.7  75357.50  18651.61  24.75
996.0  75318.60  18701.56  24.83
997.2  75464.60  18800.41  24.91
998.5  75147.38  18769.96  24.98
999.7  75202.13  18713.89  24.88
1001.0  74655.00  18486.00  24.76
1002.2  73779.63  18463.08  25.02
1003.4  73403.35  18166.22  24.75
1004.7  72207.03  17662.15  24.46
1005.9  71226.30  17528.06  24.61
1007.2  71508.15  17469.90  24.43
1008.4  70980.30  17781.81  25.05
1009.6  71258.35  17723.04  24.87
1010.9  71438.50  17932.52  25.10
1012.1  71298.50  17751.87  24.90
1013.3  71358.00  17766.69  24.90
1014.6  71001.20  17659.09  24.87
1015.8  70835.40  17745.51  25.05
1017.1  71283.90  17562.70  24.64
1018.3  70893.40  17723.35  25.00
1019.5  70798.90  17812.94  25.16
1020.8  70265.13  17777.00  25.30
1022.0  69820.80  17766.90  25.45
1023.2  70125.30  17491.57  24.94
1024.4  69873.23  17529.17  25.09
1025.7  70195.13  17569.50  25.03
1026.9  70757.40  17668.11  24.97
1028.1  70739.70  17772.04  25.12
1029.3  70605.23  17673.62  25.03
1030.6  70482.50  17757.93  25.19
1031.8  70628.03  17539.14  24.83
1033.0  69844.30  17630.60  25.24
1034.2  70409.63  17527.71  24.89
1035.4  71010.23  17624.47  24.82
1036.7  70766.40  17691.60  25.00
1037.9  70510.28  17762.96  25.19
1039.1  70089.75  17578.06  25.08
1040.3  70591.40  17647.85  25.00
1041.5  70780.15  17401.10  24.58
1042.7  70137.08  17624.81  25.13
1043.9  70330.28  17613.58  25.04
1045.2  70365.30  17559.51  24.95
1046.4  70404.95  17242.03  24.49
1047.6  69334.30  17400.50  25.10
1048.8  70131.10  17567.09  25.05
1050.0  69988.25  16898.57  24.14
1051.2  69826.28  17637.28  25.26
1052.4  69463.93  17477.06  25.16
1053.6  68888.63  17562.81  25.49
1054.8  69577.60  17083.79  24.55
1056.0  69188.90  17217.51  24.88
1057.2  69495.78  16926.37  24.36
1058.4  68655.35  16956.04  24.70
1059.7  67998.15  16701.30  24.56
1060.9  67079.38  17074.75  25.45
1062.1  67594.50  17166.86  25.40
1063.3  66853.80  16897.11  25.27
1064.5  67396.50  16990.71  25.21
1065.7  67723.75  17027.69  25.14
1066.9  67813.55  17002.81  25.07
1068.1  68173.20  17043.30  25.00
1069.3  68283.95  16604.00  24.32
1070.5  66908.25  16567.76  24.76
1071.7  66981.20  16962.77  25.32
1072.9  67060.65  16486.67  24.58
1074.1  67742.85  16590.09  24.49
1075.3  67428.00  17338.63  25.71
1076.5  67472.68  16926.94  25.09
