/*** Spectra Vista SIG Data ***/
name= 230505_1721_R963_T971.sig
instrument= HK: 9202056 (HR-512i)
integration= 20.0, 0.0, 0.0, 10.0, 0.0, 0.0
scan method= Time-based, Time-based
scan coadds= 250, 0, 0, 500, 0, 0
scan time= 5, 5
scan settings= AI, AI
external data set1= 0,0,0,0,0,0,0,0,0,0,0,0,0,0,0,0,0,0,0,0,0,0,0,0,0,0,0,0,0,0,0,0
external data set2= 0,0,0,0,0,0,0,0,0,0,0,0,0,0,0,0,0,0,0,0,0,0,0,0,0,0,0,0,0,0,0,0
external data dark= 0,0,0,0,0,0,0,0,0,0,0,0,0,0,0,0
external data mask= 0
optic= LENS 4(1), LENS 4(1)
temp= 27.7, 0.0, 0.0, 28.3, 0.0, 0.0
battery= 8.25, 8.24
error= 0, 0
units= Radiance, Radiance
time= 5/5/2023 5:17:42 PM, 5/5/2023 5:21:20 PM
longitude= 07749.1536W     , 07749.6803W     
latitude= 3411.4076N      , 3411.4144N      
gpstime= 182541.000      , 182916.000      
comm= 
memory slot= 963, 971
factors= 1.000, 1.000, 1.000 [Overlap: Preserve, Matching Type: None]
inclinometer x offset= 3, 8
inclinometer y offset= -14, -40
data= 
339.7  33272.25  71220.60  214.05
341.4  35976.60  76645.80  213.04
343.0  37700.93  79729.55  211.48
344.7  38540.13  81246.75  210.81
346.4  40265.30  84970.50  211.03
348.0  42203.35  88818.20  210.45
349.7  44155.80  92804.40  210.17
351.3  47655.95  99818.05  209.46
353.0  50204.35  104687.10  208.52
354.6  53471.10  111235.50  208.03
356.2  53932.73  110533.50  204.95
357.9  50851.50  102705.00  201.97
359.5  50470.80  102783.60  203.65
361.2  53934.30  109825.40  203.63
362.8  56860.83  115065.30  202.36
364.5  60553.65  121956.75  201.40
366.1  65744.60  132217.00  201.11
367.7  69767.10  139172.40  199.48
369.4  70834.23  139878.20  197.47
371.0  71453.20  140185.50  196.19
372.6  70061.25  136001.25  194.12
374.3  66839.38  128541.75  192.31
375.9  67130.80  129663.60  193.15
377.5  72530.25  140674.95  193.95
379.1  77271.70  148523.65  192.21
380.8  76395.20  144704.00  189.42
382.4  71622.00  133618.50  186.56
384.0  64675.58  119617.20  184.95
385.6  66270.75  123705.40  186.67
387.3  70293.60  130478.40  185.62
388.9  74212.45  136378.30  183.77
390.5  80219.15  146535.95  182.67
392.1  84124.13  151431.75  180.01
393.8  77800.00  136560.00  175.53
395.4  78297.98  137203.50  175.23
397.0  82998.50  144108.90  173.63
398.6  93745.05  161408.80  172.18
400.2  114512.60  195797.00  170.98
401.8  129726.63  217948.50  168.01
403.4  138181.40  228204.90  165.15
405.0  140130.00  228060.00  162.75
406.6  139812.75  224763.00  160.76
408.3  141295.35  224992.95  159.24
409.9  144452.00  228121.60  157.92
411.5  146995.88  230080.50  156.52
413.1  152250.00  236800.00  155.53
414.7  154849.80  239133.30  154.43
416.3  156589.13  240295.00  153.46
417.9  156330.30  238595.10  152.62
419.5  155033.63  235484.10  151.89
421.1  155920.40  236084.80  151.41
422.7  156708.20  236379.00  150.84
424.3  155685.85  233784.40  150.16
425.9  155360.43  232588.95  149.71
427.5  153121.75  228389.00  149.16
429.1  148613.73  220807.55  148.58
430.7  139955.78  206743.65  147.72
432.3  141396.45  209352.65  148.06
433.9  151054.93  223787.90  148.15
435.5  158135.80  233246.50  147.50
437.1  166041.00  244302.00  147.13
438.7  166582.90  243786.35  146.35
440.3  166963.48  243816.65  146.03
441.9  172297.13  251455.50  145.94
443.5  179061.65  260883.25  145.69
445.0  183248.75  266057.50  145.19
446.6  184335.53  266789.60  144.73
448.2  188014.30  271869.15  144.60
449.8  192857.60  278422.30  144.37
451.4  197892.33  285043.25  144.04
453.0  197176.65  282896.90  143.47
454.6  194487.00  278374.65  143.13
456.2  194989.23  278902.75  143.03
457.8  196809.43  281133.15  142.85
459.3  196989.90  280647.60  142.47
460.9  197537.45  280992.80  142.25
462.5  199858.80  283927.20  142.06
464.1  199940.40  283437.60  141.76
465.7  198104.40  280173.60  141.43
467.2  196089.00  276896.25  141.21
468.8  195079.35  275119.20  141.03
470.4  194238.00  273496.50  140.80
472.0  194951.03  274218.60  140.66
473.6  196915.68  276713.80  140.52
475.1  198211.93  278171.85  140.34
476.7  198400.75  278019.10  140.13
478.3  199695.90  279503.25  139.96
479.9  201093.98  281018.70  139.74
481.5  202241.10  282063.90  139.47
483.0  201907.60  281024.15  139.18
484.6  198086.40  274982.40  138.82
486.2  189224.00  261823.45  138.37
487.8  184180.50  254847.60  138.37
489.3  187237.50  259425.00  138.55
490.9  191170.80  264529.20  138.37
492.5  191896.38  264767.25  137.97
494.0  193267.50  266377.00  137.83
495.6  194886.30  268356.20  137.70
497.2  195397.65  268587.10  137.46
498.8  193342.58  265206.75  137.17
500.3  190277.45  260597.00  136.96
501.9  186696.75  255368.00  136.78
503.5  185680.30  253973.20  136.78
505.0  186293.10  254693.95  136.72
506.6  187704.90  256361.40  136.58
508.2  187045.20  254923.20  136.29
509.7  186540.08  253938.60  136.13
511.3  186318.53  253283.40  135.94
512.9  184623.30  250480.35  135.67
514.4  181337.75  245647.00  135.46
516.0  177090.00  239730.00  135.37
517.5  171568.58  231883.65  135.16
519.1  171171.65  231416.25  135.20
520.7  174867.00  236205.20  135.08
522.2  177174.50  238815.00  134.79
523.8  179563.78  241812.35  134.67
525.4  180568.50  242892.80  134.52
526.9  178480.95  239674.00  134.29
528.5  179707.13  241443.00  134.35
530.0  182643.75  245272.65  134.29
531.6  183961.00  246682.40  134.09
533.2  183031.30  245045.75  133.88
534.7  183904.00  246120.00  133.83
536.3  184188.90  246308.00  133.73
537.8  183430.10  244951.35  133.54
539.4  181897.80  242631.60  133.39
541.0  180214.20  240147.60  133.26
542.5  180186.60  240092.40  133.25
544.1  181462.70  241654.80  133.17
545.6  182137.13  242368.50  133.07
547.2  182027.60  241932.95  132.91
548.7  182126.00  241892.00  132.82
550.3  182454.23  242146.30  132.72
551.8  182687.40  242250.75  132.60
553.4  183240.20  242814.00  132.51
554.9  184020.75  243655.90  132.41
556.5  183434.40  242564.40  132.23
558.0  181852.75  240248.00  132.11
559.6  180270.13  238089.25  132.07
561.1  181021.20  239137.90  132.10
562.7  182069.65  240463.05  132.07
564.2  183279.85  242018.25  132.05
565.8  183077.70  241560.20  131.94
567.3  182897.48  241190.05  131.87
568.9  182557.25  240634.40  131.81
570.4  181564.88  239147.10  131.71
572.0  181717.13  239265.75  131.67
573.5  182943.60  240829.05  131.64
575.1  183372.80  241132.80  131.50
576.6  183045.75  240462.00  131.37
578.2  182382.83  239345.85  131.23
579.7  182230.95  238933.25  131.12
581.2  183194.55  239998.70  131.01
582.8  184878.83  241850.50  130.82
584.3  185451.75  242252.50  130.63
585.9  184639.20  240846.30  130.44
587.4  182525.40  238042.80  130.42
588.9  177898.00  231968.25  130.39
590.5  174602.50  227992.80  130.58
592.0  174675.90  228363.15  130.74
593.6  175489.60  229299.20  130.66
595.1  175904.85  229561.20  130.50
596.6  176489.20  230032.80  130.34
598.2  176964.38  230288.25  130.13
599.7  176844.78  229647.60  129.86
601.2  176378.83  228679.15  129.65
602.8  176431.85  228445.20  129.48
604.3  177202.40  229257.40  129.38
605.8  177977.30  229978.60  129.22
607.4  177930.68  229671.45  129.08
608.9  176982.85  228219.55  128.95
610.5  175921.90  226701.20  128.86
612.0  174968.63  225338.10  128.79
613.5  173771.25  223611.75  128.68
615.0  172663.23  222003.60  128.58
616.6  171249.20  220035.20  128.49
618.1  171234.00  219996.00  128.48
619.6  172083.00  221008.00  128.43
621.2  172664.00  221598.20  128.34
622.7  172089.60  220608.00  128.19
624.2  170995.95  219042.00  128.10
625.8  169510.40  217107.30  128.08
627.3  168441.38  215796.50  128.11
628.8  167197.63  214321.45  128.18
630.3  166431.70  213293.05  128.16
631.8  166076.30  212703.40  128.08
633.4  166564.75  213105.20  127.94
634.9  167155.60  213624.20  127.80
636.4  167881.00  214275.70  127.64
638.0  168843.30  215297.10  127.51
639.5  168945.00  215208.00  127.38
641.0  168553.00  214502.75  127.26
642.5  168302.05  214012.40  127.16
644.0  168022.50  213667.00  127.17
645.5  167376.15  212732.90  127.10
647.1  166094.20  211242.00  127.18
648.6  164646.95  209578.60  127.29
650.1  163702.88  208506.00  127.37
651.6  163775.33  208702.85  127.43
653.1  164283.38  209113.05  127.29
654.7  163295.68  207404.95  127.01
656.2  158723.18  201326.95  126.84
657.7  156279.20  198334.40  126.91
659.2  158198.30  200903.30  126.99
660.7  161084.63  204322.25  126.84
662.2  163732.40  207407.20  126.67
663.7  164996.48  208722.60  126.50
665.2  165360.85  209020.40  126.40
666.8  165454.95  208980.30  126.31
668.3  165355.35  208705.20  126.22
669.8  165181.78  208380.15  126.15
671.3  164804.15  207693.00  126.02
672.8  164569.60  207244.95  125.93
674.3  164370.60  206735.70  125.77
675.8  164301.75  206494.50  125.68
677.3  164133.20  206188.50  125.62
678.8  163914.85  205817.70  125.56
680.3  163542.10  205225.20  125.49
681.8  163015.83  204529.50  125.47
683.3  161970.60  203103.45  125.40
684.8  159866.70  200351.20  125.32
686.3  153277.60  192301.60  125.46
687.8  144690.00  182145.60  125.89
689.3  140864.33  177983.05  126.35
690.8  140842.80  178075.20  126.44
692.3  142811.48  180434.30  126.34
693.8  144040.20  181916.20  126.30
695.3  145116.40  183184.30  126.23
696.8  147159.70  185291.40  125.91
698.3  147840.00  185696.00  125.61
699.8  146997.95  184426.70  125.46
701.3  145642.25  182694.95  125.44
702.8  145664.25  182587.50  125.35
704.2  146685.70  183565.60  125.14
705.7  147802.00  184705.60  124.97
707.2  148510.83  185311.15  124.78
708.7  148905.90  185565.00  124.62
710.2  149259.13  185685.30  124.40
711.7  149131.25  185324.00  124.27
713.2  148659.60  184544.80  124.14
714.7  147299.10  182848.50  124.13
716.2  142704.50  177486.20  124.37
717.6  133488.00  166860.00  125.00
719.1  124389.00  156529.60  125.84
720.6  121937.60  154060.80  126.34
722.1  125241.00  157832.00  126.02
723.6  125837.35  158247.10  125.76
725.0  124375.95  156465.00  125.80
726.5  123614.78  155681.40  125.94
728.0  123375.15  155367.45  125.93
729.5  123543.20  155402.00  125.79
731.0  124880.60  156938.50  125.67
732.4  128300.70  160670.40  125.23
733.9  132816.95  165499.95  124.61
735.4  135846.70  168533.75  124.06
736.8  137427.00  170031.00  123.72
738.3  138270.85  170673.60  123.43
739.8  138773.25  170882.25  123.14
741.2  139087.80  170899.20  122.87
742.7  139838.80  171520.80  122.66
744.2  140973.00  172636.80  122.46
745.7  141637.13  173187.75  122.28
747.1  142115.85  173607.60  122.16
748.6  142074.30  173352.30  122.02
750.0  141526.78  172549.25  121.92
751.5  140866.05  171691.00  121.88
753.0  140549.43  171232.10  121.83
754.4  140399.00  170996.00  121.79
755.9  139968.75  170375.00  121.72
757.3  138741.53  168784.85  121.65
758.8  129400.45  157406.45  121.64
760.3  101845.50  124291.50  122.04
761.7  79110.95  98668.30  124.72
763.2  70950.00  90552.00  127.63
764.6  72627.30  93173.40  128.29
766.1  84571.20  107520.00  127.14
767.5  100791.18  126201.00  125.21
769.0  115080.00  142206.00  123.57
770.4  124650.00  152627.00  122.44
771.9  129990.00  158340.00  121.81
773.3  132620.88  161027.00  121.42
774.8  133633.50  162019.00  121.24
776.2  134080.35  162385.80  121.11
777.7  134157.10  162319.85  120.99
779.1  133829.00  161912.00  120.98
780.5  133560.90  161517.25  120.93
782.0  133306.38  161105.40  120.85
783.4  132787.20  160435.20  120.82
784.9  132260.00  159801.20  120.82
786.3  131635.40  159176.00  120.92
787.8  130554.75  157943.30  120.98
789.2  128993.83  156233.50  121.12
790.6  127423.65  154500.15  121.25
792.0  126199.50  153022.10  121.25
793.5  125165.70  151687.80  121.19
794.9  124756.43  151014.15  121.05
796.3  124561.10  150940.80  121.18
797.8  124667.85  151144.80  121.24
799.2  124698.40  151097.70  121.17
800.6  124072.20  150315.60  121.15
802.1  123337.78  149531.35  121.24
803.5  122743.50  148805.80  121.23
804.9  122510.70  148436.60  121.16
806.3  122774.00  148677.75  121.10
807.8  122846.28  148627.60  120.99
809.2  121967.35  147431.95  120.88
810.6  120628.50  146007.75  121.04
812.0  118602.98  143827.65  121.27
813.4  114537.50  139506.25  121.80
814.8  108698.30  133009.55  122.37
816.3  102858.23  126442.50  122.93
817.7  98998.90  122197.40  123.43
819.1  97909.48  120923.60  123.51
820.5  100138.50  123354.00  123.18
821.9  101507.75  124625.70  122.77
823.3  98762.13  121259.60  122.78
824.7  100375.75  123362.10  122.90
826.1  103796.00  127142.40  122.49
827.5  104834.25  128256.00  122.34
828.9  104090.50  127250.00  122.25
830.3  103981.63  127182.00  122.31
831.7  104290.05  127429.20  122.19
833.2  104643.83  127594.95  121.93
834.5  105985.95  129020.50  121.73
835.9  108074.20  131389.70  121.57
837.3  109937.88  133401.50  121.34
838.7  111375.63  134893.75  121.12
840.1  112490.50  135848.40  120.76
841.5  113121.20  136530.60  120.69
842.9  113315.33  136538.70  120.49
844.3  113246.25  136344.00  120.40
845.7  113548.40  136591.60  120.29
847.1  113738.00  136639.30  120.14
848.5  113230.25  135969.75  120.08
849.9  111161.60  133267.60  119.89
851.2  109714.28  131721.15  120.06
852.6  109045.88  131017.20  120.15
854.0  105576.90  126626.50  119.94
855.4  103427.55  124246.30  120.13
856.8  105659.23  126993.45  120.19
858.2  108148.05  129846.00  120.06
859.5  109422.50  131134.00  119.84
860.9  109850.40  131575.20  119.78
862.3  109988.00  131808.20  119.84
863.7  110092.58  131895.75  119.80
865.0  108686.50  130133.00  119.73
866.4  104660.85  125188.00  119.61
867.8  103200.08  123616.35  119.78
869.1  104445.45  125296.80  119.96
870.5  105786.30  126790.80  119.86
871.9  106604.95  127771.30  119.85
873.2  106656.50  127792.10  119.82
874.6  106280.65  127180.20  119.66
876.0  105916.80  126779.20  119.70
877.3  105841.15  126765.60  119.77
878.7  105626.95  126505.50  119.77
880.0  104932.80  125752.80  119.84
881.4  104215.88  124764.00  119.72
882.8  104377.05  124868.25  119.63
884.1  104448.75  124992.50  119.67
885.5  104063.18  124744.50  119.87
886.8  103178.08  123680.70  119.87
888.2  102864.48  123392.50  119.96
889.5  102898.95  123342.45  119.87
890.9  102669.20  123157.00  119.96
892.2  101536.83  121937.45  120.09
893.6  99377.05  119441.30  120.19
894.9  95760.00  115630.20  120.75
896.2  90303.00  109723.00  121.51
897.6  84993.00  104058.00  122.43
898.9  79964.75  98303.00  122.93
900.3  76487.13  94313.05  123.31
901.6  75066.60  93000.60  123.89
903.0  77171.50  95459.20  123.70
904.3  82309.43  101081.75  122.81
905.6  84806.15  103947.35  122.57
907.0  82678.38  101426.00  122.68
908.3  78674.38  96598.45  122.78
909.6  75605.13  93500.65  123.67
911.0  75080.40  93077.20  123.97
912.3  74878.13  92991.50  124.19
913.6  73707.75  91628.85  124.31
914.9  72713.60  90598.80  124.60
916.2  72146.70  89960.70  124.69
917.6  72366.45  90270.00  124.74
918.9  74456.60  92460.45  124.18
920.2  77968.80  96223.40  123.41
921.5  79654.40  98156.80  123.23
922.9  79659.00  97944.00  122.95
924.2  78702.20  96765.00  122.95
925.5  78049.13  96211.50  123.27
926.8  77402.60  95673.60  123.61
928.1  73564.10  91111.50  123.85
929.4  66551.70  83361.15  125.26
930.7  58208.40  73416.00  126.13
932.0  48538.40  62100.60  127.94
933.4  39409.20  51450.90  130.56
934.7  33761.03  44392.95  131.49
936.0  31477.75  42096.75  133.73
937.3  30615.45  41205.70  134.59
938.6  34258.40  45548.10  132.95
939.9  40675.50  53448.00  131.40
941.2  43581.00  56914.00  130.59
942.5  43367.10  56336.70  129.91
943.8  40754.38  53373.75  130.96
945.1  38933.25  50928.90  130.81
946.4  38252.30  50433.20  131.84
947.7  39042.00  51188.40  131.11
949.0  40167.40  52526.60  130.77
950.2  41262.00  53820.00  130.43
951.5  41938.20  55157.85  131.52
952.8  41910.55  55108.90  131.49
954.1  42616.45  56037.10  131.49
955.4  42870.50  56043.00  130.73
956.7  44046.35  56943.90  129.28
958.0  45484.80  59328.00  130.43
959.3  46051.95  59389.40  128.96
960.5  47597.40  61416.00  129.03
961.8  49717.30  64033.80  128.80
963.1  51419.70  66262.50  128.87
964.4  53106.28  67932.90  127.92
965.7  54580.73  69117.30  126.63
966.9  57261.63  72624.50  126.83
968.2  62321.93  78542.70  126.03
969.5  66897.60  83404.80  124.68
970.8  69620.00  86140.00  123.73
972.0  70693.88  87840.90  124.26
973.3  69052.50  85932.00  124.44
974.6  66976.65  83251.35  124.30
975.8  65400.13  82308.45  125.85
977.1  66361.20  82626.20  124.51
978.4  67360.48  84283.55  125.12
979.6  68003.33  84581.25  124.38
980.9  70111.13  86343.75  123.15
982.2  71884.50  88798.50  123.53
983.4  73728.25  90631.80  122.93
984.7  74847.60  92458.80  123.53
985.9  76089.48  93706.25  123.15
987.2  77003.10  95008.80  123.38
988.5  77873.68  95483.30  122.61
989.7  78068.25  96084.00  123.08
991.0  78585.60  95776.20  121.88
992.2  78701.50  96283.75  122.34
993.5  78825.60  96818.40  122.83
994.7  78862.50  96387.50  122.22
996.0  79353.53  96838.20  122.03
997.2  79145.80  96631.50  122.09
998.5  79401.00  96415.50  121.43
999.7  79568.70  97035.00  121.95
1001.0  78636.60  95558.40  121.52
1002.2  77850.23  94641.45  121.57
1003.4  77021.83  95114.20  123.49
1004.7  75843.35  93505.50  123.29
1005.9  74865.60  91502.40  122.22
1007.2  74617.20  92235.15  123.61
1008.4  74580.75  91554.30  122.76
1009.6  74846.90  91251.70  121.92
1010.9  74500.15  91849.50  123.29
1012.1  74354.15  91669.50  123.29
1013.3  74416.20  91746.00  123.29
1014.6  75087.60  91944.00  122.45
1015.8  74428.50  91367.40  122.76
1017.1  74383.20  91945.90  123.61
1018.3  74542.33  90701.85  121.68
1019.5  74497.35  90876.20  121.99
1020.8  74019.75  90111.00  121.74
1022.0  73639.13  90548.85  122.96
1023.2  74021.15  90161.10  121.80
1024.4  73849.75  90892.00  123.08
1025.7  74256.00  91659.75  123.44
1026.9  74325.00  90379.20  121.60
1028.1  74398.65  90254.10  121.31
1029.3  74354.18  91224.45  122.69
1030.6  73686.25  90986.50  123.48
1031.8  74588.48  91090.35  122.12
1033.0  74591.00  90865.40  121.82
1034.2  74592.38  92020.50  123.36
1035.4  73879.33  91811.20  124.27
1036.7  73715.00  91406.60  124.00
1037.9  74301.15  90981.00  122.45
1039.1  73983.63  90337.90  122.11
1040.3  74602.28  91447.95  122.58
1041.5  74072.25  92178.80  124.44
1042.7  74362.20  91262.70  122.73
1043.9  74671.65  92037.15  123.26
1045.2  73928.10  92632.80  125.30
1046.4  74062.35  91435.00  123.46
1047.6  74019.05  91821.10  124.05
1048.8  73973.90  92227.20  124.68
1050.0  74917.00  90689.00  121.05
1051.2  74886.15  91077.75  121.62
1052.4  74647.80  91236.20  122.22
1053.6  74187.75  91144.95  122.86
1054.8  73926.20  93494.90  126.47
1056.0  73652.70  91507.90  124.24
1057.2  74052.88  91142.00  123.08
1058.4  74473.60  90764.70  121.88
1059.7  73962.90  90664.20  122.58
1060.9  73177.50  90252.25  123.33
1062.1  72601.50  90126.00  124.14
1063.3  71996.40  89995.50  125.00
1064.5  72682.50  92505.00  127.27
1065.7  71787.18  92104.30  128.30
1066.9  73349.35  91340.70  124.53
1068.1  73854.30  90897.60  123.08
1069.3  72642.50  90076.70  124.00
1070.5  72855.65  89211.00  122.45
1071.7  71548.10  91338.00  127.66
1072.9  71739.30  90453.90  126.09
1074.1  70968.70  90323.80  127.27
1075.3  74170.80  91027.80  122.73
1076.5  72409.70  88866.45  122.73
