/*** Spectra Vista SIG Data ***/
name= 230505_1330_R918_T927.sig
instrument= HK: 9202056 (HR-512i)
integration= 70.0, 0.0, 0.0, 40.0, 0.0, 0.0
scan method= Time-based, Time-based
scan coadds= 71, 0, 0, 125, 0, 0
scan time= 5, 5
scan settings= AI, AI
external data set1= 0,0,0,0,0,0,0,0,0,0,0,0,0,0,0,0,0,0,0,0,0,0,0,0,0,0,0,0,0,0,0,0
external data set2= 0,0,0,0,0,0,0,0,0,0,0,0,0,0,0,0,0,0,0,0,0,0,0,0,0,0,0,0,0,0,0,0
external data dark= 0,0,0,0,0,0,0,0,0,0,0,0,0,0,0,0
external data mask= 0
optic= LENS 4(1), LENS 4(1)
temp= 24.1, 0.0, 0.0, 27.3, 0.0, 0.0
battery= 8.31, 8.25
error= 0, 0
units= Radiance, Radiance
time= 5/5/2023 1:24:32 PM, 5/5/2023 1:30:00 PM
longitude= 07746.1433W     , 07746.5831W     
latitude= 3411.2556N      , 3410.8990N      
gpstime= 143234.883      , 143803.000      
comm= 
memory slot= 918, 927
factors= 1.000, 1.000, 1.000 [Overlap: Preserve, Matching Type: None]
inclinometer x offset= 9, -2
inclinometer y offset= -38, -30
data= 
339.7  3982.39  62497.88  1569.35
341.4  4171.20  67434.40  1616.67
343.0  4256.36  70283.51  1651.26
344.7  4326.75  71471.50  1651.85
346.4  4439.90  74827.63  1685.34
348.0  4579.56  78120.31  1705.85
349.7  4733.49  81677.70  1725.53
351.3  4993.83  87733.38  1756.84
353.0  5252.50  91952.18  1750.64
354.6  5538.54  97640.05  1762.92
356.2  5572.05  96875.63  1738.60
357.9  5385.75  89866.88  1668.60
359.5  5508.46  89920.30  1632.40
361.2  5905.34  95944.35  1624.70
362.8  6299.45  100468.38  1594.88
364.5  6760.93  106423.95  1574.10
366.1  7399.30  115325.98  1558.61
367.7  7907.91  121263.30  1533.44
369.4  8184.00  121677.33  1486.77
371.0  8483.80  121849.00  1436.25
372.6  8578.93  118014.94  1375.64
374.3  8539.43  111379.50  1304.30
375.9  8998.94  112363.63  1248.63
377.5  10024.11  121895.80  1216.03
379.1  10882.46  128466.94  1180.50
380.8  11096.00  124913.60  1125.75
382.4  10882.29  115195.50  1058.56
384.0  10522.41  103009.28  978.95
385.6  11568.77  106567.25  921.16
387.3  12930.17  112296.60  868.49
388.9  14409.69  117252.08  813.70
390.5  16591.54  125941.48  759.07
392.1  18338.79  129890.81  708.28
393.8  18000.00  116880.00  649.33
395.4  19950.90  117542.78  589.16
397.0  22727.53  123340.91  542.69
398.6  27698.20  138227.38  499.05
400.2  35837.54  167472.15  467.31
401.8  42337.25  186140.06  439.66
403.4  46858.50  194547.33  415.18
405.0  49371.43  194115.00  393.17
406.6  51059.25  191138.06  374.35
408.3  53296.80  191199.49  358.74
409.9  55889.49  193683.60  346.55
411.5  57967.39  195226.88  336.79
413.1  61042.86  200787.50  328.93
414.7  62755.50  202570.20  322.79
416.3  64020.79  203339.13  317.61
417.9  64364.83  201675.60  313.33
419.5  64210.95  198862.76  309.70
421.1  65007.09  199255.40  306.51
422.7  65608.09  199271.05  303.73
424.3  65369.89  196902.83  301.21
425.9  65473.18  195630.88  298.80
427.5  64661.50  191792.25  296.61
429.1  62854.17  185061.19  294.43
430.7  59196.28  173147.33  292.50
432.3  60384.81  175489.60  290.62
433.9  64914.95  187478.64  288.81
435.5  67995.35  195301.14  287.23
437.1  71537.71  204250.00  285.51
438.7  71659.02  203500.91  283.99
440.3  72016.30  203415.80  282.46
441.9  74636.68  209705.63  280.97
443.5  77740.41  217290.56  279.51
445.0  79575.89  221320.63  278.13
446.6  80108.29  221725.90  276.78
448.2  81982.91  225819.81  275.45
449.8  84290.24  231050.46  274.11
451.4  86600.19  236224.35  272.78
453.0  86190.58  234074.50  271.58
454.6  85115.44  230136.23  270.38
456.2  85597.98  230413.31  269.18
457.8  86562.66  231986.55  268.00
459.3  86659.99  231328.99  266.94
460.9  87057.30  231460.90  265.87
462.5  88232.91  233651.40  264.81
464.1  88302.86  232947.60  263.81
465.7  87504.34  229979.40  262.82
467.2  86721.82  227079.38  261.85
468.8  86404.48  225444.90  260.92
470.4  86108.79  223914.38  260.04
472.0  86562.28  224356.09  259.18
473.6  87572.89  226215.14  258.32
475.1  88209.60  227165.69  257.53
476.7  88309.81  226766.40  256.79
478.3  88971.02  227784.30  256.02
479.9  89675.87  228831.75  255.18
481.5  90225.77  229461.38  254.32
483.0  90065.54  228286.23  253.47
484.6  88287.09  223027.20  252.62
486.2  84207.95  212133.08  251.92
487.8  82247.40  206567.55  251.15
489.3  83973.21  210215.63  250.34
490.9  85777.89  214113.90  249.61
492.5  85997.37  214098.50  248.96
494.0  86703.14  215267.88  248.28
495.6  87513.95  216642.48  247.55
497.2  87729.56  216591.58  246.89
498.8  86735.14  213597.76  246.26
500.3  85337.21  209614.03  245.63
501.9  83751.04  205200.31  245.01
503.5  83408.74  203923.85  244.49
505.0  83775.20  204368.80  243.95
506.6  84438.58  205484.96  243.35
508.2  84078.00  204128.10  242.78
509.7  83896.14  203162.06  242.16
511.3  83796.80  202448.46  241.59
512.9  82961.16  200008.58  241.09
514.4  81435.00  195962.50  240.64
516.0  79555.71  190965.00  240.04
517.5  77063.40  184487.85  239.40
519.1  77073.29  183972.10  238.70
520.7  78764.40  187572.00  238.14
522.2  79670.36  189481.25  237.83
523.8  80722.89  191741.54  237.53
525.4  81092.75  192376.61  237.23
526.9  80089.46  189776.10  236.96
528.5  80791.18  191156.85  236.61
530.0  82123.18  194003.48  236.23
531.6  82591.26  194880.80  235.96
533.2  82097.46  193474.95  235.66
534.7  82544.00  194243.00  235.32
536.3  82653.37  194210.80  234.97
537.8  82258.75  193031.56  234.66
539.4  81518.57  191047.20  234.36
541.0  80745.77  189018.60  234.09
542.5  80789.14  188901.30  233.82
544.1  81354.90  190022.00  233.57
545.6  81624.64  190455.19  233.33
547.2  81516.95  189999.66  233.08
548.7  81552.00  189868.00  232.82
550.3  81695.32  189956.20  232.52
551.8  81781.65  189945.00  232.26
553.4  82012.54  190261.50  231.99
554.9  82331.97  190790.58  231.73
556.5  81972.74  189756.20  231.49
558.0  81209.29  187804.38  231.26
559.6  80516.25  186019.31  231.03
561.1  80920.36  186760.75  230.80
562.7  81385.69  187676.81  230.60
564.2  81924.38  188763.44  230.41
565.8  81761.11  188352.90  230.37
567.3  81621.74  187913.75  230.23
568.9  81380.00  187197.48  230.03
570.4  80845.33  185779.91  229.80
572.0  80885.68  185645.44  229.52
573.5  81401.55  186574.76  229.20
575.1  81489.37  186511.60  228.88
576.6  81265.07  185821.25  228.66
578.2  80920.38  184804.18  228.38
579.7  80875.48  184413.59  228.02
581.2  81348.71  185153.85  227.61
582.8  82097.98  186529.95  227.20
584.3  82305.07  186697.94  226.84
585.9  81859.59  185505.90  226.61
587.4  80847.26  183173.40  226.57
588.9  78651.46  178356.50  226.77
590.5  77236.49  175330.70  227.01
592.0  77355.51  175587.41  226.99
593.6  77686.89  176190.95  226.80
595.1  77786.97  176279.95  226.62
596.6  78014.29  176523.60  226.27
598.2  78167.64  176538.69  225.85
599.7  78056.35  175942.24  225.40
601.2  77815.45  175062.04  224.97
602.8  77829.04  174818.69  224.62
604.3  78164.56  175371.50  224.36
605.8  78450.57  175823.40  224.12
607.4  78362.29  175488.53  223.95
608.9  77907.43  174307.40  223.74
610.5  77411.32  173093.66  223.60
612.0  76968.73  171986.10  223.45
613.5  76405.07  170623.63  223.31
615.0  75884.40  169348.90  223.17
616.6  75221.49  167799.40  223.07
618.1  75232.80  167765.85  223.00
619.6  75592.86  168501.50  222.91
621.2  75777.89  168815.35  222.78
622.7  75423.09  167980.80  222.72
624.2  74867.91  166690.58  222.65
625.8  74155.24  165138.26  222.69
627.3  73610.57  164065.00  222.88
628.8  72975.40  162797.69  223.09
630.3  72600.56  161967.29  223.09
631.8  72436.37  161502.25  222.96
633.4  72649.50  161843.55  222.77
634.9  72875.48  162229.60  222.61
636.4  73165.87  162743.26  222.43
638.0  73558.80  163516.13  222.29
639.5  73530.00  163380.00  222.20
641.0  73307.85  162825.16  222.11
642.5  73157.30  162484.18  222.10
644.0  73007.86  162163.75  222.12
645.5  72632.66  161433.23  222.26
647.1  71996.06  160284.50  222.63
648.6  71312.41  159049.70  223.03
650.1  70901.14  158204.81  223.13
651.6  70943.94  158291.43  223.12
653.1  71048.57  158469.56  223.04
654.7  70408.86  157076.34  223.09
656.2  68303.16  152418.48  223.15
657.7  67361.14  150284.80  223.10
659.2  68287.33  152314.50  223.05
660.7  69517.18  154912.94  222.84
662.2  70576.44  157142.70  222.66
663.7  71041.54  158068.13  222.50
665.2  71164.61  158226.30  222.34
666.8  71174.45  158139.66  222.19
668.3  71107.59  157922.55  222.09
669.8  70998.48  157631.24  222.02
671.3  70767.13  157095.45  221.99
672.8  70621.66  156707.05  221.90
674.3  70473.06  156299.28  221.79
675.8  70411.43  156082.88  221.67
677.3  70299.00  155803.90  221.63
678.8  70164.29  155500.68  221.62
680.3  69947.51  155043.35  221.66
681.8  69686.50  154520.19  221.74
683.3  69187.33  153394.59  221.71
684.8  68187.66  151258.70  221.83
686.3  65063.23  144917.25  222.73
687.8  61245.60  137073.30  223.81
689.3  59707.10  133940.63  224.33
690.8  59836.80  134122.20  224.15
692.3  60749.44  136018.85  223.90
693.8  61285.91  137230.88  223.92
695.3  61809.43  138226.73  223.63
696.8  62743.29  139853.70  222.90
698.3  62936.00  140042.00  222.51
699.8  62460.46  138985.43  222.52
701.3  61848.19  137540.39  222.38
702.8  61882.67  137332.85  221.92
704.2  62315.77  138050.80  221.53
705.7  62742.63  138810.60  221.24
707.2  63002.28  139157.08  220.88
708.7  63118.80  139213.80  220.56
710.2  63231.35  139277.34  220.27
711.7  63145.29  138939.50  220.03
713.2  62865.14  138288.00  219.98
714.7  62199.94  136948.43  220.17
716.2  60025.43  132845.65  221.32
717.6  55866.86  124861.50  223.50
719.1  52008.77  117180.40  225.31
720.6  51229.26  115423.20  225.31
722.1  52740.43  118265.00  224.24
723.6  52808.94  118452.85  224.30
725.0  52068.73  117074.25  224.85
726.5  51778.46  116485.80  224.97
728.0  51657.36  116179.65  224.90
729.5  51723.89  116176.20  224.61
731.0  52339.43  117298.96  224.11
732.4  53864.01  120054.00  222.88
733.9  55762.35  123533.29  221.54
735.4  56957.53  125678.03  220.65
736.8  57553.71  126668.25  220.09
738.3  57874.34  127058.93  219.54
739.8  58055.25  127136.63  218.99
741.2  58174.39  127100.48  218.48
742.7  58458.40  127487.20  218.08
744.2  58900.80  128257.50  217.75
745.7  59131.50  128616.94  217.51
747.1  59290.63  128862.45  217.34
748.6  59204.79  128645.81  217.29
750.0  58925.81  128001.83  217.23
751.5  58638.54  127317.13  217.12
753.0  58472.50  126946.88  217.11
754.4  58386.29  126743.50  217.08
755.9  58151.79  126250.00  217.10
757.3  57546.64  125028.15  217.26
758.8  53111.38  116208.99  218.80
760.3  40782.43  91106.25  223.40
761.7  31483.93  71993.25  228.67
763.2  28464.86  66082.50  232.15
764.6  29418.17  68298.30  232.16
766.1  34790.40  79245.60  227.78
767.5  41756.83  93327.68  223.50
769.0  47685.79  105233.13  220.68
770.4  51551.68  112946.75  219.09
771.9  53670.00  117075.00  218.14
773.3  54689.75  119072.25  217.72
774.8  55044.79  119708.88  217.48
776.2  55206.21  119999.93  217.37
777.7  55176.00  119947.71  217.39
779.1  54992.57  119565.50  217.42
780.5  54852.69  119264.19  217.43
782.0  54698.69  118970.73  217.50
783.4  54440.23  118444.80  217.57
784.9  54182.14  117964.25  217.72
786.3  53887.94  117451.40  217.95
787.8  53374.02  116541.08  218.35
789.2  52663.76  115293.04  218.92
790.6  51996.26  113987.96  219.22
792.0  51455.60  112892.33  219.40
793.5  51001.71  111862.35  219.33
794.9  50796.45  111391.20  219.29
796.3  50663.00  111262.06  219.61
797.8  50723.73  111429.38  219.68
799.2  50674.81  111386.13  219.81
800.6  50353.83  110790.20  220.02
802.1  50034.31  110194.46  220.24
803.5  49746.09  109665.05  220.45
804.9  49639.20  109379.40  220.35
806.3  49740.79  109480.00  220.10
807.8  49703.39  109359.51  220.02
809.2  49269.09  108552.96  220.33
810.6  48659.46  107450.81  220.82
812.0  47748.57  105912.30  221.81
813.4  45991.07  102717.19  223.34
814.8  43482.41  97974.34  225.32
816.3  41074.18  93237.60  227.00
817.7  39545.26  90082.85  227.80
819.1  39193.01  89186.84  227.56
820.5  40161.00  90927.38  226.41
821.9  40619.86  91797.04  225.99
823.3  39351.40  89363.31  227.09
824.7  40150.30  90853.70  226.28
826.1  41588.80  93693.60  225.29
827.5  41869.29  94375.88  225.41
828.9  41465.32  93624.19  225.79
830.3  41433.86  93577.00  225.85
831.7  41558.70  93736.50  225.55
833.2  41682.66  93933.30  225.35
834.5  42228.40  94941.53  224.83
835.9  43045.51  96553.60  224.31
837.3  43764.29  97997.19  223.92
838.7  44271.79  98980.94  223.58
840.1  44689.13  99772.63  223.26
841.5  44907.83  100107.90  222.92
842.9  44930.12  100155.41  222.91
844.3  44871.36  99940.75  222.73
845.7  44960.23  100131.80  222.71
847.1  45034.10  100173.98  222.44
848.5  44744.75  99641.06  222.69
849.9  43828.53  97661.15  222.83
851.2  43282.09  96430.13  222.79
852.6  43039.24  95911.73  222.85
854.0  41511.88  92626.46  223.13
855.4  40733.37  90853.03  223.04
856.8  41728.83  93094.80  223.09
858.2  42614.87  95078.03  223.11
859.5  43027.57  96058.25  223.25
860.9  43124.23  96316.20  223.35
862.3  43158.89  96416.90  223.40
863.7  43170.54  96499.24  223.53
865.0  42503.54  95146.13  223.85
866.4  40870.20  91497.70  223.87
867.8  40406.38  90381.64  223.68
869.1  40920.94  91519.50  223.65
870.5  41354.31  92706.23  224.18
871.9  41669.96  93363.90  224.06
873.2  41656.14  93397.83  224.21
874.6  41487.80  93007.95  224.18
876.0  41294.94  92677.20  224.43
877.3  41239.45  92534.83  224.38
878.7  41169.39  92462.15  224.59
880.0  40836.94  91764.15  224.71
881.4  40524.21  91149.38  224.93
882.8  40525.01  91143.15  224.91
884.1  40531.43  91311.56  225.29
885.5  40393.46  90986.89  225.25
886.8  39960.33  90266.96  225.89
888.2  39838.15  89964.35  225.82
889.5  39816.15  90008.19  226.06
890.9  39725.94  89893.10  226.28
892.2  39235.81  88946.73  226.70
893.6  38273.82  87102.45  227.58
894.9  36765.00  84268.80  229.21
896.2  34609.21  80046.81  231.29
897.6  32507.14  75768.00  233.08
898.9  30545.93  71668.88  234.63
900.3  29222.24  68838.41  235.57
901.6  28767.60  67764.90  235.56
903.0  29682.77  69713.75  234.86
904.3  31656.03  73907.83  233.47
905.6  32585.61  75767.25  232.52
907.0  31599.29  73776.63  233.48
908.3  29906.04  70396.46  235.39
909.6  28696.26  68113.98  237.36
911.0  28602.06  67769.20  236.94
912.3  28565.75  67889.50  237.66
913.6  28037.85  66842.81  238.40
914.9  27686.46  66116.60  238.80
916.2  27442.04  65689.13  239.37
917.6  27424.89  65746.65  239.73
918.9  28335.36  67438.15  238.00
920.2  29746.60  70156.45  235.85
921.5  30374.40  71344.00  234.88
922.9  30346.29  71152.50  234.47
924.2  29904.99  70396.54  235.40
925.5  29686.25  69949.69  235.63
926.8  29375.97  69512.85  236.63
928.1  27767.31  66308.93  238.80
929.4  24895.63  60548.33  243.21
930.7  21575.31  53314.00  247.11
932.0  17845.00  44969.40  252.00
933.4  14335.36  37128.58  259.00
934.7  12363.94  32268.83  260.99
936.0  11594.21  30624.44  264.14
937.3  11222.91  29845.25  265.93
938.6  12846.90  33285.15  259.09
939.9  15270.86  39005.25  255.42
941.2  16261.14  41491.50  255.16
942.5  15980.40  41036.63  256.79
943.8  15013.21  38582.19  256.99
945.1  14310.60  36933.98  258.09
946.4  14104.20  36542.70  259.09
947.7  14501.31  37415.25  258.01
949.0  14818.43  38181.10  257.66
950.2  15249.00  39019.50  255.88
951.5  15433.78  39772.91  257.70
952.8  15348.46  39595.05  257.97
954.1  15741.51  40497.40  257.26
955.4  15738.57  40475.50  257.17
956.7  16269.69  41369.50  254.27
958.0  16950.86  42889.20  253.02
959.3  16896.50  42780.50  253.19
960.5  17474.31  44142.75  252.62
961.8  18221.00  46073.10  252.86
963.1  18932.14  47709.00  252.00
964.4  19717.49  49197.44  249.51
965.7  20217.99  50192.33  248.26
966.9  21388.31  52513.10  245.52
968.2  23416.46  56772.71  242.45
969.5  24905.60  60381.60  242.44
970.8  25875.71  62392.50  241.12
972.0  26214.75  62872.43  239.84
973.3  25516.54  61533.45  241.15
974.6  24680.31  59778.23  242.21
975.8  24337.05  59019.63  242.51
977.1  24536.91  59367.25  241.95
978.4  24934.28  60226.24  241.54
979.6  25132.71  60560.18  240.96
980.9  25755.11  62340.19  242.05
982.2  26579.14  63779.88  239.96
983.4  26922.37  64737.00  240.46
984.7  27569.91  65858.55  238.88
985.9  28058.33  66906.26  238.45
987.2  28458.86  67617.15  237.60
988.5  28734.44  67894.89  236.28
989.7  28825.20  68259.68  236.81
991.0  28884.89  68353.10  236.64
992.2  29064.54  68445.19  235.49
993.5  29008.80  68758.20  237.03
994.7  29041.43  68785.63  236.85
996.0  29205.17  68593.73  234.87
997.2  29055.19  68792.43  236.76
998.5  29032.68  68530.63  236.05
999.7  28971.88  68652.26  236.96
1001.0  28724.40  68184.90  237.38
1002.2  28494.20  67673.73  237.50
1003.4  28357.03  66941.79  236.07
1004.7  27606.39  65453.85  237.10
1005.9  27480.43  64987.50  236.49
1007.2  27537.30  64771.88  235.22
1008.4  27480.99  65065.28  236.76
1009.6  27683.10  65106.55  235.19
1010.9  27409.06  65060.06  237.37
1012.1  27500.85  64677.93  235.19
1013.3  27378.17  64986.75  237.37
1014.6  27291.31  64616.20  236.76
1015.8  27131.57  64419.15  237.43
1017.1  27008.19  64568.75  239.07
1018.3  27106.30  64377.46  237.50
1019.5  27021.33  64458.70  238.55
1020.8  26972.00  64365.00  238.64
1022.0  26962.05  64093.31  237.72
1023.2  26873.41  63724.98  237.13
1024.4  26780.68  63908.44  238.64
1025.7  26851.50  63813.75  237.65
1026.9  27011.83  63919.50  236.64
1028.1  27180.77  64336.54  236.70
1029.3  27135.26  64044.56  236.02
1030.6  26911.50  64075.00  238.10
1031.8  26968.78  64027.28  237.41
1033.0  26736.51  63741.40  238.41
1034.2  26689.93  63786.94  238.99
1035.4  26846.58  63478.84  236.45
1036.7  26748.01  63763.48  238.39
1037.9  26861.06  63686.70  237.10
1039.1  26923.36  63859.55  237.19
1040.3  26815.56  63772.91  237.82
1041.5  26807.10  63784.44  237.94
1042.7  26799.36  63376.88  236.49
1043.9  27040.56  63818.21  236.01
1045.2  26721.00  63685.05  238.33
1046.4  26646.77  63090.15  236.76
1047.6  26502.30  62775.65  236.87
1048.8  26625.11  62925.85  236.34
1050.0  26756.07  63088.00  235.79
1051.2  26600.49  63754.43  239.67
1052.4  26363.71  63243.28  239.89
1053.6  26647.03  62529.68  234.66
1054.8  26402.21  62511.13  236.76
1056.0  26463.96  62493.20  236.14
1057.2  26040.57  62660.13  240.63
1058.4  26265.24  62837.10  239.24
1059.7  25904.06  62033.40  239.47
1060.9  25786.36  60981.25  236.49
1062.1  25750.29  61335.75  238.19
1063.3  25345.67  61068.38  240.94
1064.5  25297.29  62110.50  245.52
1065.7  25928.52  61628.61  237.69
1066.9  26097.34  61585.78  235.98
1068.1  25564.95  61781.96  241.67
1069.3  26151.30  61019.70  233.33
1070.5  25913.67  60217.43  232.38
1071.7  25661.63  60130.85  234.32
1072.9  25398.39  60042.68  236.40
1074.1  25806.80  60484.69  234.38
1075.3  25044.69  60685.20  242.31
1076.5  25390.41  60067.14  236.57
