/*** Spectra Vista SIG Data ***/
name= 230505_1654_R990_T950.sig
instrument= HK: 9202056 (HR-512i)
integration= 10.0, 0.0, 0.0, 10.0, 0.0, 0.0
scan method= Time-based, Time-based
scan coadds= 500, 0, 0, 500, 0, 0
scan time= 5, 5
scan settings= AI, AI
external data set1= 0,0,0,0,0,0,0,0,0,0,0,0,0,0,0,0,0,0,0,0,0,0,0,0,0,0,0,0,0,0,0,0
external data set2= 0,0,0,0,0,0,0,0,0,0,0,0,0,0,0,0,0,0,0,0,0,0,0,0,0,0,0,0,0,0,0,0
external data dark= 0,0,0,0,0,0,0,0,0,0,0,0,0,0,0,0
external data mask= 0
optic= LENS 4(1), LENS 4(1)
temp= 32.5, 0.0, 0.0, 27.3, 0.0, 0.0
battery= 8.36, 8.21
error= 0, 0
units= Radiance, Radiance
time= 7/4/2023 8:44:45 AM, 5/5/2023 4:54:10 PM
longitude= 01653.1775E     , 07746.6527W     
latitude= 4243.1523N      , 3409.6268N      
gpstime= 092514.000      , 175909.000      
comm= 
memory slot= 990, 950
factors= 1.000, 1.000, 1.000 [Overlap: Preserve, Matching Type: None]
inclinometer x offset= 6, 2
inclinometer y offset= -4, -44
data= 
339.7  84889.20  83810.10  98.73
341.4  91592.60  90376.00  98.67
343.0  95708.75  94377.15  98.61
344.7  98073.00  96150.00  98.04
346.4  103342.50  100739.80  97.48
348.0  108375.85  105287.80  97.15
349.7  114285.60  110354.40  96.56
351.3  123168.10  118661.95  96.34
353.0  129956.40  124608.40  95.88
354.6  138556.50  132571.90  95.68
356.2  137722.20  132132.00  95.94
357.9  128882.25  122995.50  95.43
359.5  131027.60  123168.40  94.00
361.2  140400.40  131961.70  93.99
362.8  148045.80  138395.95  93.48
364.5  157755.00  146954.85  93.15
366.1  172003.40  159509.50  92.74
367.7  181020.60  168116.40  92.87
369.4  182844.20  169118.95  92.49
371.0  184074.80  169760.50  92.22
372.6  179097.75  164967.75  92.11
374.3  170221.50  156094.75  91.70
375.9  173919.35  157711.40  90.68
377.5  189928.05  171486.25  90.29
379.1  200184.05  181358.65  90.60
380.8  195350.40  176730.40  90.47
382.4  180400.50  163530.00  90.65
384.0  163369.80  146511.00  89.68
385.6  170993.10  151767.30  88.76
387.3  180648.00  160243.20  88.70
388.9  189509.20  167663.50  88.47
390.5  204735.85  180385.15  88.11
392.1  210705.75  186729.75  88.62
393.8  190240.00  168480.00  88.56
395.4  194384.40  169473.15  87.18
397.0  204117.55  178483.50  87.44
398.6  231779.10  199862.90  86.23
400.2  280586.20  242842.20  86.55
401.8  311577.00  270525.50  86.82
403.4  325891.30  283402.70  86.96
405.0  326160.00  283500.00  86.92
406.6  322707.00  279741.00  86.69
408.3  324884.70  280364.70  86.30
409.9  330122.40  284669.60  86.23
411.5  334305.00  287367.75  85.96
413.1  344900.00  296150.00  85.87
414.7  348967.50  299363.40  85.79
416.3  351653.50  301116.75  85.63
417.9  349670.70  299297.10  85.59
419.5  346150.20  295695.60  85.42
421.1  348477.60  296818.00  85.18
422.7  349322.60  297532.40  85.17
424.3  346586.60  294520.90  84.98
425.9  345530.90  293295.75  84.88
427.5  339897.50  288271.00  84.81
429.1  328971.70  278959.90  84.80
430.7  308785.50  261446.10  84.67
432.3  316272.45  264998.50  83.79
433.9  338085.30  283797.85  83.94
435.5  353256.20  295990.95  83.79
437.1  370234.00  310346.00  83.82
438.7  369123.05  309841.15  83.94
440.3  370856.15  310045.05  83.60
441.9  383800.50  320190.75  83.43
443.5  398380.45  332477.15  83.46
445.0  406448.75  339333.75  83.49
446.6  408423.95  340476.95  83.36
448.2  417818.30  347303.10  83.12
449.8  428894.05  355977.70  83.00
451.4  439729.65  364743.50  82.95
453.0  436189.60  362153.00  83.03
454.6  430615.20  356532.60  82.80
456.2  432734.10  357537.55  82.62
457.8  436885.70  360732.80  82.57
459.3  436621.65  360321.60  82.52
460.9  438216.90  361009.00  82.38
462.5  443700.00  365160.00  82.30
464.1  443210.40  364752.00  82.30
465.7  438600.00  360712.80  82.24
467.2  434028.25  356684.75  82.18
468.8  432190.80  354711.90  82.07
470.4  430150.50  352836.00  82.03
472.0  432673.05  353990.55  81.81
473.6  437313.80  357575.90  81.77
475.1  440209.05  359629.90  81.70
476.7  440511.20  359602.60  81.63
478.3  443773.05  361756.50  81.52
479.9  446662.35  363977.55  81.49
481.5  449178.30  365543.30  81.38
483.0  447992.15  364353.55  81.33
484.6  438067.20  356659.20  81.42
486.2  417055.80  339649.45  81.44
487.8  408051.00  330825.60  81.07
489.3  416625.00  337237.50  80.95
490.9  425047.20  344100.00  80.96
492.5  425691.20  344436.95  80.91
494.0  428984.50  346713.50  80.82
495.6  432455.80  349504.75  80.82
497.2  433076.20  349940.40  80.80
498.8  427845.80  345665.10  80.79
500.3  420355.80  339747.70  80.82
501.9  411479.50  333047.00  80.94
503.5  408337.80  331442.80  81.17
505.0  409304.55  332566.20  81.25
506.6  412037.55  334905.75  81.28
508.2  409665.60  333104.40  81.31
509.7  408352.95  331896.60  81.28
511.3  407436.70  331117.25  81.27
512.9  402439.05  327515.40  81.38
514.4  393938.00  321256.50  81.55
516.0  383700.00  313860.00  81.80
517.5  371809.80  303640.65  81.67
519.1  371946.25  303117.10  81.49
520.7  379363.60  309416.80  81.56
522.2  382622.50  312747.00  81.74
523.8  387254.35  316787.10  81.80
525.4  389008.00  318352.05  81.84
526.9  384621.10  314213.20  81.69
528.5  388537.95  316828.80  81.54
530.0  395083.50  322111.95  81.53
531.6  397543.20  324044.00  81.51
533.2  395479.35  321979.70  81.42
534.7  397908.00  323624.00  81.33
536.3  398401.80  324036.80  81.33
537.8  396694.55  322426.65  81.28
539.4  393134.40  319497.60  81.27
541.0  389574.00  316406.40  81.22
542.5  389850.00  316572.00  81.20
544.1  392786.00  318827.00  81.17
545.6  394272.00  319902.00  81.14
547.2  394133.20  319495.20  81.06
548.7  395136.00  319592.00  80.88
550.3  396549.05  320149.95  80.73
551.8  397863.90  320468.40  80.55
553.4  399828.00  321349.60  80.37
554.9  402056.80  322668.50  80.25
556.5  401003.60  321346.00  80.14
558.0  398338.50  318423.00  79.94
559.6  396299.75  315707.00  79.66
561.1  399454.65  317418.15  79.46
562.7  402926.60  319403.40  79.27
564.2  407065.75  321734.65  79.04
565.8  407101.00  321316.20  78.93
567.3  407025.90  320821.45  78.82
568.9  405961.00  319917.30  78.80
570.4  403867.35  317672.55  78.66
572.0  405069.75  317647.50  78.42
573.5  408425.85  319572.75  78.24
575.1  410004.80  319777.60  77.99
576.6  409798.00  318786.00  77.79
578.2  408779.05  317288.80  77.62
579.7  409071.00  316767.80  77.44
581.2  411546.30  318246.30  77.33
582.8  415077.10  320852.90  77.30
584.3  415512.25  321341.75  77.34
585.9  412452.90  319491.30  77.46
587.4  405226.80  315802.80  77.93
588.9  390543.75  307653.50  78.78
590.5  381477.50  302467.80  79.29
592.0  381162.75  303224.25  79.55
593.6  382818.80  304605.60  79.57
595.1  383795.50  304956.30  79.46
596.6  386415.20  305678.40  79.11
598.2  389061.00  305973.75  78.64
599.7  390702.35  305215.40  78.12
601.2  391571.95  303939.30  77.62
602.8  393469.05  303702.35  77.19
604.3  396336.00  304898.70  76.93
605.8  398453.40  305890.00  76.77
607.4  398434.95  305487.45  76.67
608.9  396259.80  303571.95  76.61
610.5  393926.50  301580.40  76.56
612.0  391766.70  299808.60  76.53
613.5  388964.50  297590.25  76.51
615.0  386446.55  295517.95  76.47
616.6  383256.80  292904.00  76.42
618.1  383707.80  292950.00  76.35
619.6  385700.00  294386.00  76.33
621.2  386736.80  295209.60  76.33
622.7  385075.20  293875.20  76.32
624.2  382394.70  291759.30  76.30
625.8  379061.40  289164.80  76.28
627.3  376446.75  287506.25  76.37
628.8  373549.75  285511.45  76.43
630.3  372014.40  284204.30  76.40
631.8  371203.30  283429.90  76.35
633.4  372242.20  284086.00  76.32
634.9  373349.75  284804.90  76.28
636.4  374837.75  285728.50  76.23
638.0  376926.30  287146.20  76.18
639.5  376824.00  286986.00  76.16
641.0  375813.90  286031.90  76.11
642.5  375162.20  285492.20  76.10
644.0  374186.00  285004.00  76.17
645.5  371210.90  283788.20  76.45
647.1  365847.60  281830.40  77.03
648.6  360638.50  279599.10  77.53
650.1  358690.50  278199.75  77.56
651.6  359105.55  278510.20  77.56
653.1  360111.00  278878.80  77.44
654.7  356903.30  276321.30  77.42
656.2  346711.45  268043.85  77.31
657.7  343663.20  264225.60  76.89
659.2  349848.85  267950.15  76.59
660.7  357408.75  272652.50  76.29
662.2  363972.70  276671.20  76.01
663.7  367251.00  278442.15  75.82
665.2  368561.60  278807.50  75.65
666.8  369159.45  278738.10  75.51
668.3  369243.90  278436.60  75.41
669.8  368936.15  278084.95  75.37
671.3  367906.30  277218.60  75.35
672.8  367215.70  276573.85  75.32
674.3  366515.50  275996.90  75.30
675.8  366428.00  275679.50  75.23
677.3  365978.20  275275.70  75.22
678.8  365363.90  274837.20  75.22
680.3  364374.10  274156.60  75.24
681.8  363132.35  273234.50  75.24
683.3  360539.30  271338.10  75.26
684.8  355349.00  267708.80  75.34
686.3  340050.80  256745.40  75.50
687.8  322413.00  243079.20  75.39
689.3  315632.80  237768.65  75.33
690.8  315081.60  238243.20  75.61
692.3  315344.15  241706.55  76.65
693.8  312421.30  243854.60  78.05
695.3  312313.30  245680.50  78.66
696.8  318316.80  248628.80  78.11
698.3  320320.00  249088.00  77.76
699.8  317063.10  247196.10  77.96
701.3  313253.80  244668.05  78.11
702.8  312860.30  244369.70  78.11
704.2  315859.80  245758.40  77.81
705.7  318705.60  247149.60  77.55
707.2  321020.70  247847.65  77.21
708.7  322696.20  248043.00  76.87
710.2  324067.35  248221.80  76.60
711.7  324210.00  247705.00  76.40
713.2  322886.40  246667.20  76.39
714.7  317796.60  244281.30  76.87
716.2  300849.60  236989.00  78.77
717.6  270702.00  222696.00  82.27
719.1  245471.80  208886.80  85.10
720.6  241318.40  205795.20  85.28
722.1  252280.50  211078.50  83.67
723.6  252221.70  211415.50  83.82
725.0  246501.00  208894.50  84.74
726.5  243706.35  207978.90  85.34
728.0  242931.15  207507.15  85.42
729.5  243472.40  207554.80  85.25
731.0  247359.65  209605.05  84.74
732.4  258564.90  214638.60  83.01
733.9  272903.05  221004.70  80.98
735.4  282117.00  224957.15  79.74
736.8  287223.00  226746.00  78.94
738.3  290936.55  227507.45  78.20
739.8  294005.25  227766.00  77.47
741.2  296867.70  227730.15  76.71
742.7  300234.40  228519.20  76.11
744.2  303937.20  229966.80  75.66
745.7  306085.50  230660.25  75.36
747.1  307514.70  231218.10  75.19
748.6  307486.80  230855.70  75.08
750.0  306282.50  229742.20  75.01
751.5  304950.10  228514.00  74.93
753.0  304364.75  227919.65  74.88
754.4  304048.00  227602.00  74.86
755.9  302937.50  226750.00  74.85
757.3  299928.85  224647.15  74.90
758.8  277259.40  209090.25  75.41
760.3  216591.00  164217.00  75.82
761.7  173828.60  130142.90  74.87
763.2  161502.00  120186.00  74.42
764.6  167499.00  124142.40  74.12
766.1  193536.00  143673.60  74.24
767.5  226551.15  168675.10  74.45
769.0  254272.00  189882.00  74.68
770.4  272429.50  203595.00  74.73
771.9  282380.00  210840.00  74.67
773.3  287315.75  214372.50  74.61
774.8  289003.00  215572.50  74.59
776.2  289923.00  216104.70  74.54
777.7  289966.60  216011.95  74.50
779.1  289266.00  215414.00  74.47
780.5  288707.40  214881.65  74.43
782.0  288002.45  214427.95  74.45
783.4  286694.40  213504.00  74.47
784.9  285214.80  212627.40  74.55
786.3  283049.60  211735.60  74.81
787.8  279155.60  210085.35  75.26
789.2  274015.75  207879.60  75.86
790.6  269452.20  205535.25  76.28
792.0  266726.60  203585.20  76.33
793.5  265474.80  201686.40  75.97
794.9  265241.70  200951.10  75.76
796.3  263971.70  200730.30  76.04
797.8  263971.20  201082.90  76.18
799.2  263993.00  201103.20  76.18
800.6  261976.00  199962.80  76.33
802.1  259888.65  198847.85  76.51
803.5  258352.60  197997.80  76.64
804.9  258585.60  197498.60  76.38
806.3  260406.00  197748.25  75.94
807.8  260992.45  197607.15  75.71
809.2  258485.90  196138.05  75.88
810.6  253689.75  194197.50  76.55
812.0  245875.30  191352.40  77.82
813.4  232050.00  185618.75  79.99
814.8  214479.25  176985.90  82.52
816.3  199009.50  168223.50  84.53
817.7  190395.40  162669.00  85.44
819.1  189909.15  161042.05  84.80
820.5  198313.50  164356.50  82.88
821.9  201724.65  166050.25  82.32
823.3  193585.70  161480.55  83.42
824.7  199659.80  164240.20  82.26
826.1  209440.00  169523.20  80.94
827.5  211422.00  170841.00  80.81
828.9  209071.75  169369.75  81.01
830.3  209385.00  169188.25  80.80
831.7  210677.70  169643.40  80.52
833.2  212081.70  170037.90  80.18
834.5  216565.30  171847.20  79.35
835.9  222731.60  174866.25  78.51
837.3  228230.75  177404.50  77.73
838.7  232638.75  179387.50  77.11
840.1  236731.60  180701.30  76.33
841.5  239037.60  181459.20  75.91
842.9  240490.95  181510.95  75.48
844.3  241293.00  181343.50  75.15
845.7  242863.20  181616.80  74.78
847.1  243921.90  181673.40  74.48
848.5  242970.00  180670.00  74.36
849.9  238113.20  177163.80  74.40
851.2  235433.55  174934.65  74.30
852.6  233982.45  174149.10  74.43
854.0  225789.85  168232.35  74.51
855.4  222177.70  164884.50  74.21
856.8  228183.45  168987.30  74.06
858.2  233381.10  172900.20  74.08
859.5  235972.00  174384.00  73.90
860.9  236695.20  175024.80  73.95
862.3  237361.20  175271.20  73.84
863.7  237591.80  175502.10  73.87
865.0  233912.25  172844.25  73.89
866.4  224970.20  166058.20  73.81
867.8  223180.65  164076.00  73.52
869.1  226062.60  166433.40  73.62
870.5  228758.10  168417.90  73.62
871.9  230413.60  169717.40  73.66
873.2  230338.90  169867.60  73.75
874.6  229399.80  169177.40  73.75
876.0  228684.00  168504.00  73.68
877.3  228340.60  168208.20  73.67
878.7  227915.60  168262.60  73.83
880.0  226313.40  167184.60  73.87
881.4  224659.50  165860.25  73.83
882.8  224549.40  165850.65  73.86
884.1  224900.00  166080.00  73.85
885.5  223664.70  165450.60  73.97
886.8  221428.35  164242.65  74.17
888.2  220760.40  163775.50  74.19
889.5  220789.80  164002.30  74.28
890.9  219841.00  163672.20  74.45
892.2  215896.90  161806.10  74.95
893.6  207960.05  158625.60  76.28
894.9  195829.20  153455.40  78.36
896.2  179635.00  145650.00  81.08
897.6  165558.00  138006.00  83.36
898.9  152943.50  130488.50  85.32
900.3  145135.90  125160.75  86.24
901.6  142959.60  123232.20  86.20
903.0  149933.20  126846.60  84.60
904.3  163568.65  134688.15  82.34
905.6  169080.60  138242.00  81.76
907.0  161580.25  134605.25  83.31
908.3  150507.50  128341.85  85.27
909.6  143164.20  124020.15  86.63
911.0  141724.80  123446.80  87.10
912.3  140913.50  123798.50  87.85
913.6  136720.65  121690.05  89.01
914.9  133992.40  120505.20  89.93
916.2  132417.40  119650.70  90.36
917.6  132696.90  119758.20  90.25
918.9  140063.85  122975.45  87.80
920.2  151296.60  128091.60  84.66
921.5  156800.00  130457.60  83.20
922.9  157092.00  130062.00  82.79
924.2  153533.80  128374.90  83.61
925.5  151516.75  127627.50  84.23
926.8  148493.40  127232.60  85.68
928.1  134642.55  121144.55  89.97
929.4  114921.75  110805.15  96.42
930.7  94042.40  97538.40  103.72
932.0  72807.60  82443.90  113.24
933.4  54735.00  67871.40  124.00
934.7  45139.05  59314.95  131.40
936.0  41717.50  56129.00  134.55
937.3  40050.40  54684.20  136.54
938.6  49051.80  61120.10  124.60
939.9  61701.00  71526.00  115.92
941.2  65272.00  76018.00  116.46
942.5  64037.40  75385.80  117.72
943.8  59580.00  70751.25  118.75
945.1  55979.70  67764.90  121.05
946.4  55134.60  67101.80  121.71
947.7  57261.60  68540.40  119.70
949.0  59147.60  70182.60  118.66
950.2  61444.50  71760.00  116.79
951.5  62451.45  72936.00  116.79
952.8  61592.30  73169.80  118.80
954.1  64042.40  74873.10  116.91
955.4  64665.00  74724.00  115.56
956.7  68138.00  76411.90  112.14
958.0  72676.80  79104.00  108.84
959.3  72475.20  79018.10  109.03
960.5  75746.40  81376.20  107.43
961.8  80693.00  84857.80  105.16
963.1  86406.30  87996.60  101.84
964.4  91116.35  90577.20  99.41
965.7  93802.05  92704.95  98.83
966.9  102232.95  97205.10  95.08
968.2  117244.90  104154.45  88.83
969.5  129161.60  110627.20  85.65
970.8  136880.00  115050.00  84.05
972.0  139582.80  116118.45  83.19
973.3  135036.00  113553.00  84.09
974.6  128945.70  110167.20  85.44
975.8  125695.85  107830.45  85.79
977.1  128818.80  109951.40  85.35
978.4  131402.70  111493.20  84.85
979.6  133300.05  112323.90  84.26
980.9  139531.50  114664.50  82.18
982.2  145178.50  117693.25  81.07
983.4  150333.70  119403.80  79.43
984.7  154831.80  121810.80  78.67
985.9  159675.45  123692.25  77.46
987.2  163200.60  125656.80  77.00
988.5  165921.80  126006.65  75.94
989.7  167346.30  126510.60  75.60
991.0  168631.60  126064.40  74.76
992.2  169961.75  126424.75  74.38
993.5  171360.00  127663.20  74.50
994.7  171745.00  127932.50  74.49
996.0  173053.45  127324.30  73.58
997.2  173016.40  127921.70  73.94
998.5  172980.75  127608.75  73.77
999.7  172722.30  127115.85  73.60
1001.0  171208.80  126415.80  73.84
1002.2  169947.55  126188.60  74.25
1003.4  168517.55  125095.85  74.23
1004.7  165193.05  122596.10  74.21
1005.9  164288.40  120616.80  73.42
1007.2  163743.30  121252.95  74.05
1008.4  164592.00  121386.60  73.75
1009.6  165073.30  120985.40  73.29
1010.9  164308.55  121445.45  73.91
1012.1  163986.55  121207.45  73.91
1013.3  165142.80  121308.60  73.46
1014.6  164477.60  120548.80  73.29
1015.8  164256.00  120112.20  73.13
1017.1  164262.90  119839.60  72.96
1018.3  164722.90  119893.25  72.78
1019.5  163788.50  120463.80  73.55
1020.8  164130.75  120148.00  73.20
1022.0  163642.50  120004.50  73.33
1023.2  162512.60  119101.70  73.29
1024.4  162469.45  119295.75  73.43
1025.7  162435.00  119505.75  73.57
1026.9  162920.40  118920.00  72.99
1028.1  163433.10  120745.35  73.88
1029.3  162454.50  119966.40  73.85
1030.6  162750.50  119179.50  73.23
1031.8  163698.60  120133.65  73.39
1033.0  162744.00  120701.80  74.17
1034.2  163127.25  119905.50  73.50
1035.4  163538.70  119067.65  72.81
1036.7  163647.30  120892.60  73.87
1037.9  162249.45  119791.65  73.83
1039.1  163542.75  119931.35  73.33
1040.3  163643.70  120326.25  73.53
1041.5  162958.95  120161.65  73.74
1042.7  163934.85  121683.60  74.23
1043.9  163235.70  121558.50  74.47
1045.2  163888.80  119353.80  72.83
1046.4  162754.30  120694.20  74.16
1047.6  163029.30  119929.60  73.56
1048.8  161397.60  121048.20  75.00
1050.0  161663.00  120261.50  74.39
1051.2  163939.95  121437.00  74.07
1052.4  161736.90  120265.90  74.36
1053.6  163213.05  120820.05  74.03
1054.8  160898.20  121760.80  75.68
1056.0  162928.70  120522.60  73.97
1057.2  161777.05  120763.15  74.65
1058.4  160583.70  121019.60  75.36
1059.7  159855.30  119295.00  74.63
1060.9  158551.25  117084.00  73.85
1062.1  160224.00  120168.00  75.00
1063.3  159420.60  118279.80  74.19
1064.5  161223.00  121578.00  75.41
1065.7  159828.05  119193.80  74.58
1066.9  157770.30  119019.70  75.44
1068.1  159070.80  119303.10  75.00
1069.3  156907.80  119133.70  75.93
1070.5  157606.10  121921.70  77.36
1071.7  155274.60  118739.40  76.47
1072.9  155955.00  118525.80  76.00
1074.1  154840.80  119356.45  77.08
1075.3  155084.40  117999.00  76.09
1076.5  154693.45  118488.60  76.60
