/*** Spectra Vista SIG Data ***/
name= 230503_1609_R882_T885.sig
instrument= HK: 9202056 (HR-512i)
integration= 10.0, 0.0, 0.0, 500.0, 0.0, 0.0
scan method= Time-based, Time-based
scan coadds= 500, 0, 0, 10, 0, 0
scan time= 5, 5
scan settings= AI, AI
external data set1= 0,0,0,0,0,0,0,0,0,0,0,0,0,0,0,0,0,0,0,0,0,0,0,0,0,0,0,0,0,0,0,0
external data set2= 0,0,0,0,0,0,0,0,0,0,0,0,0,0,0,0,0,0,0,0,0,0,0,0,0,0,0,0,0,0,0,0
external data dark= 0,0,0,0,0,0,0,0,0,0,0,0,0,0,0,0
external data mask= 0
optic= LENS 4(1), LENS 4(1)
temp= 22.5, 0.0, 0.0, 24.8, 0.0, 0.0
battery= 8.35, 8.32
error= 0, 0
units= Radiance, Radiance
time= 5/3/2023 4:07:50 PM, 5/3/2023 4:09:42 PM
longitude= 07755.9963W     , 07756.0508W     
latitude= 3404.2484N      , 3404.2651N      
gpstime= 171645.000      , 171838.000      
comm= 
memory slot= 882, 885
factors= 1.000, 1.000, 1.000 [Overlap: Preserve, Matching Type: None]
inclinometer x offset= 5, 8
inclinometer y offset= -12, 15
data= 
339.7  89025.75  2755.30  3.09
341.4  96459.00  2954.60  3.06
343.0  101201.60  3066.01  3.03
344.7  103521.50  3086.42  2.98
346.4  108854.10  3202.85  2.94
348.0  114551.95  3332.15  2.91
349.7  120322.80  3465.07  2.88
351.3  130405.25  3700.51  2.84
353.0  137577.30  3847.89  2.80
354.6  147143.10  4061.72  2.76
356.2  148013.25  4004.62  2.71
357.9  138651.75  3677.34  2.65
359.5  139255.20  3632.42  2.61
361.2  150062.10  3845.11  2.56
362.8  158062.10  3982.09  2.52
364.5  168433.80  4193.86  2.49
366.1  183526.90  4524.49  2.47
367.7  194889.60  4749.23  2.44
369.4  196927.50  4754.90  2.41
371.0  198862.30  4767.49  2.40
372.6  194405.25  4629.93  2.38
374.3  184698.50  4364.12  2.36
375.9  186908.70  4404.88  2.36
377.5  203759.40  4785.87  2.35
379.1  216929.90  5054.40  2.33
380.8  212693.60  4917.81  2.31
382.4  198202.50  4547.79  2.29
384.0  177820.20  4064.18  2.29
385.6  184295.80  4212.20  2.29
387.3  195530.40  4446.00  2.27
388.9  205151.80  4640.64  2.26
390.5  221487.75  4997.94  2.26
392.1  231018.75  5176.49  2.24
393.8  209680.00  4654.40  2.22
395.4  210634.20  4667.99  2.22
397.0  223288.00  4915.27  2.20
398.6  249775.90  5473.56  2.19
400.2  305591.60  6652.38  2.18
401.8  342851.25  7393.16  2.16
403.4  361713.80  7715.23  2.13
405.0  363900.00  7683.60  2.11
406.6  360995.25  7544.46  2.09
408.3  363227.55  7523.88  2.07
409.9  370751.20  7604.77  2.05
411.5  375756.75  7644.51  2.03
413.1  388900.00  7856.00  2.02
414.7  394852.50  7922.17  2.01
416.3  398684.00  7956.85  2.00
417.9  397869.90  7912.10  1.99
419.5  394143.60  7815.19  1.98
421.1  396542.00  7846.95  1.98
422.7  398855.60  7867.60  1.97
424.3  395707.50  7789.00  1.97
425.9  395076.00  7758.59  1.96
427.5  389430.50  7629.03  1.96
429.1  377970.80  7382.58  1.95
430.7  355084.05  6915.10  1.95
432.3  359071.05  6995.81  1.95
433.9  385620.20  7491.90  1.94
435.5  402911.45  7794.16  1.93
437.1  423548.00  8164.68  1.93
438.7  424333.60  8142.70  1.92
440.3  424876.55  8132.05  1.91
441.9  439301.25  8388.23  1.91
443.5  457170.50  8694.31  1.90
445.0  467751.25  8848.18  1.89
446.6  470122.95  8856.54  1.88
448.2  479873.25  9014.30  1.88
449.8  492571.95  9226.56  1.87
451.4  505527.30  9447.38  1.87
453.0  503280.25  9381.45  1.86
454.6  495901.50  9236.12  1.86
456.2  497777.70  9268.71  1.86
457.8  502901.10  9362.18  1.86
459.3  503165.70  9360.88  1.86
460.9  504639.30  9391.93  1.86
462.5  510979.20  9511.30  1.86
464.1  511387.20  9519.46  1.86
465.7  506368.80  9428.06  1.86
467.2  501388.00  9342.35  1.86
468.8  499100.70  9299.09  1.86
470.4  497218.50  9259.92  1.86
472.0  499169.85  9295.03  1.86
473.6  504886.25  9391.89  1.86
475.1  508563.50  9448.97  1.86
476.7  509231.90  9443.04  1.85
478.3  512771.10  9503.51  1.85
479.9  516427.65  9582.35  1.86
481.5  519042.70  9651.87  1.86
483.0  517871.35  9649.36  1.86
484.6  507763.20  9474.82  1.87
486.2  484390.55  9053.76  1.87
487.8  471290.40  8835.37  1.87
489.3  480337.50  9021.00  1.88
490.9  490668.00  9218.16  1.88
492.5  491873.80  9243.45  1.88
494.0  495305.00  9317.72  1.88
495.6  499833.25  9411.93  1.88
497.2  501096.40  9444.40  1.88
498.8  495579.85  9347.79  1.89
500.3  487673.80  9214.93  1.89
501.9  478506.75  9055.02  1.89
503.5  476749.00  9025.28  1.89
505.0  478872.65  9074.54  1.89
506.6  482665.05  9160.55  1.90
508.2  480524.40  9137.45  1.90
509.7  478930.50  9133.87  1.91
511.3  477982.50  9139.40  1.91
512.9  473108.85  9067.84  1.92
514.4  464179.50  8923.08  1.92
516.0  453810.00  8751.60  1.93
517.5  439345.80  8499.89  1.93
519.1  438423.05  8512.45  1.94
520.7  447832.00  8708.39  1.94
522.2  453108.00  8821.82  1.95
523.8  459103.90  8956.10  1.95
525.4  461858.05  9024.87  1.95
526.9  456025.20  8935.33  1.96
528.5  459494.40  9028.35  1.96
530.0  467281.50  9200.09  1.97
531.6  470502.80  9278.85  1.97
533.2  467684.10  9247.84  1.98
534.7  470008.00  9321.20  1.98
536.3  470848.60  9363.04  1.99
537.8  468639.85  9345.70  1.99
539.4  464728.80  9291.82  2.00
541.0  460340.40  9226.68  2.00
542.5  460588.80  9254.83  2.01
544.1  463947.30  9345.43  2.01
545.6  465672.75  9402.81  2.02
547.2  465150.70  9417.20  2.02
548.7  465192.00  9446.08  2.03
550.3  465995.10  9489.93  2.04
551.8  466470.90  9526.17  2.04
553.4  467867.40  9583.29  2.05
554.9  469856.20  9653.18  2.05
556.5  468163.60  9647.10  2.06
558.0  464035.00  9590.45  2.07
559.6  460113.50  9539.04  2.07
561.1  462529.60  9616.60  2.08
562.7  465508.30  9704.11  2.08
564.2  469074.25  9799.19  2.09
565.8  468456.60  9805.59  2.09
567.3  468133.25  9813.03  2.10
568.9  467778.50  9813.18  2.10
570.4  465501.60  9773.92  2.10
572.0  466139.25  9800.03  2.10
573.5  469813.05  9885.29  2.10
575.1  471017.60  9920.13  2.11
576.6  470096.50  9913.11  2.11
578.2  468301.35  9891.98  2.11
579.7  467624.30  9903.47  2.12
581.2  469827.70  9978.12  2.12
582.8  473637.00  10085.39  2.13
584.3  474726.00  10126.98  2.13
585.9  472479.90  10089.03  2.14
587.4  468018.00  9986.33  2.13
588.9  457943.25  9741.82  2.13
590.5  451318.50  9575.83  2.12
592.0  452946.45  9596.14  2.12
593.6  455218.40  9632.32  2.12
595.1  455917.00  9628.48  2.11
596.6  456591.20  9627.18  2.11
598.2  456580.25  9605.60  2.10
599.7  454843.85  9537.11  2.10
601.2  452409.30  9454.00  2.09
602.8  451507.25  9404.47  2.08
604.3  452986.20  9411.54  2.08
605.8  454454.80  9428.65  2.07
607.4  454021.20  9412.85  2.07
608.9  451418.05  9358.21  2.07
610.5  448575.05  9308.31  2.08
612.0  446082.00  9264.72  2.08
613.5  442939.75  9208.20  2.08
615.0  440037.50  9155.03  2.08
616.6  436310.40  9083.41  2.08
618.1  436363.20  9096.95  2.08
619.6  438634.00  9149.64  2.09
621.2  440025.80  9185.57  2.09
622.7  438412.80  9156.86  2.09
624.2  435568.50  9102.24  2.09
625.8  431994.45  9028.61  2.09
627.3  430023.00  8981.19  2.09
628.8  427575.05  8922.48  2.09
630.3  425787.10  8892.87  2.09
631.8  424641.10  8882.93  2.09
633.4  425437.10  8927.14  2.10
634.9  426345.30  8971.89  2.10
636.4  427683.05  9027.53  2.11
638.0  429676.80  9096.44  2.12
639.5  429492.00  9117.36  2.12
641.0  428116.15  9113.72  2.13
642.5  427256.20  9114.74  2.13
644.0  426689.00  9120.30  2.14
645.5  425422.50  9099.93  2.14
647.1  423486.80  9053.10  2.14
648.6  421176.60  8998.62  2.14
650.1  419136.00  8963.28  2.14
651.6  419608.25  8979.21  2.14
653.1  420298.35  8989.88  2.14
654.7  416918.15  8900.56  2.13
656.2  404818.20  8612.97  2.13
657.7  398132.00  8434.64  2.12
659.2  402897.95  8491.65  2.11
660.7  409504.00  8584.50  2.10
662.2  415439.70  8661.85  2.08
663.7  418075.05  8674.49  2.07
665.2  418722.60  8654.96  2.07
666.8  418742.20  8634.73  2.06
668.3  418388.40  8613.25  2.06
669.8  417886.15  8597.58  2.06
671.3  416711.70  8572.86  2.06
672.8  415973.40  8554.85  2.06
674.3  415267.80  8539.89  2.06
675.8  415009.00  8533.49  2.06
677.3  414523.20  8529.61  2.06
678.8  413910.20  8528.43  2.06
680.3  412908.50  8519.67  2.06
681.8  411648.65  8508.85  2.07
683.3  409034.45  8470.91  2.07
684.8  403876.60  8380.96  2.08
686.3  388614.00  8051.95  2.07
687.8  368768.40  7616.70  2.07
689.3  360636.85  7439.13  2.06
690.8  361063.20  7448.69  2.06
692.3  366968.10  7562.27  2.06
693.8  371908.90  7639.81  2.05
695.3  375312.60  7682.90  2.05
696.8  379012.80  7732.00  2.04
698.3  379568.00  7697.76  2.03
699.8  377669.95  7585.56  2.01
701.3  374461.80  7444.42  1.99
702.8  373939.20  7351.11  1.97
704.2  375362.60  7295.28  1.94
705.7  377076.00  7229.57  1.92
707.2  377677.70  7137.71  1.89
708.7  377484.60  7023.17  1.86
710.2  377357.00  6891.84  1.83
711.7  376319.00  6733.51  1.79
713.2  374610.40  6552.06  1.75
714.7  371765.10  6336.60  1.70
716.2  363688.00  6006.23  1.65
717.6  347274.00  5522.04  1.59
719.1  330132.20  5053.61  1.53
720.6  325312.00  4820.93  1.48
722.1  330924.00  4781.83  1.44
723.6  331700.80  4652.78  1.40
725.0  329015.70  4468.86  1.36
726.5  327987.90  4317.02  1.32
728.0  327229.20  4165.64  1.27
729.5  326761.20  4019.88  1.23
731.0  328900.65  3905.03  1.19
732.4  334243.80  3848.46  1.15
733.9  341086.55  3828.42  1.12
735.4  345225.10  3780.82  1.10
736.8  346845.00  3720.96  1.07
738.3  346967.50  3662.37  1.06
739.8  346211.25  3612.84  1.04
741.2  344991.15  3574.72  1.04
742.7  345202.40  3558.90  1.03
744.2  346743.60  3563.28  1.03
745.7  347382.75  3560.93  1.03
747.1  347931.60  3559.31  1.02
748.6  347306.10  3540.43  1.02
750.0  345523.05  3511.64  1.02
751.5  343748.60  3481.48  1.01
753.0  342648.85  3460.34  1.01
754.4  342178.00  3443.48  1.01
755.9  341000.00  3420.00  1.00
757.3  338074.10  3380.74  1.00
758.8  316977.00  3137.95  0.99
760.3  252388.50  2429.07  0.96
761.7  200797.50  1876.72  0.93
763.2  185526.00  1701.48  0.92
764.6  190542.60  1742.26  0.91
766.1  218467.20  2030.78  0.93
767.5  254844.60  2422.25  0.95
769.0  285919.00  2752.33  0.96
770.4  306154.25  2980.52  0.97
771.9  317030.00  3099.60  0.98
773.3  322195.50  3159.70  0.98
774.8  323895.00  3181.75  0.98
776.2  324627.00  3192.77  0.98
777.7  324493.40  3198.12  0.99
779.1  323528.00  3192.36  0.99
780.5  322809.65  3189.87  0.99
782.0  322134.95  3187.22  0.99
783.4  320870.40  3182.59  0.99
784.9  319680.20  3178.91  0.99
786.3  318746.00  3174.06  1.00
787.8  316924.65  3155.67  1.00
789.2  314490.75  3127.91  0.99
790.6  311625.90  3104.77  1.00
792.0  308959.70  3083.77  1.00
793.5  305744.40  3069.29  1.00
794.9  304091.10  3073.57  1.01
796.3  304065.35  3081.71  1.01
797.8  304684.50  3099.18  1.02
799.2  304628.10  3112.05  1.02
800.6  303287.60  3099.74  1.02
802.1  302040.30  3089.26  1.02
803.5  300733.40  3085.85  1.03
804.9  299566.80  3089.94  1.03
806.3  299310.50  3098.68  1.04
807.8  298944.15  3097.73  1.04
809.2  296884.90  3069.90  1.03
810.6  294789.75  3037.29  1.03
812.0  292042.20  2985.18  1.02
813.4  285918.75  2890.00  1.01
814.8  276067.75  2746.63  0.99
816.3  265529.25  2601.42  0.98
817.7  257922.60  2506.56  0.97
819.1  254689.65  2457.11  0.96
820.5  257565.00  2474.01  0.96
821.9  259578.20  2476.09  0.95
823.3  253976.80  2382.23  0.94
824.7  256913.40  2384.76  0.93
826.1  263278.40  2412.26  0.92
827.5  265154.25  2372.24  0.89
828.9  263407.50  2295.59  0.87
830.3  262894.50  2236.03  0.85
831.7  262986.60  2189.37  0.83
833.2  262906.80  2152.75  0.82
834.5  264525.80  2126.47  0.80
835.9  267853.95  2134.05  0.80
837.3  270980.50  2136.10  0.79
838.7  272753.75  2144.18  0.79
840.1  274132.90  2135.17  0.78
841.5  274806.00  2131.56  0.78
842.9  274404.45  2120.33  0.77
844.3  273585.00  2119.91  0.77
845.7  273638.00  2101.18  0.77
847.1  273586.00  2096.47  0.77
848.5  272095.25  2077.71  0.76
849.9  266693.10  2027.44  0.76
851.2  263282.25  1991.02  0.76
852.6  262196.55  1974.99  0.75
854.0  253417.45  1894.46  0.75
855.4  247826.40  1845.37  0.74
856.8  253649.60  1888.88  0.74
858.2  259350.30  1916.94  0.74
859.5  261922.00  1927.22  0.74
860.9  262800.00  1934.21  0.74
862.3  263084.20  1926.56  0.73
863.7  263073.70  1912.94  0.73
865.0  259720.75  1879.30  0.72
866.4  249823.70  1796.82  0.72
867.8  246486.90  1771.28  0.72
869.1  249461.40  1785.10  0.72
870.5  252626.85  1806.39  0.72
871.9  254576.10  1805.42  0.71
873.2  254801.40  1788.70  0.70
874.6  253766.10  1774.98  0.70
876.0  252956.60  1745.22  0.69
877.3  252515.45  1738.96  0.69
878.7  252393.90  1731.99  0.69
880.0  250672.80  1707.24  0.68
881.4  248895.75  1690.22  0.68
882.8  249096.15  1690.52  0.68
884.1  249552.50  1686.75  0.68
885.5  248832.45  1680.77  0.68
886.8  247139.75  1653.51  0.67
888.2  246336.30  1637.76  0.66
889.5  246457.75  1640.02  0.67
890.9  246083.80  1620.61  0.66
892.2  244341.20  1590.08  0.65
893.6  240771.00  1548.49  0.64
894.9  235090.80  1489.07  0.63
896.2  226243.00  1407.95  0.62
897.6  216972.00  1323.48  0.61
898.9  207085.00  1252.49  0.60
900.3  200004.35  1188.40  0.59
901.6  196761.60  1163.15  0.59
903.0  200775.60  1198.43  0.60
904.3  210302.55  1265.49  0.60
905.6  215072.65  1276.08  0.59
907.0  211214.25  1246.25  0.59
908.3  203321.95  1187.64  0.58
909.6  197821.85  1154.19  0.58
911.0  197121.20  1152.92  0.58
912.3  197678.25  1141.00  0.58
913.6  195686.85  1109.95  0.57
914.9  194098.40  1084.84  0.56
916.2  192985.00  1062.90  0.55
917.6  192876.90  1071.20  0.56
918.9  195906.30  1086.33  0.55
920.2  201419.40  1126.22  0.56
921.5  203526.40  1141.50  0.56
922.9  202566.00  1138.44  0.56
924.2  200948.65  1109.57  0.55
925.5  199949.75  1093.02  0.55
926.8  199652.20  1063.04  0.53
928.1  193358.85  1012.35  0.52
929.4  180787.35  905.65  0.50
930.7  163612.80  804.08  0.49
932.0  142403.10  678.11  0.48
933.4  122241.50  561.95  0.46
934.7  108184.50  499.89  0.46
936.0  103535.25  462.69  0.45
937.3  101666.40  454.42  0.45
938.6  109782.60  506.09  0.46
939.9  125367.00  597.36  0.48
941.2  132136.00  612.92  0.46
942.5  131317.20  616.06  0.47
943.8  124538.75  537.88  0.43
945.1  119956.50  530.33  0.44
946.4  118817.20  538.52  0.45
947.7  121030.20  555.26  0.46
949.0  123150.60  564.99  0.46
950.2  125580.00  565.11  0.45
951.5  127638.00  565.25  0.44
952.8  127352.50  546.46  0.43
954.1  129026.60  546.24  0.42
955.4  128851.00  536.48  0.42
956.7  130922.30  545.10  0.42
958.0  134476.80  553.73  0.41
959.3  134884.40  573.76  0.43
960.5  138186.00  573.22  0.41
961.8  142644.40  603.90  0.42
963.1  146307.60  614.92  0.42
964.4  149344.55  625.41  0.42
965.7  151948.35  669.23  0.44
966.9  157539.30  692.73  0.44
968.2  166760.95  762.66  0.46
969.5  174339.20  718.21  0.41
970.8  178180.00  778.80  0.44
972.0  179893.35  782.15  0.43
973.3  176774.40  785.66  0.44
974.6  173388.15  763.66  0.44
975.8  170359.35  778.42  0.46
977.1  171758.40  754.70  0.44
978.4  173876.30  796.38  0.46
979.6  174575.70  798.45  0.46
980.9  177522.75  801.27  0.45
982.2  181120.75  775.23  0.43
983.4  182702.20  805.62  0.44
984.7  184917.60  792.50  0.43
985.9  186662.85  869.59  0.47
987.2  188485.20  858.14  0.46
988.5  188618.65  939.18  0.50
989.7  188965.20  896.78  0.47
991.0  189096.60  916.83  0.48
992.2  189218.50  870.74  0.46
993.5  190209.60  856.80  0.45
994.7  189270.00  858.73  0.45
996.0  190089.80  914.58  0.48
997.2  189581.80  901.89  0.48
998.5  189050.00  926.35  0.49
999.7  189218.25  892.72  0.47
1001.0  188130.60  935.68  0.50
1002.2  186229.95  854.83  0.46
1003.4  185059.15  909.79  0.49
1004.7  181816.25  893.50  0.49
1005.9  178845.60  852.64  0.48
1007.2  178252.20  849.81  0.48
1008.4  177965.10  822.96  0.46
1009.6  178402.20  881.76  0.49
1010.9  178596.25  816.44  0.46
1012.1  178246.25  855.58  0.48
1013.3  178395.00  958.24  0.54
1014.6  177758.40  919.44  0.52
1015.8  177601.80  923.94  0.52
1017.1  177693.20  929.79  0.52
1018.3  177233.50  896.59  0.51
1019.5  177525.60  887.63  0.50
1020.8  177003.75  901.11  0.51
1022.0  176733.90  807.30  0.46
1023.2  175869.80  845.96  0.48
1024.4  176103.25  840.75  0.48
1025.7  176358.00  905.00  0.51
1026.9  176001.60  927.58  0.53
1028.1  176849.25  902.54  0.51
1029.3  176200.65  874.76  0.50
1030.6  175565.50  871.42  0.50
1031.8  176900.10  818.49  0.46
1033.0  176306.00  786.60  0.45
1034.2  175675.50  836.55  0.48
1035.4  175015.10  889.42  0.51
1036.7  175441.70  884.58  0.50
1037.9  175896.60  849.16  0.48
1039.1  176003.15  903.38  0.51
1040.3  176478.50  930.52  0.53
1041.5  176127.35  855.95  0.49
1042.7  177455.25  845.03  0.48
1043.9  177128.10  903.01  0.51
1045.2  176358.60  855.07  0.48
1046.4  175555.20  987.50  0.56
1047.6  174272.70  899.47  0.52
1048.8  174847.40  960.70  0.55
1050.0  175463.50  828.03  0.47
1051.2  176083.65  850.06  0.48
1052.4  176251.75  829.42  0.47
1053.6  175930.95  890.25  0.51
1054.8  176118.30  826.23  0.47
1056.0  176320.10  803.48  0.46
1057.2  175448.35  865.85  0.49
1058.4  174547.50  791.28  0.45
1059.7  174170.70  763.49  0.44
1060.9  173186.75  731.78  0.42
1062.1  170238.00  851.19  0.50
1063.3  172277.10  822.82  0.48
1064.5  174438.00  1057.20  0.61
1065.7  173372.80  975.22  0.56
1066.9  174377.70  830.37  0.48
1068.1  176114.10  908.98  0.52
1069.3  171436.30  755.48  0.44
1070.5  172474.60  773.16  0.45
1071.7  170497.60  974.27  0.57
1072.9  171550.50  748.58  0.44
1074.1  170970.05  774.20  0.45
1075.3  171941.40  943.99  0.55
1076.5  171150.20  855.75  0.50
