/*** Spectra Vista SIG Data ***/
name= 230503_1735_R894_T897.sig
instrument= HK: 9202056 (HR-512i)
integration= 10.0, 0.0, 0.0, 500.0, 0.0, 0.0
scan method= Time-based, Time-based
scan coadds= 300, 0, 0, 6, 0, 0
scan time= 3, 3
scan settings= AI, AI
external data set1= 0,0,0,0,0,0,0,0,0,0,0,0,0,0,0,0,0,0,0,0,0,0,0,0,0,0,0,0,0,0,0,0
external data set2= 0,0,0,0,0,0,0,0,0,0,0,0,0,0,0,0,0,0,0,0,0,0,0,0,0,0,0,0,0,0,0,0
external data dark= 0,0,0,0,0,0,0,0,0,0,0,0,0,0,0,0
external data mask= 0
optic= LENS 4(1), LENS 4(1)
temp= 21.5, 0.0, 0.0, 22.8, 0.0, 0.0
battery= 8.33, 8.26
error= 0, 0
units= Radiance, Radiance
time= 5/3/2023 5:33:55 PM, 5/3/2023 5:35:19 PM
longitude= 07756.1981W     , 07756.1992W     
latitude= 3406.5871N      , 3406.5895N      
gpstime= 184249.375      , 184413.000      
comm= 
memory slot= 894, 897
factors= 1.000, 1.000, 1.000 [Overlap: Preserve, Matching Type: None]
inclinometer x offset= 4, 6
inclinometer y offset= -11, 12
data= 
339.7  72299.70  2481.93  3.43
341.4  78557.60  2680.00  3.41
343.0  82392.75  2776.39  3.37
344.7  84612.00  2810.79  3.32
346.4  88951.10  2924.21  3.29
348.0  93670.85  3038.05  3.24
349.7  98701.20  3161.81  3.20
351.3  107055.20  3400.10  3.18
353.0  113243.90  3537.70  3.12
354.6  121383.30  3728.67  3.07
356.2  122222.10  3692.07  3.02
357.9  114729.00  3406.80  2.97
359.5  115554.80  3354.90  2.90
361.2  124746.00  3566.27  2.86
362.8  131677.70  3713.36  2.82
364.5  140644.65  3926.89  2.79
366.1  153687.10  4238.22  2.76
367.7  163292.40  4467.02  2.74
369.4  165299.75  4489.95  2.72
371.0  167157.90  4511.96  2.70
372.6  163672.50  4394.43  2.68
374.3  155861.25  4160.97  2.67
375.9  158171.20  4195.68  2.65
377.5  172723.20  4547.48  2.63
379.1  184094.90  4826.75  2.62
380.8  180667.20  4713.52  2.61
382.4  168601.50  4390.47  2.60
384.0  151528.50  3939.74  2.60
385.6  157496.20  4066.55  2.58
387.3  167263.20  4296.24  2.57
388.9  175664.60  4495.00  2.56
390.5  189970.00  4832.15  2.54
392.1  198218.25  5021.64  2.53
393.8  180080.00  4571.20  2.54
395.4  181430.55  4557.61  2.51
397.0  192365.55  4810.98  2.50
398.6  215821.00  5352.64  2.48
400.2  264140.60  6496.01  2.46
401.8  296490.25  7253.30  2.45
403.4  312995.20  7608.08  2.43
405.0  315240.00  7605.60  2.41
406.6  313062.75  7495.95  2.39
408.3  315479.85  7483.81  2.37
409.9  322457.60  7575.82  2.35
411.5  327267.00  7630.02  2.33
413.1  339200.00  7847.00  2.31
414.7  344813.70  7934.72  2.30
416.3  348521.25  7996.12  2.29
417.9  348175.80  7970.99  2.29
419.5  345403.05  7892.54  2.29
421.1  347921.20  7925.70  2.28
422.7  350325.80  7962.06  2.27
424.3  347936.30  7899.43  2.27
425.9  347699.00  7888.67  2.27
427.5  343018.00  7775.97  2.27
429.1  333178.30  7546.17  2.26
430.7  313257.30  7100.14  2.27
432.3  317422.95  7157.64  2.25
433.9  341137.30  7660.52  2.25
435.5  356756.80  7988.22  2.24
437.1  375288.00  8381.28  2.23
438.7  376200.35  8400.68  2.23
440.3  377074.60  8402.16  2.23
441.9  390226.50  8668.98  2.22
443.5  406378.05  9001.15  2.21
445.0  415981.25  9179.88  2.21
446.6  418420.75  9203.30  2.20
448.2  427537.75  9370.02  2.19
449.8  439242.70  9604.02  2.19
451.4  451115.40  9852.47  2.18
453.0  449358.80  9812.66  2.18
454.6  443164.05  9676.74  2.18
456.2  445192.70  9712.85  2.18
457.8  450064.45  9817.16  2.18
459.3  450605.25  9833.24  2.18
460.9  452217.70  9876.26  2.18
462.5  458265.60  10009.06  2.18
464.1  458836.80  10027.82  2.19
465.7  454675.20  9953.57  2.19
467.2  450532.00  9872.91  2.19
468.8  448776.00  9834.05  2.19
470.4  447322.50  9802.62  2.19
472.0  449458.65  9846.21  2.19
473.6  454819.20  9948.37  2.19
475.1  458346.35  10013.87  2.18
476.7  459209.90  10028.22  2.18
478.3  462630.15  10098.41  2.18
479.9  466198.20  10188.40  2.19
481.5  468861.70  10269.60  2.19
483.0  468090.15  10280.13  2.20
484.6  459148.80  10116.86  2.20
486.2  438190.90  9690.10  2.21
487.8  426837.60  9441.68  2.21
489.3  435337.50  9622.50  2.21
490.9  444912.00  9835.68  2.21
492.5  446179.80  9886.12  2.22
494.0  449607.00  9969.61  2.22
495.6  453905.55  10073.81  2.22
497.2  455250.50  10118.90  2.22
498.8  450447.25  10036.73  2.23
500.3  443500.70  9903.38  2.23
501.9  435283.25  9735.22  2.24
503.5  433721.60  9695.87  2.24
505.0  435751.10  9740.20  2.24
506.6  439401.60  9835.29  2.24
508.2  437626.80  9823.03  2.24
509.7  436437.00  9819.51  2.25
511.3  435863.25  9833.50  2.26
512.9  431657.10  9767.09  2.26
514.4  423736.50  9619.09  2.27
516.0  414480.00  9437.40  2.28
517.5  401477.40  9181.28  2.29
519.1  400907.65  9181.50  2.29
520.7  409670.80  9387.84  2.29
522.2  414586.50  9517.83  2.30
523.8  420189.15  9662.28  2.30
525.4  422779.35  9740.62  2.30
526.9  417525.00  9647.32  2.31
528.5  420817.20  9735.31  2.31
530.0  428002.35  9915.19  2.32
531.6  430998.40  10008.16  2.32
533.2  428555.60  9979.74  2.33
534.7  430892.00  10055.36  2.33
536.3  431789.60  10100.85  2.34
537.8  429929.85  10084.51  2.35
539.4  426447.60  10025.42  2.35
541.0  422500.80  9950.90  2.36
542.5  422832.00  9968.57  2.36
544.1  426026.00  10057.32  2.36
545.6  427710.75  10114.88  2.36
547.2  427386.10  10131.27  2.37
548.7  427560.00  10155.04  2.38
550.3  428386.70  10197.06  2.38
551.8  428992.20  10233.78  2.39
553.4  430401.40  10290.28  2.39
554.9  432401.80  10360.07  2.40
556.5  430904.40  10351.40  2.40
558.0  427160.00  10286.06  2.41
559.6  423610.25  10222.70  2.41
561.1  425898.65  10292.13  2.42
562.7  428663.40  10373.02  2.42
564.2  431961.70  10464.32  2.42
565.8  431436.00  10464.36  2.43
567.3  431148.05  10472.22  2.43
568.9  430844.50  10469.85  2.43
570.4  428645.25  10436.53  2.43
572.0  429270.00  10467.92  2.44
573.5  432724.95  10563.11  2.44
575.1  433899.20  10611.42  2.45
576.6  433191.50  10615.83  2.45
578.2  431705.25  10596.32  2.45
579.7  431283.00  10609.32  2.46
581.2  433596.20  10689.69  2.47
582.8  437406.60  10805.59  2.47
584.3  438594.50  10857.23  2.48
585.9  436624.20  10822.84  2.48
587.4  432410.40  10704.31  2.48
588.9  422606.00  10437.43  2.47
590.5  416166.30  10239.15  2.46
592.0  417489.45  10241.72  2.45
593.6  419627.00  10282.64  2.45
595.1  420350.70  10294.79  2.45
596.6  421296.80  10312.43  2.45
598.2  421691.25  10312.41  2.45
599.7  420494.85  10270.35  2.44
601.2  418650.05  10210.49  2.44
602.8  418174.50  10182.35  2.43
604.3  419778.70  10205.65  2.43
605.8  421295.60  10240.26  2.43
607.4  421070.40  10237.35  2.43
608.9  418799.55  10191.63  2.43
610.5  416331.30  10140.38  2.44
612.0  414181.95  10095.38  2.44
613.5  411389.00  10038.88  2.44
615.0  408841.65  9985.67  2.44
616.6  405478.40  9915.12  2.45
618.1  405669.60  9928.55  2.45
619.6  407854.00  9990.20  2.45
621.2  409313.00  10031.32  2.45
622.7  407846.40  10009.34  2.45
624.2  405305.10  9955.19  2.46
625.8  402002.95  9877.72  2.46
627.3  399996.75  9821.92  2.46
628.8  397596.15  9753.82  2.45
630.3  395944.45  9720.63  2.46
631.8  395020.60  9717.14  2.46
633.4  395929.60  9764.74  2.47
634.9  397076.65  9819.16  2.47
636.4  398489.95  9883.48  2.48
638.0  400528.50  9962.13  2.49
639.5  400512.00  9989.28  2.49
641.0  399318.15  9989.52  2.50
642.5  398647.20  9993.51  2.51
644.0  398137.00  9994.92  2.51
645.5  396887.80  9969.39  2.51
647.1  394754.40  9906.79  2.51
648.6  392290.40  9835.36  2.51
650.1  390373.50  9797.84  2.51
651.6  390840.25  9821.58  2.51
653.1  391563.15  9850.10  2.52
654.7  388527.05  9772.91  2.52
656.2  377293.95  9489.04  2.52
657.7  371416.80  9310.67  2.51
659.2  376183.60  9397.00  2.50
660.7  382620.75  9531.86  2.49
662.2  388407.50  9660.40  2.49
663.7  391039.95  9713.26  2.48
665.2  391742.80  9724.42  2.48
666.8  391972.40  9731.90  2.48
668.3  391689.00  9734.03  2.49
669.8  391355.25  9739.09  2.49
671.3  390394.10  9728.67  2.49
672.8  389715.45  9721.87  2.49
674.3  389170.10  9711.54  2.50
675.8  389001.50  9716.20  2.50
677.3  388615.50  9707.98  2.50
678.8  388163.60  9700.99  2.50
680.3  387333.80  9682.82  2.50
681.8  386174.95  9663.09  2.50
683.3  383799.90  9604.07  2.50
684.8  378967.20  9487.09  2.50
686.3  364115.60  9095.84  2.50
687.8  344853.60  8575.48  2.49
689.3  337063.30  8338.11  2.47
690.8  337548.00  8321.95  2.47
692.3  343013.70  8439.49  2.46
693.8  347122.40  8505.39  2.45
695.3  350101.70  8550.46  2.44
696.8  354116.20  8634.57  2.44
698.3  354984.00  8628.48  2.43
699.8  353105.60  8524.88  2.41
701.3  350087.90  8393.15  2.40
702.8  349810.60  8325.99  2.38
704.2  351475.40  8299.19  2.36
705.7  353438.40  8275.84  2.34
707.2  354320.05  8221.68  2.32
708.7  354469.20  8134.96  2.29
710.2  354640.75  8037.81  2.27
711.7  353849.00  7907.30  2.23
713.2  352366.40  7741.98  2.20
714.7  349479.60  7524.44  2.15
716.2  340769.20  7156.48  2.10
717.6  323028.00  6569.64  2.03
719.1  304983.40  6004.28  1.97
720.6  300179.20  5739.20  1.91
722.1  306453.50  5749.75  1.88
723.6  307249.90  5643.95  1.84
725.0  304310.70  5448.28  1.79
726.5  303105.30  5290.31  1.75
728.0  302487.75  5153.09  1.70
729.5  302297.20  5022.90  1.66
731.0  304773.45  4932.67  1.62
732.4  310850.10  4922.21  1.58
733.9  318659.25  4966.69  1.56
735.4  323528.15  4975.00  1.54
736.8  325584.00  4940.76  1.52
738.3  326206.80  4902.28  1.50
739.8  325998.75  4876.41  1.50
741.2  325428.30  4851.82  1.49
742.7  325988.80  4858.88  1.49
744.2  327810.00  4875.70  1.49
745.7  328600.50  4884.57  1.49
747.1  329245.50  4889.43  1.49
748.6  328719.75  4875.76  1.48
750.0  327085.45  4844.72  1.48
751.5  325479.70  4809.79  1.48
753.0  324553.15  4787.36  1.48
754.4  324198.00  4774.00  1.47
755.9  323062.50  4747.50  1.47
757.3  320230.95  4695.96  1.47
758.8  299536.90  4372.76  1.46
760.3  236715.00  3418.50  1.44
761.7  186758.00  2605.47  1.40
763.2  171534.00  2288.88  1.33
764.6  176356.80  2312.35  1.31
766.1  203750.40  2708.16  1.33
767.5  239374.80  3269.01  1.37
769.0  269821.50  3779.83  1.40
770.4  289672.75  4121.76  1.42
771.9  300300.00  4324.60  1.44
773.3  305569.25  4421.88  1.45
774.8  307307.00  4463.03  1.45
776.2  308070.30  4482.60  1.46
777.7  308034.65  4492.87  1.46
779.1  307174.00  4487.36  1.46
780.5  306470.55  4486.51  1.46
782.0  305751.35  4482.74  1.47
783.4  304512.00  4468.22  1.47
784.9  303342.20  4459.50  1.47
786.3  302355.60  4442.74  1.47
787.8  300395.70  4417.30  1.47
789.2  297734.10  4366.44  1.47
790.6  294723.60  4320.75  1.47
792.0  292049.80  4296.61  1.47
793.5  289332.00  4273.99  1.48
794.9  287846.55  4270.00  1.48
796.3  287730.90  4274.91  1.49
797.8  288275.00  4291.31  1.49
799.2  288320.00  4303.18  1.49
800.6  286982.80  4297.87  1.50
802.1  285570.45  4278.44  1.50
803.5  284367.60  4266.46  1.50
804.9  283405.20  4271.28  1.51
806.3  283572.75  4277.54  1.51
807.8  283147.50  4283.97  1.51
809.2  281222.15  4254.21  1.51
810.6  278966.25  4202.48  1.51
812.0  275748.00  4121.60  1.49
813.4  268918.75  3969.50  1.48
814.8  258131.45  3747.17  1.45
816.3  246727.80  3531.59  1.43
817.7  239028.40  3383.07  1.42
819.1  236278.35  3311.76  1.40
820.5  239778.00  3374.91  1.41
821.9  242093.05  3393.76  1.40
823.3  236074.30  3260.64  1.38
824.7  239324.90  3277.53  1.37
826.1  246153.60  3341.18  1.36
827.5  248120.25  3326.64  1.34
828.9  246228.75  3237.24  1.31
830.3  245962.75  3182.14  1.29
831.7  246205.80  3135.91  1.27
833.2  246408.60  3094.74  1.26
834.5  248584.00  3088.39  1.24
835.9  252356.00  3127.02  1.24
837.3  255802.25  3155.41  1.23
838.7  257922.50  3175.30  1.23
840.1  259659.60  3198.46  1.23
841.5  260411.40  3201.71  1.23
842.9  260249.25  3199.67  1.23
844.3  259532.00  3202.29  1.23
845.7  259842.40  3195.73  1.23
847.1  259753.00  3193.89  1.23
848.5  258389.25  3152.38  1.22
849.9  253271.60  3098.00  1.22
851.2  250158.15  3031.35  1.21
852.6  249224.55  3012.75  1.21
854.0  240754.80  2910.77  1.21
855.4  235501.70  2834.68  1.20
856.8  241169.50  2894.03  1.20
858.2  246536.55  2952.29  1.20
859.5  249120.00  2989.44  1.20
860.9  249835.20  2971.39  1.19
862.3  250134.00  2973.22  1.19
863.7  250153.30  2957.34  1.18
865.0  246998.25  2929.81  1.19
866.4  237489.00  2813.05  1.18
867.8  234554.10  2785.56  1.19
869.1  237384.60  2788.99  1.17
870.5  240597.00  2814.60  1.17
871.9  242204.90  2829.91  1.17
873.2  242472.30  2825.91  1.17
874.6  241285.80  2816.98  1.17
876.0  240519.40  2808.40  1.17
877.3  240326.45  2783.16  1.16
878.7  240051.90  2760.49  1.15
880.0  238597.20  2731.58  1.14
881.4  236883.00  2701.82  1.14
882.8  237142.95  2689.47  1.13
884.1  237442.50  2685.83  1.13
885.5  236576.85  2674.35  1.13
886.8  234727.35  2642.07  1.13
888.2  233997.05  2638.36  1.13
889.5  234191.65  2612.23  1.12
890.9  233883.20  2605.86  1.11
892.2  231984.25  2559.99  1.10
893.6  228024.30  2487.97  1.09
894.9  221923.80  2389.21  1.08
896.2  211920.75  2257.58  1.07
897.6  201966.00  2091.00  1.04
898.9  191865.50  1956.08  1.02
900.3  184833.35  1866.03  1.01
901.6  181645.80  1844.64  1.02
903.0  185730.40  1878.06  1.01
904.3  195862.30  2011.13  1.03
905.6  200982.60  2057.68  1.02
907.0  196647.75  1996.15  1.02
908.3  188271.20  1882.71  1.00
909.6  182839.55  1825.62  1.00
911.0  181936.40  1788.43  0.98
912.3  182274.75  1791.37  0.98
913.6  179789.10  1745.86  0.97
914.9  178265.60  1729.88  0.97
916.2  176952.40  1704.21  0.96
917.6  177230.10  1685.04  0.95
918.9  180648.80  1727.15  0.96
920.2  186877.60  1819.27  0.97
921.5  189728.00  1862.78  0.98
922.9  188892.00  1838.04  0.97
924.2  187401.55  1825.63  0.97
925.5  186205.25  1767.15  0.95
926.8  185699.80  1767.30  0.95
928.1  178848.50  1646.76  0.92
929.4  165007.05  1488.84  0.90
930.7  147531.20  1307.50  0.89
932.0  126342.60  1099.25  0.87
933.4  106550.80  875.76  0.82
934.7  92889.45  746.10  0.80
936.0  87986.00  697.82  0.79
937.3  86262.40  670.07  0.78
938.6  94210.60  731.88  0.78
939.9  109254.00  864.60  0.79
941.2  116216.00  883.56  0.76
942.5  115105.20  907.87  0.79
943.8  108816.25  844.05  0.78
945.1  104383.20  808.13  0.77
946.4  103430.80  794.96  0.77
947.7  105847.20  815.54  0.77
949.0  107701.60  821.00  0.76
950.2  109882.50  843.18  0.77
951.5  112139.10  838.76  0.75
952.8  111607.10  833.58  0.75
954.1  113486.90  857.04  0.76
955.4  113044.00  871.78  0.77
956.7  115347.90  905.26  0.78
958.0  119150.40  929.47  0.78
959.3  119282.10  936.14  0.78
960.5  122832.00  972.42  0.79
961.8  127547.00  1009.96  0.79
963.1  131464.80  1017.79  0.77
964.4  134787.50  1067.52  0.79
965.7  137686.05  1119.04  0.81
966.9  142455.75  1150.82  0.81
968.2  152532.20  1263.51  0.83
969.5  161017.60  1355.33  0.84
970.8  165790.00  1404.20  0.85
972.0  167860.35  1480.06  0.88
973.3  164498.40  1399.46  0.85
974.6  160243.20  1389.61  0.87
975.8  157598.35  1365.43  0.87
977.1  158095.80  1340.24  0.85
978.4  159939.65  1367.12  0.85
979.6  161042.70  1420.97  0.88
980.9  165089.25  1478.21  0.90
982.2  168435.25  1564.55  0.93
983.4  171912.70  1553.69  0.90
984.7  173176.80  1585.01  0.92
985.9  175418.10  1559.27  0.89
987.2  176992.20  1578.37  0.89
988.5  177661.55  1659.22  0.93
989.7  178556.10  1697.48  0.95
991.0  178454.80  1751.80  0.98
992.2  179171.50  1724.74  0.96
993.5  179071.20  1679.33  0.94
994.7  179631.25  1699.93  0.95
996.0  179330.00  1649.84  0.92
997.2  179458.50  1656.54  0.92
998.5  178652.25  1720.36  0.96
999.7  178544.40  1727.22  0.97
1001.0  177181.20  1732.00  0.98
1002.2  175035.80  1689.30  0.97
1003.4  173686.80  1674.84  0.96
1004.7  170387.80  1641.54  0.96
1005.9  168447.60  1663.68  0.99
1007.2  168925.05  1678.89  0.99
1008.4  167678.10  1666.49  0.99
1009.6  168149.20  1578.96  0.94
1010.9  168390.75  1632.88  0.97
1012.1  168060.75  1711.16  1.02
1013.3  168201.00  1794.14  1.07
1014.6  168564.00  1695.86  1.01
1015.8  167335.80  1663.09  0.99
1017.1  167362.20  1673.62  1.00
1018.3  166808.00  1668.08  1.00
1019.5  166958.60  1711.85  1.03
1020.8  167349.00  1759.31  1.05
1022.0  165824.40  1767.34  1.07
1023.2  164738.80  1758.70  1.07
1024.4  165877.90  1795.12  1.08
1025.7  165915.75  1717.17  1.03
1026.9  166488.00  1712.45  1.03
1028.1  167092.05  1756.30  1.05
1029.3  166203.45  1749.51  1.05
1030.6  165313.50  1742.84  1.05
1031.8  166338.90  1716.20  1.03
1033.0  165456.40  1790.18  1.08
1034.2  164521.50  1812.53  1.10
1035.4  164973.25  1836.22  1.11
1036.7  165121.60  1798.65  1.09
1037.9  165282.15  1819.62  1.10
1039.1  166657.85  1744.46  1.05
1040.3  166852.40  1796.87  1.08
1041.5  166251.05  1744.81  1.05
1042.7  165624.90  1757.65  1.06
1043.9  166708.80  1806.01  1.08
1045.2  165670.20  1959.54  1.18
1046.4  164583.00  1938.42  1.18
1047.6  163029.30  1836.42  1.13
1048.8  163319.00  1844.54  1.13
1050.0  165606.00  1813.78  1.10
1051.2  165963.90  1942.99  1.17
1052.4  165884.00  1949.14  1.18
1053.6  165332.70  1907.69  1.15
1054.8  165246.80  1913.38  1.16
1056.0  165160.60  2008.71  1.22
1057.2  164055.60  1868.41  1.14
1058.4  165238.30  1908.39  1.15
1059.7  162241.20  1813.28  1.12
1060.9  160990.50  1902.62  1.18
1062.1  160224.00  1902.66  1.19
1063.3  159420.60  1799.91  1.13
1064.5  161223.00  1744.38  1.08
1065.7  159828.05  1787.91  1.12
1066.9  160538.20  1826.81  1.14
1068.1  159070.80  1988.39  1.25
1069.3  159813.50  1801.53  1.13
1070.5  160579.80  1903.17  1.19
1071.7  158319.20  1765.87  1.12
1072.9  159074.10  1933.84  1.22
1074.1  158066.65  2064.54  1.31
1075.3  158455.80  1955.41  1.23
1076.5  157984.80  1974.81  1.25
