/*** Spectra Vista SIG Data ***/
name= 230503_1825_R906_T912.sig
instrument= HK: 9202056 (HR-512i)
integration= 10.0, 0.0, 0.0, 70.0, 0.0, 0.0
scan method= Time-based, Time-based
scan coadds= 300, 0, 0, 42, 0, 0
scan time= 3, 3
scan settings= AI, AI
external data set1= 0,0,0,0,0,0,0,0,0,0,0,0,0,0,0,0,0,0,0,0,0,0,0,0,0,0,0,0,0,0,0,0
external data set2= 0,0,0,0,0,0,0,0,0,0,0,0,0,0,0,0,0,0,0,0,0,0,0,0,0,0,0,0,0,0,0,0
external data dark= 0,0,0,0,0,0,0,0,0,0,0,0,0,0,0,0
external data mask= 0
optic= LENS 4(1), LENS 4(1)
temp= 21.2, 0.0, 0.0, 24.8, 0.0, 0.0
battery= 8.28, 8.26
error= 0, 0
units= Radiance, Radiance
time= 5/3/2023 6:22:26 PM, 5/3/2023 6:25:37 PM
longitude= 07757.5909W     , 07757.6293W     
latitude= 3409.6846N      , 3409.5531N      
gpstime= 193119.000      , 193430.000      
comm= 
memory slot= 906, 912
factors= 1.000, 1.000, 1.000 [Overlap: Preserve, Matching Type: None]
inclinometer x offset= 3, 2
inclinometer y offset= -11, 8
data= 
339.7  56652.75  39592.69  69.89
341.4  61525.20  42705.14  69.41
343.0  64582.60  44299.48  68.59
344.7  66343.50  44755.54  67.46
346.4  69966.70  46454.91  66.40
348.0  73819.10  48295.42  65.42
349.7  77781.60  50082.69  64.39
351.3  84387.90  53547.11  63.45
353.0  89311.60  55714.70  62.38
354.6  96013.80  58768.03  61.21
356.2  96812.10  58152.60  60.07
357.9  91182.00  53463.86  58.63
359.5  91977.20  52523.31  57.10
361.2  99307.60  55681.44  56.07
362.8  105049.00  57811.85  55.03
364.5  112248.75  60761.68  54.13
366.1  122755.60  65276.73  53.18
367.7  130730.40  68294.06  52.24
369.4  132717.20  67927.20  51.18
371.0  134507.10  67447.90  50.14
372.6  131997.75  64829.79  49.11
374.3  125856.50  60476.50  48.05
375.9  127824.40  60069.59  46.99
377.5  139775.35  64449.91  46.11
379.1  149070.90  67655.74  45.38
380.8  146832.00  65329.60  44.49
382.4  137137.50  59926.50  43.70
384.0  123631.20  52784.10  42.69
385.6  128560.40  53710.17  41.78
387.3  136656.00  56186.74  41.12
388.9  143840.00  58139.61  40.42
390.5  155861.75  61875.94  39.70
392.1  162920.25  63686.25  39.09
393.8  148320.00  57028.57  38.45
395.4  149927.40  56162.55  37.46
397.0  158798.90  58571.13  36.88
398.6  178772.90  64414.89  36.03
400.2  219117.40  77625.54  35.43
401.8  246568.00  85997.25  34.88
403.4  261037.00  89498.40  34.29
405.0  263460.00  88722.86  33.68
406.6  262242.75  86616.75  33.03
408.3  264894.00  85708.95  32.36
409.9  271216.00  86050.97  31.73
411.5  275931.00  85868.04  31.12
413.1  286550.00  87507.14  30.54
414.7  291780.30  87567.90  30.01
416.3  295506.75  87142.00  29.49
417.9  295627.80  85739.96  29.00
419.5  293629.95  83724.75  28.51
421.1  296218.80  83007.54  28.02
422.7  298535.60  82351.97  27.59
424.3  296934.00  80631.43  27.15
425.9  297069.85  79422.44  26.74
427.5  293327.00  77267.64  26.34
429.1  285191.90  74027.26  25.96
430.7  268269.45  68723.64  25.62
432.3  272323.35  68438.31  25.13
433.9  292686.80  72441.40  24.75
435.5  306416.65  74779.12  24.40
437.1  322658.00  77617.71  24.06
438.7  323615.25  76888.18  23.76
440.3  324770.95  76038.40  23.41
441.9  336332.25  77571.00  23.06
443.5  350471.75  79684.88  22.74
445.0  359057.50  80555.71  22.44
446.6  361446.80  80013.45  22.14
448.2  369653.90  80661.88  21.82
449.8  380005.60  81809.28  21.53
451.4  390631.10  82976.15  21.24
453.0  389294.40  81716.72  20.99
454.6  384333.75  79581.73  20.71
456.2  386337.95  78889.06  20.42
457.8  390820.90  78719.14  20.14
459.3  391500.15  77833.14  19.88
460.9  393243.40  77120.69  19.61
462.5  398738.40  77158.63  19.35
464.1  399472.80  76325.14  19.11
465.7  396127.20  74739.77  18.87
467.2  392748.50  73157.89  18.63
468.8  391418.85  71944.69  18.38
470.4  390339.00  70834.50  18.15
472.0  392444.10  70255.11  17.90
473.6  397284.25  70193.67  17.67
475.1  400538.70  69844.01  17.44
476.7  401406.70  69078.00  17.21
478.3  404599.20  68733.17  16.99
479.9  407943.00  68501.31  16.79
481.5  410550.60  68191.70  16.61
483.0  410192.45  67411.12  16.43
484.6  402624.00  65488.46  16.27
486.2  384437.55  61906.55  16.10
487.8  374749.20  59583.60  15.90
489.3  382350.00  60005.36  15.69
490.9  390934.80  60641.31  15.51
492.5  392268.25  60197.11  15.35
494.0  395514.00  59990.36  15.17
495.6  399470.05  59915.10  15.00
497.2  400848.60  59469.29  14.84
498.8  396773.20  58228.49  14.68
500.3  390756.70  56714.67  14.51
501.9  383634.25  55064.21  14.35
503.5  382278.00  54200.71  14.18
505.0  384158.65  53822.14  14.01
506.6  387465.75  53705.06  13.86
508.2  386110.80  52987.89  13.72
509.7  385348.95  52361.49  13.59
511.3  385067.75  51823.13  13.46
512.9  381573.45  50873.21  13.33
514.4  374814.50  49484.07  13.20
516.0  366570.00  47961.43  13.08
517.5  355197.15  46073.51  12.97
519.1  354929.90  45550.05  12.83
520.7  362824.00  46094.40  12.70
522.2  367311.50  46224.93  12.58
523.8  372349.55  46405.79  12.46
525.4  374627.75  46279.41  12.35
526.9  370029.70  45310.36  12.25
528.5  373078.65  45203.36  12.12
530.0  379469.25  45537.13  12.00
531.6  382178.80  45452.17  11.89
533.2  380081.30  44806.76  11.79
534.7  382256.00  44640.00  11.68
536.3  383111.80  44344.97  11.57
537.8  381597.65  43789.70  11.48
539.4  378589.20  43075.71  11.38
541.0  375166.80  42291.09  11.27
542.5  375525.60  41920.46  11.16
544.1  378437.40  41858.66  11.06
545.6  379980.75  41664.64  10.96
547.2  379790.45  41297.57  10.87
548.7  380072.00  40984.00  10.78
550.3  380925.80  40733.05  10.69
551.8  381534.30  40455.45  10.60
553.4  382868.20  40236.11  10.51
554.9  384745.70  40076.04  10.42
556.5  383483.60  39603.54  10.33
558.0  380225.50  38935.79  10.24
559.6  377081.25  38284.00  10.15
561.1  379080.75  38146.33  10.06
562.7  381590.55  38054.56  9.97
564.2  384483.55  38029.24  9.89
565.8  384022.00  37648.60  9.80
567.3  383784.35  37277.24  9.71
568.9  383393.70  36884.81  9.62
570.4  381480.30  36368.42  9.53
572.0  382068.75  36082.93  9.44
573.5  385162.05  36031.05  9.35
575.1  386232.00  35832.91  9.28
576.6  385733.50  35480.21  9.20
578.2  384504.25  35085.49  9.12
579.7  384360.15  34812.02  9.06
581.2  386666.30  34778.69  8.99
582.8  390325.95  34869.06  8.93
584.3  391604.50  34752.64  8.87
585.9  390047.10  34365.34  8.81
587.4  386143.20  33742.29  8.74
588.9  377018.00  32637.71  8.66
590.5  371051.00  31771.27  8.56
592.0  372097.80  31552.91  8.48
593.6  374030.80  31458.14  8.41
595.1  374827.20  31289.19  8.35
596.6  375888.80  31166.40  8.29
598.2  376516.25  31026.79  8.24
599.7  375771.05  30773.90  8.19
601.2  374462.55  30481.80  8.14
602.8  374325.00  30266.85  8.09
604.3  375944.80  30191.90  8.03
605.8  377529.80  30108.06  7.98
607.4  377439.75  29904.62  7.92
608.9  375552.55  29545.14  7.87
610.5  373474.75  29169.41  7.81
612.0  371685.60  28824.90  7.76
613.5  369333.75  28437.71  7.70
615.0  367122.35  28066.10  7.64
616.6  364193.60  27652.11  7.59
618.1  364505.40  27464.40  7.53
619.6  366586.00  27408.86  7.48
621.2  367904.20  27307.54  7.42
622.7  366681.60  27033.60  7.37
624.2  364437.90  26680.89  7.32
625.8  361456.00  26268.99  7.27
627.3  359569.25  25910.61  7.21
628.8  357215.60  25526.70  7.15
630.3  355794.70  25248.40  7.10
631.8  355083.30  25043.57  7.05
633.4  356206.40  25001.43  7.02
634.9  357381.30  24981.86  6.99
636.4  358918.00  24987.21  6.96
638.0  361038.60  25025.96  6.93
639.5  361158.00  24948.00  6.91
641.0  360313.80  24805.00  6.88
642.5  359790.20  24668.40  6.86
644.0  359437.00  24534.57  6.83
645.5  358220.90  24322.23  6.79
647.1  356124.80  24054.74  6.75
648.6  353614.50  23768.71  6.72
650.1  351920.25  23572.61  6.70
651.6  352408.00  23579.49  6.69
653.1  353203.50  23623.65  6.69
654.7  350625.40  23425.00  6.68
656.2  340547.90  22704.99  6.67
657.7  335544.80  22271.66  6.64
659.2  339931.80  22498.08  6.62
660.7  345996.50  22797.21  6.59
662.2  351466.70  23019.29  6.55
663.7  354024.15  23055.28  6.51
665.2  354779.50  22972.49  6.48
666.8  355090.65  22840.86  6.43
668.3  355014.00  22682.61  6.39
669.8  354740.65  22517.00  6.35
671.3  353912.80  22333.49  6.31
672.8  353468.60  22139.47  6.26
674.3  353092.40  21941.74  6.21
675.8  352995.00  21779.93  6.17
677.3  352743.30  21622.60  6.13
678.8  352335.50  21470.27  6.09
680.3  351612.90  21301.04  6.06
681.8  350659.75  21124.90  6.02
683.3  348535.55  20859.85  5.98
684.8  344104.80  20428.63  5.94
686.3  329969.60  19426.83  5.89
687.8  311766.00  18135.00  5.82
689.3  304423.00  17450.55  5.73
690.8  304869.60  17285.49  5.67
692.3  309799.15  17419.22  5.62
693.8  313312.50  17465.93  5.57
695.3  316058.60  17464.76  5.53
696.8  320171.40  17590.60  5.49
698.3  321328.00  17552.00  5.46
699.8  319669.25  17355.85  5.43
701.3  316970.00  17105.45  5.40
702.8  316809.60  17026.04  5.37
704.2  318603.60  17069.97  5.36
705.7  320635.20  17121.37  5.34
707.2  321715.55  17126.91  5.32
708.7  322108.80  17126.14  5.32
710.2  322463.85  17096.36  5.30
711.7  321909.50  17028.29  5.29
713.2  320635.20  16906.97  5.27
714.7  317796.60  16685.36  5.25
716.2  309027.20  16116.94  5.22
717.6  291276.00  15004.29  5.15
719.1  273547.40  13913.91  5.09
720.6  269062.40  13568.91  5.04
722.1  275443.00  13913.07  5.05
723.6  276180.30  13917.24  5.04
725.0  273182.40  13693.63  5.01
726.5  271947.00  13573.76  4.99
728.0  271325.70  13505.40  4.98
729.5  271494.80  13486.97  4.97
731.0  274000.10  13595.49  4.96
732.4  280331.70  13928.83  4.97
733.9  288342.95  14385.35  4.99
735.4  293447.00  14688.54  5.01
736.8  295773.00  14820.00  5.01
738.3  296728.90  14870.04  5.01
739.8  296950.50  14874.75  5.01
741.2  296809.65  14877.39  5.01
742.7  297664.80  14908.69  5.01
744.2  299527.20  14968.80  5.00
745.7  300397.50  14998.71  4.99
747.1  301067.10  15001.76  4.98
748.6  300750.00  14942.98  4.97
750.0  299368.40  14824.59  4.95
751.5  297923.60  14698.91  4.93
753.0  297040.30  14613.73  4.92
754.4  296732.00  14552.29  4.90
755.9  295687.50  14455.36  4.89
757.3  293119.45  14276.32  4.87
758.8  273313.10  13248.29  4.85
760.3  214075.50  10237.07  4.78
761.7  167168.00  7761.37  4.64
763.2  152196.00  6854.57  4.50
764.6  156643.20  6935.91  4.43
766.1  182448.00  8150.40  4.47
767.5  216305.80  9838.25  4.55
769.0  245298.50  11322.07  4.62
770.4  264327.25  12286.93  4.65
771.9  274680.00  12830.00  4.67
773.3  279816.25  13068.54  4.67
774.8  281567.00  13156.00  4.67
776.2  282403.80  13137.94  4.65
777.7  282359.00  13104.30  4.64
779.1  281644.00  13045.14  4.63
780.5  281062.50  12998.47  4.62
782.0  280493.30  12916.17  4.60
783.4  279321.60  12814.63  4.59
784.9  278290.60  12714.74  4.57
786.3  277218.40  12619.26  4.55
787.8  275322.80  12468.01  4.53
789.2  272558.65  12281.27  4.51
790.6  269616.30  12084.79  4.48
792.0  267059.80  11923.80  4.46
793.5  264713.40  11783.57  4.45
794.9  263608.65  11701.48  4.44
796.3  263360.25  11630.03  4.42
797.8  263882.50  11594.36  4.39
799.2  263902.90  11584.29  4.39
800.6  262525.60  11502.34  4.38
802.1  261191.35  11405.27  4.37
803.5  260055.40  11311.46  4.35
804.9  259355.20  11255.40  4.34
806.3  259624.00  11213.32  4.32
807.8  259502.20  11198.16  4.32
809.2  257677.50  11086.63  4.30
810.6  255333.75  10935.54  4.28
812.0  251933.40  10698.66  4.25
813.4  244800.00  10321.43  4.22
814.8  233820.20  9755.37  4.17
816.3  222648.75  9188.68  4.13
817.7  215326.80  8832.20  4.10
819.1  212980.10  8718.58  4.09
820.5  216793.50  8877.00  4.09
821.9  219092.45  9002.42  4.11
823.3  213278.45  8678.45  4.07
824.7  216641.80  8802.91  4.06
826.1  223361.60  9116.80  4.08
827.5  225199.50  9161.14  4.07
828.9  223451.00  9071.11  4.06
830.3  223344.00  9047.50  4.05
831.7  223787.70  9045.90  4.04
833.2  224189.25  9047.40  4.04
834.5  226562.70  9128.90  4.03
835.9  230274.85  9306.61  4.04
837.3  233800.75  9449.11  4.04
838.7  236028.75  9544.46  4.04
840.1  237734.70  9621.57  4.05
841.5  238746.80  9637.94  4.04
842.9  238721.55  9626.38  4.03
844.3  238303.00  9632.07  4.04
845.7  238618.40  9637.43  4.04
847.1  238849.80  9639.19  4.04
848.5  237674.50  9523.00  4.01
849.9  232902.50  9338.66  4.01
851.2  230151.90  9191.44  3.99
852.6  229117.95  9103.56  3.97
854.0  221349.70  8809.82  3.98
855.4  216681.55  8636.81  3.99
856.8  221774.75  8793.89  3.97
858.2  226888.80  8981.83  3.96
859.5  229225.00  9070.14  3.96
860.9  229862.40  9060.34  3.94
862.3  230265.20  9047.40  3.93
863.7  230593.25  9049.41  3.92
865.0  227369.25  8905.75  3.92
866.4  218710.80  8573.80  3.92
867.8  215909.10  8443.52  3.91
869.1  218892.00  8545.41  3.90
870.5  221502.00  8620.03  3.89
871.9  223068.20  8670.89  3.89
873.2  223293.70  8694.67  3.89
874.6  222466.30  8546.60  3.84
876.0  221663.00  8539.83  3.85
877.3  221433.50  8561.32  3.87
878.7  221127.50  8492.47  3.84
880.0  219859.20  8417.23  3.83
881.4  218337.00  8309.57  3.81
882.8  218572.80  8355.04  3.82
884.1  218628.75  8341.07  3.82
885.5  217974.60  8285.04  3.80
886.8  216108.75  8201.05  3.79
888.2  215600.35  8140.70  3.78
889.5  215792.50  8144.95  3.77
890.9  215467.20  8122.77  3.77
892.2  213332.25  8027.02  3.76
893.6  209376.35  7857.09  3.75
894.9  203011.20  7524.00  3.71
896.2  192986.25  7109.11  3.68
897.6  183270.00  6642.00  3.62
898.9  173402.50  6273.14  3.62
900.3  166375.30  5996.16  3.60
901.6  163968.00  5892.60  3.59
903.0  167831.80  6040.31  3.60
904.3  177746.35  6413.72  3.61
905.6  182638.95  6608.27  3.62
907.0  178304.75  6396.93  3.59
908.3  170210.30  6098.49  3.58
909.6  164805.30  5866.09  3.56
911.0  163658.40  5784.69  3.53
912.3  163733.50  5745.75  3.51
913.6  161289.90  5657.12  3.51
914.9  159794.00  5612.69  3.51
916.2  158544.60  5556.27  3.50
917.6  158875.20  5588.14  3.52
918.9  162644.95  5710.66  3.51
920.2  169241.80  5922.80  3.50
921.5  171852.80  6048.00  3.52
922.9  171720.00  6132.86  3.57
924.2  169983.85  6036.29  3.55
925.5  168861.00  5937.25  3.52
926.8  168093.20  5884.69  3.50
928.1  160963.65  5543.82  3.44
929.4  147854.55  5047.74  3.41
930.7  130400.80  4444.91  3.41
932.0  110639.00  3670.97  3.32
933.4  91589.90  3075.59  3.36
934.7  79459.65  2664.64  3.35
936.0  75091.50  2492.21  3.32
937.3  73169.00  2475.64  3.38
938.6  80974.40  2669.49  3.30
939.9  94713.00  3144.00  3.32
941.2  101092.00  3354.57  3.32
942.5  100109.10  3358.20  3.35
943.8  94335.00  3073.57  3.26
945.1  90072.60  3006.43  3.34
946.4  89326.60  2930.74  3.28
947.7  91098.00  3036.60  3.33
949.0  93135.40  3089.80  3.32
950.2  95530.50  3139.50  3.29
951.5  97096.05  3190.95  3.29
952.8  96787.90  3241.70  3.35
954.1  98889.00  3296.30  3.33
955.4  99153.00  3284.57  3.31
956.7  101233.60  3406.90  3.37
958.0  104812.80  3390.17  3.23
959.3  104686.40  3379.30  3.23
960.5  107989.80  3436.37  3.18
961.8  111929.00  3792.94  3.39
963.1  116091.90  3937.89  3.39
964.4  119691.30  4005.11  3.35
965.7  122326.65  4074.94  3.33
966.9  127372.20  4229.78  3.32
968.2  137165.15  4634.51  3.38
969.5  145379.20  4881.83  3.36
970.8  150450.00  5225.71  3.47
972.0  152217.45  5242.95  3.44
973.3  149153.40  5173.46  3.47
974.6  145220.40  4918.18  3.39
975.8  142285.15  4739.80  3.33
977.1  143782.60  4833.03  3.36
978.4  146003.00  5024.78  3.44
979.6  146833.05  5219.87  3.55
980.9  149892.75  5229.96  3.49
982.2  154340.25  5235.29  3.39
983.4  156807.40  5240.61  3.34
984.7  159234.60  5451.09  3.42
985.9  160425.10  5568.83  3.47
987.2  163200.60  5801.23  3.55
988.5  164356.50  5702.16  3.47
989.7  164143.50  5833.67  3.55
991.0  165357.20  5964.09  3.61
992.2  164938.25  5741.14  3.48
993.5  165362.40  5752.80  3.48
994.7  165611.25  5883.39  3.55
996.0  164983.60  5764.18  3.49
997.2  165654.00  5784.74  3.49
998.5  164473.50  5806.54  3.53
999.7  164959.50  5822.10  3.53
1001.0  164241.00  5688.00  3.46
1002.2  163841.65  5960.52  3.64
1003.4  161280.60  5760.02  3.57
1004.7  158959.35  5640.01  3.55
1005.9  155970.00  5644.63  3.62
1007.2  156488.85  5625.90  3.60
1008.4  156362.40  5437.41  3.48
1009.6  156870.90  5419.44  3.45
1010.9  156144.15  5685.92  3.64
1012.1  156856.70  5529.27  3.53
1013.3  155968.20  5533.89  3.55
1014.6  155283.20  5399.89  3.48
1015.8  155016.60  5572.97  3.60
1017.1  153931.90  5460.67  3.55
1018.3  155339.95  5361.69  3.45
1019.5  155334.90  5434.46  3.50
1020.8  154476.00  5517.00  3.57
1022.0  153823.95  5454.75  3.55
1023.2  153607.80  5247.47  3.42
1024.4  153380.25  5518.44  3.60
1025.7  153153.00  5469.75  3.57
1026.9  153406.80  5946.00  3.88
1028.1  154895.55  5749.78  3.71
1029.3  153706.95  5534.16  3.60
1030.6  153780.00  5492.14  3.57
1031.8  154457.55  5280.60  3.42
1033.0  153250.60  5424.80  3.54
1034.2  153367.50  5577.00  3.64
1035.4  153496.85  5328.33  3.47
1036.7  153327.20  5265.36  3.43
1037.9  153151.35  5415.54  3.54
1039.1  154197.45  5340.17  3.46
1040.3  154017.60  5271.44  3.42
1041.5  153082.65  5173.30  3.38
1042.7  153794.55  5553.02  3.61
1043.9  154552.95  5457.73  3.53
1045.2  153200.40  5344.20  3.49
1046.4  153610.80  5486.10  3.57
1047.6  153659.80  5621.70  3.66
1048.8  153712.00  5489.71  3.57
1050.0  153777.00  5351.21  3.48
1051.2  153820.20  5493.58  3.57
1052.4  153442.70  5628.21  3.67
1053.6  152614.80  6056.14  3.97
1054.8  154375.30  6212.29  4.02
1056.0  154001.10  6376.86  4.14
1057.2  152662.85  6184.64  4.05
1058.4  151274.50  5652.01  3.74
1059.7  152697.60  5112.64  3.35
1060.9  151233.50  5226.96  3.46
1062.1  150210.00  5722.29  3.81
1063.3  149135.40  5509.93  3.69
1064.5  150651.00  6041.14  4.01
1065.7  148992.25  6191.89  4.16
1066.9  149466.60  5931.21  3.97
1068.1  150549.15  6492.69  4.31
1069.3  148190.70  6226.50  4.20
1070.5  148685.00  6372.21  4.29
1071.7  146140.80  6089.20  4.17
1072.9  149716.80  5792.61  3.87
1074.1  148389.10  5990.86  4.04
1075.3  151713.00  5779.54  3.81
1076.5  148110.75  5642.31  3.81
