/*** Spectra Vista SIG Data ***/
name= 230503_1826_R906_T913.sig
instrument= HK: 9202056 (HR-512i)
integration= 10.0, 0.0, 0.0, 100.0, 0.0, 0.0
scan method= Time-based, Time-based
scan coadds= 300, 0, 0, 30, 0, 0
scan time= 3, 3
scan settings= AI, AI
external data set1= 0,0,0,0,0,0,0,0,0,0,0,0,0,0,0,0,0,0,0,0,0,0,0,0,0,0,0,0,0,0,0,0
external data set2= 0,0,0,0,0,0,0,0,0,0,0,0,0,0,0,0,0,0,0,0,0,0,0,0,0,0,0,0,0,0,0,0
external data dark= 0,0,0,0,0,0,0,0,0,0,0,0,0,0,0,0
external data mask= 0
optic= LENS 4(1), LENS 4(1)
temp= 21.2, 0.0, 0.0, 24.8, 0.0, 0.0
battery= 8.28, 8.28
error= 0, 0
units= Radiance, Radiance
time= 5/3/2023 6:22:26 PM, 5/3/2023 6:26:12 PM
longitude= 07757.5909W     , 07757.5934W     
latitude= 3409.6846N      , 3409.4958N      
gpstime= 193119.000      , 193505.000      
comm= 
memory slot= 906, 913
factors= 1.000, 1.000, 1.000 [Overlap: Preserve, Matching Type: None]
inclinometer x offset= 3, 1
inclinometer y offset= -11, -8
data= 
339.7  56652.75  37948.35  66.98
341.4  61525.20  40860.38  66.41
343.0  64582.60  42378.17  65.62
344.7  66343.50  42802.78  64.52
346.4  69966.70  44399.00  63.46
348.0  73819.10  46100.18  62.45
349.7  77781.60  47806.20  61.46
351.3  84387.90  51056.05  60.50
353.0  89311.60  53119.01  59.48
354.6  96013.80  55982.03  58.31
356.2  96812.10  55355.69  57.18
357.9  91182.00  50876.55  55.80
359.5  91977.20  50016.44  54.38
361.2  99307.60  52980.36  53.35
362.8  105049.00  54955.29  52.31
364.5  112248.75  57714.06  51.42
366.1  122755.60  61972.17  50.48
367.7  130730.40  64774.26  49.55
369.4  132717.20  64377.39  48.51
371.0  134507.10  63893.83  47.50
372.6  131997.75  61371.30  46.49
374.3  125856.50  57254.20  45.49
375.9  127824.40  56831.28  44.46
377.5  139775.35  60914.17  43.58
379.1  149070.90  63918.80  42.88
380.8  146832.00  61701.36  42.02
382.4  137137.50  56552.40  41.24
384.0  123631.20  49813.74  40.29
385.6  128560.40  50657.07  39.40
387.3  136656.00  52958.88  38.75
388.9  143840.00  54785.06  38.09
390.5  155861.75  58277.62  37.39
392.1  162920.25  59940.00  36.79
393.8  148320.00  53656.00  36.18
395.4  149927.40  52834.85  35.24
397.0  158798.90  55058.12  34.67
398.6  178772.90  60577.51  33.89
400.2  219117.40  72980.72  33.31
401.8  246568.00  80827.43  32.78
403.4  261037.00  84086.31  32.21
405.0  263460.00  83322.00  31.63
406.6  262242.75  81317.78  31.01
408.3  264894.00  80492.16  30.39
409.9  271216.00  80818.08  29.80
411.5  275931.00  80678.25  29.24
413.1  286550.00  82215.00  28.69
414.7  291780.30  82269.39  28.20
416.3  295506.75  81859.25  27.70
417.9  295627.80  80516.22  27.24
419.5  293629.95  78617.76  26.77
421.1  296218.80  77938.80  26.31
422.7  298535.60  77292.38  25.89
424.3  296934.00  75673.18  25.48
425.9  297069.85  74506.36  25.08
427.5  293327.00  72439.05  24.70
429.1  285191.90  69362.16  24.32
430.7  268269.45  64378.50  24.00
432.3  272323.35  64167.22  23.56
433.9  292686.80  67933.71  23.21
435.5  306416.65  70133.76  22.89
437.1  322658.00  72777.60  22.56
438.7  323615.25  72078.12  22.27
440.3  324770.95  71290.91  21.95
441.9  336332.25  72740.03  21.63
443.5  350471.75  74739.11  21.33
445.0  359057.50  75543.13  21.04
446.6  361446.80  75050.20  20.76
448.2  369653.90  75670.05  20.47
449.8  380005.60  76738.61  20.19
451.4  390631.10  77818.61  19.92
453.0  389294.40  76598.17  19.68
454.6  384333.75  74607.15  19.41
456.2  386337.95  73962.83  19.14
457.8  390820.90  73784.78  18.88
459.3  391500.15  72942.36  18.63
460.9  393243.40  72279.13  18.38
462.5  398738.40  72297.60  18.13
464.1  399472.80  71506.08  17.90
465.7  396127.20  70000.56  17.67
467.2  392748.50  68521.13  17.45
468.8  391418.85  67385.51  17.22
470.4  390339.00  66351.15  17.00
472.0  392444.10  65822.96  16.77
473.6  397284.25  65785.78  16.56
475.1  400538.70  65478.05  16.35
476.7  401406.70  64794.37  16.14
478.3  404599.20  64484.97  15.94
479.9  407943.00  64260.81  15.75
481.5  410550.60  63951.60  15.58
483.0  410192.45  63185.02  15.40
484.6  402624.00  61347.84  15.24
486.2  384437.55  57984.19  15.08
487.8  374749.20  55826.82  14.90
489.3  382350.00  56238.75  14.71
490.9  390934.80  56837.88  14.54
492.5  392268.25  56421.04  14.38
494.0  395514.00  56239.20  14.22
495.6  399470.05  56165.90  14.06
497.2  400848.60  55735.21  13.90
498.8  396773.20  54580.92  13.76
500.3  390756.70  53167.34  13.61
501.9  383634.25  51628.45  13.46
503.5  382278.00  50852.10  13.30
505.0  384158.65  50515.25  13.15
506.6  387465.75  50405.04  13.01
508.2  386110.80  49737.24  12.88
509.7  385348.95  49142.30  12.75
511.3  385067.75  48624.86  12.63
512.9  381573.45  47717.64  12.51
514.4  374814.50  46408.80  12.38
516.0  366570.00  44985.00  12.27
517.5  355197.15  43217.01  12.17
519.1  354929.90  42742.51  12.04
520.7  362824.00  43258.60  11.92
522.2  367311.50  43374.05  11.81
523.8  372349.55  43545.46  11.69
525.4  374627.75  43422.43  11.59
526.9  370029.70  42520.16  11.49
528.5  373078.65  42434.91  11.37
530.0  379469.25  42757.26  11.27
531.6  382178.80  42682.36  11.17
533.2  380081.30  42081.44  11.07
534.7  382256.00  41924.40  10.97
536.3  383111.80  41649.96  10.87
537.8  381597.65  41118.32  10.78
539.4  378589.20  40450.56  10.68
541.0  375166.80  39727.44  10.59
542.5  375525.60  39393.48  10.49
544.1  378437.40  39334.00  10.39
545.6  379980.75  39149.70  10.30
547.2  379790.45  38806.19  10.22
548.7  380072.00  38502.80  10.13
550.3  380925.80  38267.11  10.05
551.8  381534.30  38006.01  9.96
553.4  382868.20  37809.20  9.88
554.9  384745.70  37659.59  9.79
556.5  383483.60  37224.16  9.71
558.0  380225.50  36606.55  9.63
559.6  377081.25  35997.50  9.55
561.1  379080.75  35873.69  9.46
562.7  381590.55  35797.83  9.38
564.2  384483.55  35770.58  9.30
565.8  384022.00  35425.48  9.22
567.3  383784.35  35098.20  9.15
568.9  383393.70  34771.17  9.07
570.4  381480.30  34307.15  8.99
572.0  382068.75  34067.93  8.92
573.5  385162.05  34055.28  8.84
575.1  386232.00  33883.84  8.77
576.6  385733.50  33571.35  8.70
578.2  384504.25  33209.28  8.64
579.7  384360.15  32957.06  8.57
581.2  386666.30  32910.02  8.51
582.8  390325.95  32991.05  8.45
584.3  391604.50  32870.78  8.39
585.9  390047.10  32504.46  8.33
587.4  386143.20  31936.68  8.27
588.9  377018.00  30942.20  8.21
590.5  371051.00  30170.65  8.13
592.0  372097.80  29987.93  8.06
593.6  374030.80  29902.86  7.99
595.1  374827.20  29738.61  7.93
596.6  375888.80  29611.52  7.88
598.2  376516.25  29464.53  7.83
599.7  375771.05  29221.19  7.78
601.2  374462.55  28923.37  7.72
602.8  374325.00  28716.08  7.67
604.3  375944.80  28630.25  7.62
605.8  377529.80  28550.94  7.56
607.4  377439.75  28354.46  7.51
608.9  375552.55  28026.26  7.46
610.5  373474.75  27674.35  7.41
612.0  371685.60  27350.31  7.36
613.5  369333.75  26983.90  7.31
615.0  367122.35  26641.93  7.26
616.6  364193.60  26248.56  7.21
618.1  364505.40  26078.22  7.15
619.6  366586.00  26041.40  7.10
621.2  367904.20  25956.90  7.06
622.7  366681.60  25693.44  7.01
624.2  364437.90  25375.59  6.96
625.8  361456.00  24998.11  6.92
627.3  359569.25  24684.33  6.86
628.8  357215.60  24343.03  6.81
630.3  355794.70  24093.85  6.77
631.8  355083.30  23909.99  6.73
633.4  356206.40  23858.34  6.70
634.9  357381.30  23833.63  6.67
636.4  358918.00  23825.87  6.64
638.0  361038.60  23848.23  6.61
639.5  361158.00  23772.00  6.58
641.0  360313.80  23631.30  6.56
642.5  359790.20  23506.35  6.53
644.0  359437.00  23374.80  6.50
645.5  358220.90  23195.81  6.48
647.1  356124.80  22946.68  6.44
648.6  353614.50  22700.69  6.42
650.1  351920.25  22536.53  6.40
651.6  352408.00  22551.42  6.40
653.1  353203.50  22596.74  6.40
654.7  350625.40  22398.99  6.39
656.2  340547.90  21718.28  6.38
657.7  335544.80  21296.64  6.35
659.2  339931.80  21499.60  6.32
660.7  345996.50  21783.55  6.30
662.2  351466.70  21986.51  6.26
663.7  354024.15  22015.68  6.22
665.2  354779.50  21934.48  6.18
666.8  355090.65  21801.76  6.14
668.3  355014.00  21657.81  6.10
669.8  354740.65  21493.95  6.06
671.3  353912.80  21319.22  6.02
672.8  353468.60  21154.71  5.98
674.3  353092.40  20962.99  5.94
675.8  352995.00  20806.00  5.89
677.3  352743.30  20659.73  5.86
678.8  352335.50  20509.39  5.82
680.3  351612.90  20360.39  5.79
681.8  350659.75  20204.56  5.76
683.3  348535.55  19936.90  5.72
684.8  344104.80  19545.54  5.68
686.3  329969.60  18639.38  5.65
687.8  311766.00  17455.62  5.60
689.3  304423.00  16836.68  5.53
690.8  304869.60  16686.96  5.47
692.3  309799.15  16801.35  5.42
693.8  313312.50  16838.11  5.37
695.3  316058.60  16837.08  5.33
696.8  320171.40  16927.44  5.29
698.3  321328.00  16878.40  5.25
699.8  319669.25  16679.36  5.22
701.3  316970.00  16455.12  5.19
702.8  316809.60  16365.25  5.17
704.2  318603.60  16398.24  5.15
705.7  320635.20  16444.48  5.13
707.2  321715.55  16446.57  5.11
708.7  322108.80  16420.50  5.10
710.2  322463.85  16377.08  5.08
711.7  321909.50  16301.45  5.06
713.2  320635.20  16197.92  5.05
714.7  317796.60  15986.49  5.03
716.2  309027.20  15494.40  5.01
717.6  291276.00  14504.40  4.98
719.1  273547.40  13533.74  4.95
720.6  269062.40  13219.20  4.91
722.1  275443.00  13499.65  4.90
723.6  276180.30  13505.43  4.89
725.0  273182.40  13307.76  4.87
726.5  271947.00  13206.50  4.86
728.0  271325.70  13134.56  4.84
729.5  271494.80  13116.04  4.83
731.0  274000.10  13186.19  4.81
732.4  280331.70  13497.66  4.81
733.9  288342.95  13884.64  4.82
735.4  293447.00  14134.18  4.82
736.8  295773.00  14232.90  4.81
738.3  296728.90  14274.42  4.81
739.8  296950.50  14264.25  4.80
741.2  296809.65  14239.67  4.80
742.7  297664.80  14261.28  4.79
744.2  299527.20  14317.80  4.78
745.7  300397.50  14320.73  4.77
747.1  301067.10  14322.03  4.76
748.6  300750.00  14279.61  4.75
750.0  299368.40  14173.91  4.73
751.5  297923.60  14059.11  4.72
753.0  297040.30  13971.85  4.70
754.4  296732.00  13912.80  4.69
755.9  295687.50  13818.75  4.67
757.3  293119.45  13637.72  4.65
758.8  273313.10  12691.81  4.64
760.3  214075.50  9920.10  4.63
761.7  167168.00  7633.57  4.57
763.2  152196.00  6817.80  4.48
764.6  156643.20  6919.74  4.42
766.1  182448.00  8050.56  4.41
767.5  216305.80  9593.99  4.44
769.0  245298.50  10960.00  4.47
770.4  264327.25  11862.53  4.49
771.9  274680.00  12348.00  4.50
773.3  279816.25  12558.13  4.49
774.8  281567.00  12612.60  4.48
776.2  282403.80  12609.12  4.46
777.7  282359.00  12581.80  4.46
779.1  281644.00  12520.80  4.45
780.5  281062.50  12471.68  4.44
782.0  280493.30  12409.06  4.42
783.4  279321.60  12311.04  4.41
784.9  278290.60  12206.82  4.39
786.3  277218.40  12135.20  4.38
787.8  275322.80  12001.46  4.36
789.2  272558.65  11842.99  4.35
790.6  269616.30  11667.51  4.33
792.0  267059.80  11512.06  4.31
793.5  264713.40  11378.70  4.30
794.9  263608.65  11302.43  4.29
796.3  263360.25  11250.68  4.27
797.8  263882.50  11238.29  4.26
799.2  263902.90  11217.45  4.25
800.6  262525.60  11138.56  4.24
802.1  261191.35  11026.43  4.22
803.5  260055.40  10945.22  4.21
804.9  259355.20  10870.60  4.19
806.3  259624.00  10869.80  4.19
807.8  259502.20  10849.02  4.18
809.2  257677.50  10741.62  4.17
810.6  255333.75  10603.80  4.15
812.0  251933.40  10434.56  4.14
813.4  244800.00  10072.50  4.11
814.8  233820.20  9551.62  4.09
816.3  222648.75  9048.89  4.06
817.7  215326.80  8698.04  4.04
819.1  212980.10  8580.58  4.03
820.5  216793.50  8731.80  4.03
821.9  219092.45  8812.99  4.02
823.3  213278.45  8533.53  4.00
824.7  216641.80  8672.95  4.00
826.1  223361.60  8919.68  3.99
827.5  225199.50  8980.43  3.99
828.9  223451.00  8882.05  3.97
830.3  223344.00  8866.55  3.97
831.7  223787.70  8862.36  3.96
833.2  224189.25  8887.74  3.96
834.5  226562.70  8957.13  3.95
835.9  230274.85  9065.62  3.94
837.3  233800.75  9190.50  3.93
838.7  236028.75  9280.13  3.93
840.1  237734.70  9357.49  3.94
841.5  238746.80  9392.84  3.93
842.9  238721.55  9377.82  3.93
844.3  238303.00  9343.75  3.92
845.7  238618.40  9353.72  3.92
847.1  238849.80  9360.33  3.92
848.5  237674.50  9298.28  3.91
849.9  232902.50  9063.46  3.89
851.2  230151.90  8946.80  3.89
852.6  229117.95  8885.82  3.88
854.0  221349.70  8584.29  3.88
855.4  216681.55  8394.12  3.87
856.8  221774.75  8550.56  3.86
858.2  226888.80  8730.44  3.85
859.5  229225.00  8805.70  3.84
860.9  229862.40  8795.04  3.83
862.3  230265.20  8763.56  3.81
863.7  230593.25  8793.05  3.81
865.0  227369.25  8687.65  3.82
866.4  218710.80  8339.73  3.81
867.8  215909.10  8203.80  3.80
869.1  218892.00  8283.93  3.78
870.5  221502.00  8382.71  3.78
871.9  223068.20  8447.21  3.79
873.2  223293.70  8415.10  3.77
874.6  222466.30  8379.63  3.77
876.0  221663.00  8324.90  3.76
877.3  221433.50  8288.52  3.74
878.7  221127.50  8269.14  3.74
880.0  219859.20  8223.90  3.74
881.4  218337.00  8134.95  3.73
882.8  218572.80  8175.14  3.74
884.1  218628.75  8131.00  3.72
885.5  217974.60  8097.45  3.71
886.8  216108.75  7979.40  3.69
888.2  215600.35  7941.99  3.68
889.5  215792.50  7927.54  3.67
890.9  215467.20  7918.88  3.68
892.2  213332.25  7810.53  3.66
893.6  209376.35  7624.42  3.64
894.9  203011.20  7421.40  3.66
896.2  192986.25  7015.48  3.64
897.6  183270.00  6642.00  3.62
898.9  173402.50  6237.50  3.60
900.3  166375.30  5967.26  3.59
901.6  163968.00  5892.60  3.59
903.0  167831.80  5992.14  3.57
904.3  177746.35  6327.46  3.56
905.6  182638.95  6513.33  3.57
907.0  178304.75  6366.10  3.57
908.3  170210.30  6075.03  3.57
909.6  164805.30  5798.71  3.52
911.0  163658.40  5736.48  3.51
912.3  163733.50  5762.05  3.52
913.6  161289.90  5694.29  3.53
914.9  159794.00  5600.12  3.50
916.2  158544.60  5552.03  3.50
917.6  158875.20  5566.65  3.50
918.9  162644.95  5645.28  3.47
920.2  169241.80  5909.54  3.49
921.5  171852.80  6083.84  3.54
922.9  171720.00  6042.00  3.52
924.2  169983.85  5967.18  3.51
925.5  168861.00  5923.23  3.51
926.8  168093.20  5879.94  3.50
928.1  160963.65  5601.67  3.48
929.4  147854.55  5077.14  3.43
930.7  130400.80  4579.76  3.51
932.0  110639.00  3854.52  3.48
933.4  91589.90  3211.12  3.51
934.7  79459.65  2797.88  3.52
936.0  75091.50  2616.83  3.48
937.3  73169.00  2503.15  3.42
938.6  80974.40  2725.10  3.37
939.9  94713.00  3222.60  3.40
941.2  101092.00  3422.80  3.39
942.5  100109.10  3363.99  3.36
943.8  94335.00  3227.25  3.42
945.1  90072.60  3030.48  3.36
946.4  89326.60  3034.54  3.40
947.7  91098.00  3123.36  3.43
949.0  93135.40  3133.94  3.36
950.2  95530.50  3229.20  3.38
951.5  97096.05  3236.54  3.33
952.8  96787.90  3288.01  3.40
954.1  98889.00  3343.39  3.38
955.4  99153.00  3400.90  3.43
956.7  101233.60  3455.57  3.41
958.0  104812.80  3559.68  3.40
959.3  104686.40  3523.10  3.37
960.5  107989.80  3633.78  3.36
961.8  111929.00  3748.32  3.35
963.1  116091.90  3869.73  3.33
964.4  119691.30  3989.71  3.33
965.7  122326.65  4114.13  3.36
966.9  127372.20  4357.47  3.42
968.2  137165.15  4723.95  3.44
969.5  145379.20  5039.04  3.47
970.8  150450.00  5133.00  3.41
972.0  152217.45  5174.19  3.40
973.3  149153.40  5033.16  3.37
974.6  145220.40  5007.60  3.45
975.8  142285.15  4849.18  3.41
977.1  143782.60  4944.56  3.44
978.4  146003.00  4977.38  3.41
979.6  146833.05  5074.88  3.46
980.9  149892.75  5180.63  3.46
982.2  154340.25  5215.15  3.38
983.4  156807.40  5466.68  3.49
984.7  159234.60  5430.12  3.41
985.9  160425.10  5472.45  3.41
987.2  163200.60  5363.40  3.29
988.5  164356.50  5556.82  3.38
989.7  164143.50  5604.90  3.41
991.0  165357.20  5648.34  3.42
992.2  164938.25  5693.30  3.45
993.5  165362.40  5569.20  3.37
994.7  165611.25  5870.88  3.54
996.0  164983.60  5738.56  3.48
997.2  165654.00  5797.89  3.50
998.5  164473.50  5671.50  3.45
999.7  164959.50  5628.03  3.41
1001.0  164241.00  5474.70  3.33
1002.2  163841.65  5495.31  3.35
1003.4  161280.60  5686.18  3.53
1004.7  158959.35  5506.44  3.46
1005.9  155970.00  5510.94  3.53
1007.2  156488.85  5596.29  3.58
1008.4  156362.40  5349.24  3.42
1009.6  156870.90  5536.62  3.53
1010.9  156144.15  5408.92  3.46
1012.1  156856.70  5296.46  3.38
1013.3  155968.20  5198.94  3.33
1014.6  155283.20  5312.32  3.42
1015.8  155016.60  5235.66  3.38
1017.1  153931.90  5372.12  3.49
1018.3  155339.95  5421.26  3.49
1019.5  155334.90  5494.84  3.54
1020.8  154476.00  5471.03  3.54
1022.0  153823.95  5345.66  3.48
1023.2  153607.80  5231.57  3.41
1024.4  153380.25  5112.68  3.33
1025.7  153153.00  5221.13  3.41
1026.9  153406.80  5470.32  3.57
1028.1  154895.55  5610.39  3.62
1029.3  153706.95  5498.46  3.58
1030.6  153780.00  5510.45  3.58
1031.8  154457.55  5544.63  3.59
1033.0  153250.60  5424.80  3.54
1034.2  153367.50  5158.73  3.36
1035.4  153496.85  5164.38  3.36
1036.7  153327.20  5160.05  3.37
1037.9  153151.35  5155.59  3.37
1039.1  154197.45  5139.92  3.33
1040.3  154017.60  5454.79  3.54
1041.5  153082.65  5267.36  3.44
1042.7  153794.55  5408.16  3.52
1043.9  154552.95  5904.27  3.82
1045.2  153200.40  5878.62  3.84
1046.4  153610.80  5486.10  3.57
1047.6  153659.80  5246.92  3.41
1048.8  153712.00  5379.92  3.50
1050.0  153777.00  4928.75  3.21
1051.2  153820.20  5464.67  3.55
1052.4  153442.70  5183.88  3.38
1053.6  152614.80  5299.13  3.47
1054.8  154375.30  5218.32  3.38
1056.0  154001.10  5579.75  3.62
1057.2  152662.85  5468.52  3.58
1058.4  151274.50  5585.52  3.69
1059.7  152697.60  5726.16  3.75
1060.9  151233.50  5854.20  3.87
1062.1  150210.00  5507.70  3.67
1063.3  149135.40  5399.73  3.62
1064.5  150651.00  5286.00  3.51
1065.7  148992.25  5417.90  3.64
1066.9  149466.60  4982.22  3.33
1068.1  150549.15  5681.10  3.77
1069.3  148190.70  6101.97  4.12
1070.5  148685.00  5352.66  3.60
1071.7  146140.80  5784.74  3.96
1072.9  149716.80  5614.38  3.75
1074.1  148389.10  5483.95  3.70
1075.3  151713.00  5394.24  3.56
1076.5  148110.75  5266.16  3.56
