/*** Spectra Vista SIG Data ***/
name= 230503_1827_R906_T916.sig
instrument= HK: 9202056 (HR-512i)
integration= 10.0, 0.0, 0.0, 70.0, 0.0, 0.0
scan method= Time-based, Time-based
scan coadds= 300, 0, 0, 42, 0, 0
scan time= 3, 3
scan settings= AI, AI
external data set1= 0,0,0,0,0,0,0,0,0,0,0,0,0,0,0,0,0,0,0,0,0,0,0,0,0,0,0,0,0,0,0,0
external data set2= 0,0,0,0,0,0,0,0,0,0,0,0,0,0,0,0,0,0,0,0,0,0,0,0,0,0,0,0,0,0,0,0
external data dark= 0,0,0,0,0,0,0,0,0,0,0,0,0,0,0,0
external data mask= 0
optic= LENS 4(1), LENS 4(1)
temp= 21.2, 0.0, 0.0, 25.4, 0.0, 0.0
battery= 8.28, 8.25
error= 0, 0
units= Radiance, Radiance
time= 5/3/2023 6:22:26 PM, 5/3/2023 6:27:35 PM
longitude= 07757.5909W     , 07757.4709W     
latitude= 3409.6846N      , 3409.3140N      
gpstime= 193119.000      , 193628.000      
comm= 
memory slot= 906, 916
factors= 1.000, 1.000, 1.000 [Overlap: Preserve, Matching Type: None]
inclinometer x offset= 3, 5
inclinometer y offset= -11, -38
data= 
339.7  56652.75  39053.14  68.93
341.4  61525.20  42034.77  68.32
343.0  64582.60  43609.90  67.53
344.7  66343.50  44045.86  66.39
346.4  69966.70  45711.29  65.33
348.0  73819.10  47434.13  64.26
349.7  77781.60  49200.17  63.25
351.3  84387.90  52532.74  62.25
353.0  89311.60  54664.20  61.21
354.6  96013.80  57597.13  59.99
356.2  96812.10  56918.40  58.79
357.9  91182.00  52354.50  57.42
359.5  91977.20  51523.37  56.02
361.2  99307.60  54598.21  54.98
362.8  105049.00  56642.70  53.92
364.5  112248.75  59478.84  52.99
366.1  122755.60  63838.46  52.00
367.7  130730.40  66743.49  51.05
369.4  132717.20  66409.75  50.04
371.0  134507.10  65910.00  49.00
372.6  131997.75  63315.86  47.97
374.3  125856.50  59092.18  46.95
375.9  127824.40  58739.45  45.95
377.5  139775.35  63036.26  45.10
379.1  149070.90  66170.34  44.39
380.8  146832.00  63870.40  43.50
382.4  137137.50  58581.00  42.72
384.0  123631.20  51651.58  41.78
385.6  128560.40  52642.07  40.95
387.3  136656.00  55063.54  40.29
388.9  143840.00  57047.97  39.66
390.5  155861.75  60716.39  38.96
392.1  162920.25  62461.29  38.34
393.8  148320.00  55954.29  37.73
395.4  149927.40  55188.00  36.81
397.0  158798.90  57658.25  36.31
398.6  178772.90  63531.11  35.54
400.2  219117.40  76595.29  34.96
401.8  246568.00  84822.50  34.40
403.4  261037.00  88252.40  33.81
405.0  263460.00  87505.71  33.21
406.6  262242.75  85478.25  32.60
408.3  264894.00  84675.45  31.97
409.9  271216.00  85101.49  31.38
411.5  275931.00  85003.07  30.81
413.1  286550.00  86664.29  30.24
414.7  291780.30  86767.50  29.74
416.3  295506.75  86387.32  29.23
417.9  295627.80  85034.57  28.76
419.5  293629.95  83084.34  28.30
421.1  296218.80  82432.80  27.83
422.7  298535.60  81808.57  27.40
424.3  296934.00  80152.31  26.99
425.9  297069.85  78980.79  26.59
427.5  293327.00  76861.36  26.20
429.1  285191.90  73687.84  25.84
430.7  268269.45  68464.80  25.52
432.3  272323.35  68284.91  25.07
433.9  292686.80  72354.20  24.72
435.5  306416.65  74746.51  24.39
437.1  322658.00  77634.00  24.06
438.7  323615.25  76969.71  23.78
440.3  324770.95  76196.45  23.46
441.9  336332.25  77838.75  23.14
443.5  350471.75  80052.90  22.84
445.0  359057.50  81015.18  22.56
446.6  361446.80  80593.62  22.30
448.2  369653.90  81353.31  22.01
449.8  380005.60  82602.28  21.74
451.4  390631.10  83860.76  21.47
453.0  389294.40  82657.38  21.23
454.6  384333.75  80613.54  20.97
456.2  386337.95  80027.44  20.71
457.8  390820.90  79953.01  20.46
459.3  391500.15  79145.55  20.22
460.9  393243.40  78527.74  19.97
462.5  398738.40  78662.40  19.73
464.1  399472.80  77922.17  19.51
465.7  396127.20  76395.09  19.29
467.2  392748.50  74886.86  19.07
468.8  391418.85  73756.52  18.84
470.4  390339.00  72726.43  18.63
472.0  392444.10  72249.56  18.41
473.6  397284.25  72304.41  18.20
475.1  400538.70  72081.21  18.00
476.7  401406.70  71454.33  17.80
478.3  404599.20  71224.16  17.60
479.9  407943.00  71051.66  17.42
481.5  410550.60  70770.21  17.24
483.0  410192.45  70006.19  17.07
484.6  402624.00  68061.26  16.90
486.2  384437.55  64419.00  16.76
487.8  374749.20  62083.80  16.57
489.3  382350.00  62614.29  16.38
490.9  390934.80  63330.34  16.20
492.5  392268.25  62945.06  16.05
494.0  395514.00  62800.86  15.88
495.6  399470.05  62809.40  15.72
497.2  400848.60  62412.96  15.57
498.8  396773.20  61186.11  15.42
500.3  390756.70  59684.00  15.27
501.9  383634.25  58024.39  15.12
503.5  382278.00  57242.71  14.97
505.0  384158.65  56937.98  14.82
506.6  387465.75  56877.43  14.68
508.2  386110.80  56181.60  14.55
509.7  385348.95  55556.49  14.42
511.3  385067.75  55023.20  14.29
512.9  381573.45  54044.74  14.16
514.4  374814.50  52608.14  14.04
516.0  366570.00  51021.43  13.92
517.5  355197.15  49088.51  13.82
519.1  354929.90  48613.78  13.70
520.7  362824.00  49253.60  13.58
522.2  367311.50  49440.50  13.46
523.8  372349.55  49681.24  13.34
525.4  374627.75  49595.98  13.24
526.9  370029.70  48608.70  13.14
528.5  373078.65  48532.61  13.01
530.0  379469.25  48921.92  12.89
531.6  382178.80  48864.23  12.79
533.2  380081.30  48192.80  12.68
534.7  382256.00  48040.00  12.57
536.3  383111.80  47756.43  12.47
537.8  381597.65  47178.80  12.36
539.4  378589.20  46438.97  12.27
541.0  375166.80  45634.63  12.16
542.5  375525.60  45264.00  12.05
544.1  378437.40  45210.36  11.95
545.6  379980.75  45006.54  11.84
547.2  379790.45  44611.72  11.75
548.7  380072.00  44268.00  11.65
550.3  380925.80  44002.47  11.55
551.8  381534.30  43707.60  11.46
553.4  382868.20  43512.86  11.36
554.9  384745.70  43374.77  11.27
556.5  383483.60  42907.31  11.19
558.0  380225.50  42231.36  11.11
559.6  377081.25  41548.00  11.02
561.1  379080.75  41421.78  10.93
562.7  381590.55  41362.71  10.84
564.2  384483.55  41361.04  10.76
565.8  384022.00  40963.54  10.67
567.3  383784.35  40574.99  10.57
568.9  383393.70  40193.67  10.48
570.4  381480.30  39673.03  10.40
572.0  382068.75  39434.68  10.32
573.5  385162.05  39506.70  10.26
575.1  386232.00  39446.17  10.21
576.6  385733.50  39209.93  10.17
578.2  384504.25  38921.12  10.12
579.7  384360.15  38734.38  10.08
581.2  386666.30  38781.70  10.03
582.8  390325.95  38948.58  9.98
584.3  391604.50  38875.61  9.93
585.9  390047.10  38506.24  9.87
587.4  386143.20  37894.11  9.81
588.9  377018.00  36806.32  9.76
590.5  371051.00  35946.60  9.69
592.0  372097.80  35767.61  9.61
593.6  374030.80  35712.11  9.55
595.1  374827.20  35556.56  9.49
596.6  375888.80  35427.09  9.42
598.2  376516.25  35266.29  9.37
599.7  375771.05  34979.90  9.31
601.2  374462.55  34653.10  9.25
602.8  374325.00  34417.53  9.19
604.3  375944.80  34340.91  9.13
605.8  377529.80  34276.23  9.08
607.4  377439.75  34080.75  9.03
608.9  375552.55  33712.76  8.98
610.5  373474.75  33333.46  8.93
612.0  371685.60  32963.91  8.87
613.5  369333.75  32567.14  8.82
615.0  367122.35  32201.65  8.77
616.6  364193.60  31761.26  8.72
618.1  364505.40  31579.20  8.66
619.6  366586.00  31561.71  8.61
621.2  367904.20  31487.71  8.56
622.7  366681.60  31230.17  8.52
624.2  364437.90  30860.49  8.47
625.8  361456.00  30442.21  8.42
627.3  359569.25  30104.75  8.37
628.8  357215.60  29752.90  8.33
630.3  355794.70  29465.98  8.28
631.8  355083.30  29269.31  8.24
633.4  356206.40  29210.97  8.20
634.9  357381.30  29186.55  8.17
636.4  358918.00  29181.29  8.13
638.0  361038.60  29237.66  8.10
639.5  361158.00  29142.00  8.07
641.0  360313.80  28991.60  8.05
642.5  359790.20  28840.80  8.02
644.0  359437.00  28699.43  7.98
645.5  358220.90  28497.59  7.96
647.1  356124.80  28240.34  7.93
648.6  353614.50  27976.84  7.91
650.1  351920.25  27776.36  7.89
651.6  352408.00  27791.94  7.89
653.1  353203.50  27866.83  7.89
654.7  350625.40  27641.50  7.88
656.2  340547.90  26825.22  7.88
657.7  335544.80  26303.89  7.84
659.2  339931.80  26538.11  7.81
660.7  345996.50  26903.71  7.78
662.2  351466.70  27169.63  7.73
663.7  354024.15  27235.82  7.69
665.2  354779.50  27160.69  7.66
666.8  355090.65  27034.99  7.61
668.3  355014.00  26874.04  7.57
669.8  354740.65  26726.70  7.53
671.3  353912.80  26542.06  7.50
672.8  353468.60  26363.91  7.46
674.3  353092.40  26176.11  7.41
675.8  352995.00  26007.50  7.37
677.3  352743.30  25871.20  7.33
678.8  352335.50  25724.44  7.30
680.3  351612.90  25567.23  7.27
681.8  350659.75  25383.10  7.24
683.3  348535.55  25097.36  7.20
684.8  344104.80  24655.77  7.17
686.3  329969.60  23600.23  7.15
687.8  311766.00  22253.40  7.14
689.3  304423.00  21509.00  7.07
690.8  304869.60  21267.77  6.98
692.3  309799.15  21372.01  6.90
693.8  313312.50  21412.67  6.83
695.3  316058.60  21385.74  6.77
696.8  320171.40  21452.34  6.70
698.3  321328.00  21344.00  6.64
699.8  319669.25  21078.92  6.59
701.3  316970.00  20782.61  6.56
702.8  316809.60  20689.39  6.53
704.2  318603.60  20743.74  6.51
705.7  320635.20  20835.09  6.50
707.2  321715.55  20868.41  6.49
708.7  322108.80  20864.14  6.48
710.2  322463.85  20860.77  6.47
711.7  321909.50  20780.93  6.46
713.2  320635.20  20666.63  6.45
714.7  317796.60  20429.01  6.43
716.2  309027.20  19844.51  6.42
717.6  291276.00  18684.00  6.41
719.1  273547.40  17498.86  6.40
720.6  269062.40  17104.91  6.36
722.1  275443.00  17432.21  6.33
723.6  276180.30  17464.93  6.32
725.0  273182.40  17230.76  6.31
726.5  271947.00  17112.69  6.29
728.0  271325.70  17039.89  6.28
729.5  271494.80  16981.83  6.25
731.0  274000.10  17098.08  6.24
732.4  280331.70  17431.07  6.22
733.9  288342.95  17887.10  6.20
735.4  293447.00  18184.65  6.20
736.8  295773.00  18297.00  6.19
738.3  296728.90  18343.81  6.18
739.8  296950.50  18331.50  6.17
741.2  296809.65  18285.75  6.16
742.7  297664.80  18295.89  6.15
744.2  299527.20  18354.00  6.13
745.7  300397.50  18384.43  6.12
747.1  301067.10  18387.60  6.11
748.6  300750.00  18311.38  6.09
750.0  299368.40  18186.34  6.07
751.5  297923.60  18041.96  6.06
753.0  297040.30  17955.01  6.04
754.4  296732.00  17873.71  6.02
755.9  295687.50  17776.79  6.01
757.3  293119.45  17581.94  6.00
758.8  273313.10  16430.79  6.01
760.3  214075.50  13010.57  6.08
761.7  167168.00  10102.84  6.04
763.2  152196.00  9117.43  5.99
764.6  156643.20  9257.40  5.91
766.1  182448.00  10656.00  5.84
767.5  216305.80  12581.33  5.82
769.0  245298.50  14267.57  5.82
770.4  264327.25  15393.29  5.82
771.9  274680.00  15980.00  5.82
773.3  279816.25  16272.50  5.82
774.8  281567.00  16342.86  5.80
776.2  282403.80  16360.46  5.79
777.7  282359.00  16322.90  5.78
779.1  281644.00  16237.71  5.77
780.5  281062.50  16167.79  5.75
782.0  280493.30  16091.04  5.74
783.4  279321.60  15996.34  5.73
784.9  278290.60  15893.43  5.71
786.3  277218.40  15793.77  5.70
787.8  275322.80  15650.60  5.68
789.2  272558.65  15438.32  5.66
790.6  269616.30  15226.14  5.65
792.0  267059.80  15065.40  5.64
793.5  264713.40  14901.69  5.63
794.9  263608.65  14807.96  5.62
796.3  263360.25  14724.71  5.59
797.8  263882.50  14711.53  5.58
799.2  263902.90  14673.43  5.56
800.6  262525.60  14577.49  5.55
802.1  261191.35  14475.92  5.54
803.5  260055.40  14379.20  5.53
804.9  259355.20  14306.31  5.52
806.3  259624.00  14271.50  5.50
807.8  259502.20  14221.24  5.48
809.2  257677.50  14118.13  5.48
810.6  255333.75  13944.64  5.46
812.0  251933.40  13757.56  5.46
813.4  244800.00  13326.79  5.44
814.8  233820.20  12719.03  5.44
816.3  222648.75  12094.50  5.43
817.7  215326.80  11627.20  5.40
819.1  212980.10  11462.41  5.38
820.5  216793.50  11632.50  5.37
821.9  219092.45  11751.76  5.36
823.3  213278.45  11440.55  5.36
824.7  216641.80  11540.83  5.33
826.1  223361.60  11880.00  5.32
827.5  225199.50  11988.21  5.32
828.9  223451.00  11888.79  5.32
830.3  223344.00  11854.07  5.31
831.7  223787.70  11873.91  5.31
833.2  224189.25  11822.44  5.27
834.5  226562.70  11927.40  5.26
835.9  230274.85  12088.79  5.25
837.3  233800.75  12293.79  5.26
838.7  236028.75  12409.82  5.26
840.1  237734.70  12467.10  5.24
841.5  238746.80  12462.86  5.22
842.9  238721.55  12470.06  5.22
844.3  238303.00  12429.86  5.22
845.7  238618.40  12452.86  5.22
847.1  238849.80  12449.70  5.21
848.5  237674.50  12348.75  5.20
849.9  232902.50  12068.07  5.18
851.2  230151.90  11912.29  5.18
852.6  229117.95  11860.11  5.18
854.0  221349.70  11488.01  5.19
855.4  216681.55  11206.44  5.17
856.8  221774.75  11444.11  5.16
858.2  226888.80  11666.61  5.14
859.5  229225.00  11788.71  5.14
860.9  229862.40  11788.46  5.13
862.3  230265.20  11784.43  5.12
863.7  230593.25  11792.43  5.11
865.0  227369.25  11632.00  5.12
866.4  218710.80  11177.50  5.11
867.8  215909.10  11027.19  5.11
869.1  218892.00  11187.21  5.11
870.5  221502.00  11238.77  5.07
871.9  223068.20  11321.86  5.08
873.2  223293.70  11322.64  5.07
874.6  222466.30  11263.40  5.06
876.0  221663.00  11204.94  5.05
877.3  221433.50  11231.29  5.07
878.7  221127.50  11166.57  5.05
880.0  219859.20  11064.34  5.03
881.4  218337.00  10959.00  5.02
882.8  218572.80  10946.94  5.01
884.1  218628.75  10936.07  5.00
885.5  217974.60  10973.76  5.03
886.8  216108.75  10829.19  5.01
888.2  215600.35  10800.85  5.01
889.5  215792.50  10805.85  5.01
890.9  215467.20  10687.86  4.96
892.2  213332.25  10624.98  4.98
893.6  209376.35  10419.92  4.98
894.9  203011.20  10089.00  4.97
896.2  192986.25  9605.96  4.98
897.6  183270.00  9102.00  4.97
898.9  173402.50  8589.93  4.95
900.3  166375.30  8199.56  4.93
901.6  163968.00  8088.60  4.93
903.0  167831.80  8226.69  4.90
904.3  177746.35  8701.66  4.90
905.6  182638.95  8924.96  4.89
907.0  178304.75  8786.14  4.93
908.3  170210.30  8404.96  4.94
909.6  164805.30  8085.69  4.91
911.0  163658.40  8074.46  4.93
912.3  163733.50  8068.50  4.93
913.6  161289.90  7845.64  4.86
914.9  159794.00  7790.74  4.88
916.2  158544.60  7719.40  4.87
917.6  158875.20  7737.43  4.87
918.9  162644.95  7933.90  4.88
920.2  169241.80  8265.40  4.88
921.5  171852.80  8422.40  4.90
922.9  171720.00  8358.86  4.87
924.2  169983.85  8294.14  4.88
925.5  168861.00  8228.00  4.87
926.8  168093.20  8162.63  4.86
928.1  160963.65  7857.76  4.88
929.4  147854.55  7204.05  4.87
930.7  130400.80  6392.69  4.90
932.0  110639.00  5404.49  4.88
933.4  91589.90  4535.19  4.95
934.7  79459.65  3996.96  5.03
936.0  75091.50  3792.50  5.05
937.3  73169.00  3685.96  5.04
938.6  80974.40  3948.61  4.88
939.9  94713.00  4603.71  4.86
941.2  101092.00  4889.71  4.84
942.5  100109.10  4805.70  4.80
943.8  94335.00  4610.36  4.89
945.1  90072.60  4449.51  4.94
946.4  89326.60  4396.11  4.92
947.7  91098.00  4523.91  4.97
949.0  93135.40  4603.17  4.94
950.2  95530.50  4677.21  4.90
951.5  97096.05  4688.74  4.83
952.8  96787.90  4697.16  4.85
954.1  98889.00  4709.00  4.76
955.4  99153.00  4858.43  4.90
956.7  101233.60  4936.53  4.88
958.0  104812.80  5085.26  4.85
959.3  104686.40  5033.00  4.81
960.5  107989.80  5191.11  4.81
961.8  111929.00  5429.11  4.85
963.1  116091.90  5528.19  4.76
964.4  119691.30  5699.59  4.76
965.7  122326.65  5798.96  4.74
966.9  127372.20  6065.34  4.76
968.2  137165.15  6667.19  4.86
969.5  145379.20  6950.40  4.78
970.8  150450.00  7248.57  4.82
972.0  152217.45  7305.75  4.80
973.3  149153.40  7277.91  4.88
974.6  145220.40  7153.71  4.93
975.8  142285.15  6927.40  4.87
977.1  143782.60  6970.71  4.85
978.4  146003.00  7110.54  4.87
979.6  146833.05  7056.49  4.81
980.9  149892.75  7203.54  4.81
982.2  154340.25  7450.21  4.83
983.4  156807.40  7604.03  4.85
984.7  159234.60  7757.31  4.87
985.9  160425.10  7924.87  4.94
987.2  163200.60  7990.37  4.90
988.5  164356.50  8050.11  4.90
989.7  164143.50  7892.61  4.81
991.0  165357.20  8069.06  4.88
992.2  164938.25  8133.29  4.93
993.5  165362.40  8078.40  4.89
994.7  165611.25  7886.25  4.76
996.0  164983.60  7941.76  4.81
997.2  165654.00  8019.76  4.84
998.5  164473.50  8237.18  5.01
999.7  164959.50  8178.66  4.96
1001.0  164241.00  8247.60  5.02
1002.2  163841.65  7850.44  4.79
1003.4  161280.60  7975.41  4.95
1004.7  158959.35  7569.49  4.76
1005.9  155970.00  7724.23  4.95
1007.2  156488.85  7698.60  4.92
1008.4  156362.40  7641.77  4.89
1009.6  156870.90  7762.99  4.95
1010.9  156144.15  7872.81  5.04
1012.1  156856.70  7566.37  4.82
1013.3  155968.20  7572.69  4.86
1014.6  155283.20  7443.09  4.79
1015.8  155016.60  7479.51  4.82
1017.1  153931.90  7526.87  4.89
1018.3  155339.95  7595.72  4.89
1019.5  155334.90  7698.81  4.96
1020.8  154476.00  7356.00  4.76
1022.0  153823.95  7636.65  4.96
1023.2  153607.80  7632.69  4.97
1024.4  153380.25  7628.44  4.97
1025.7  153153.00  7790.25  5.09
1026.9  153406.80  7644.86  4.98
1028.1  154895.55  7492.14  4.84
1029.3  153706.95  7676.42  4.99
1030.6  153780.00  7505.93  4.88
1031.8  154457.55  7543.71  4.88
1033.0  153250.60  7749.71  5.06
1034.2  153367.50  7369.61  4.81
1035.4  153496.85  7377.69  4.81
1036.7  153327.20  7582.11  4.95
1037.9  153151.35  7581.75  4.95
1039.1  154197.45  8010.26  5.19
1040.3  154017.60  8021.75  5.21
1041.5  153082.65  7759.95  5.07
1042.7  153794.55  7725.94  5.02
1043.9  154552.95  7690.44  4.98
1045.2  153200.40  7634.57  4.98
1046.4  153610.80  7837.29  5.10
1047.6  153659.80  7763.30  5.05
1048.8  153712.00  7411.11  4.82
1050.0  153777.00  7886.00  5.13
1051.2  153820.20  7806.66  5.08
1052.4  153442.70  7997.98  5.21
1053.6  152614.80  8175.79  5.36
1054.8  154375.30  7765.36  5.03
1056.0  154001.10  7652.23  4.97
1057.2  152662.85  7486.66  4.90
1058.4  151274.50  7646.84  5.05
1059.7  152697.60  7498.54  4.91
1060.9  151233.50  7666.21  5.07
1062.1  150210.00  7510.50  5.00
1063.3  149135.40  7346.57  4.93
1064.5  150651.00  7929.00  5.26
1065.7  148992.25  8126.85  5.45
1066.9  149466.60  7908.29  5.29
1068.1  150549.15  7710.06  5.12
1069.3  148190.70  7471.80  5.04
1070.5  148685.00  7221.84  4.86
1071.7  146140.80  6959.09  4.76
1072.9  149716.80  6683.79  4.46
1074.1  148389.10  7834.21  5.28
1075.3  151713.00  7706.06  5.08
1076.5  148110.75  7523.09  5.08
