/*** Spectra Vista SIG Data ***/
name= 230503_1734_R894_T896.sig
instrument= HK: 9202056 (HR-512i)
integration= 10.0, 0.0, 0.0, 500.0, 0.0, 0.0
scan method= Time-based, Time-based
scan coadds= 300, 0, 0, 6, 0, 0
scan time= 3, 3
scan settings= AI, AI
external data set1= 0,0,0,0,0,0,0,0,0,0,0,0,0,0,0,0,0,0,0,0,0,0,0,0,0,0,0,0,0,0,0,0
external data set2= 0,0,0,0,0,0,0,0,0,0,0,0,0,0,0,0,0,0,0,0,0,0,0,0,0,0,0,0,0,0,0,0
external data dark= 0,0,0,0,0,0,0,0,0,0,0,0,0,0,0,0
external data mask= 0
optic= LENS 4(1), LENS 4(1)
temp= 21.5, 0.0, 0.0, 23.5, 0.0, 0.0
battery= 8.33, 8.26
error= 0, 0
units= Radiance, Radiance
time= 5/3/2023 5:33:55 PM, 5/3/2023 5:34:58 PM
longitude= 07756.1981W     , 07756.1980W     
latitude= 3406.5871N      , 3406.5889N      
gpstime= 184249.375      , 184351.374      
comm= 
memory slot= 894, 896
factors= 1.000, 1.000, 1.000 [Overlap: Preserve, Matching Type: None]
inclinometer x offset= 4, 5
inclinometer y offset= -11, 17
data= 
339.7  72299.70  2492.72  3.45
341.4  78557.60  2680.00  3.41
343.0  82392.75  2789.70  3.39
344.7  84612.00  2823.61  3.34
346.4  88951.10  2945.64  3.31
348.0  93670.85  3058.64  3.27
349.7  98701.20  3181.46  3.22
351.3  107055.20  3400.10  3.18
353.0  113243.90  3548.40  3.13
354.6  121383.30  3736.47  3.08
356.2  122222.10  3694.61  3.02
357.9  114729.00  3396.78  2.96
359.5  115554.80  3347.53  2.90
361.2  124746.00  3558.93  2.85
362.8  131677.70  3696.26  2.81
364.5  140644.65  3895.34  2.77
366.1  153687.10  4206.68  2.74
367.7  163292.40  4418.78  2.71
369.4  165299.75  4432.66  2.68
371.0  167157.90  4455.18  2.67
372.6  163672.50  4328.49  2.64
374.3  155861.25  4104.93  2.63
375.9  158171.20  4142.80  2.62
377.5  172723.20  4493.50  2.60
379.1  184094.90  4745.75  2.58
380.8  180667.20  4632.66  2.56
382.4  168601.50  4295.25  2.55
384.0  151528.50  3859.46  2.55
385.6  157496.20  3998.58  2.54
387.3  167263.20  4232.59  2.53
388.9  175664.60  4415.89  2.51
390.5  189970.00  4756.16  2.50
392.1  198218.25  4920.08  2.48
393.8  180080.00  4451.20  2.47
395.4  181430.55  4474.83  2.47
397.0  192365.55  4716.96  2.45
398.6  215821.00  5259.85  2.44
400.2  264140.60  6380.08  2.42
401.8  296490.25  7092.72  2.39
403.4  312995.20  7418.68  2.37
405.0  315240.00  7404.00  2.35
406.6  313062.75  7284.59  2.33
408.3  315479.85  7269.00  2.30
409.9  322457.60  7351.78  2.28
411.5  327267.00  7398.18  2.26
413.1  339200.00  7608.00  2.24
414.7  344813.70  7680.67  2.23
416.3  348521.25  7728.71  2.22
417.9  348175.80  7693.75  2.21
419.5  345403.05  7606.87  2.20
421.1  347921.20  7643.22  2.20
422.7  350325.80  7673.64  2.19
424.3  347936.30  7604.95  2.19
425.9  347699.00  7581.12  2.18
427.5  343018.00  7462.34  2.18
429.1  333178.30  7229.90  2.17
430.7  313257.30  6789.43  2.17
432.3  317422.95  6871.55  2.16
433.9  341137.30  7356.08  2.16
435.5  356756.80  7662.51  2.15
437.1  375288.00  8031.68  2.14
438.7  376200.35  8023.98  2.13
440.3  377074.60  8022.95  2.13
441.9  390226.50  8283.42  2.12
443.5  406378.05  8586.65  2.11
445.0  415981.25  8747.43  2.10
446.6  418420.75  8760.48  2.09
448.2  427537.75  8924.58  2.09
449.8  439242.70  9140.91  2.08
451.4  451115.40  9363.48  2.08
453.0  449358.80  9305.97  2.07
454.6  443164.05  9169.94  2.07
456.2  445192.70  9209.66  2.07
457.8  450064.45  9303.79  2.07
459.3  450605.25  9309.66  2.07
460.9  452217.70  9343.09  2.07
462.5  458265.60  9470.50  2.07
464.1  458836.80  9481.92  2.07
465.7  454675.20  9401.14  2.07
467.2  450532.00  9317.90  2.07
468.8  448776.00  9281.21  2.07
470.4  447322.50  9251.82  2.07
472.0  449458.65  9290.18  2.07
473.6  454819.20  9390.28  2.06
475.1  458346.35  9445.78  2.06
476.7  459209.90  9448.60  2.06
478.3  462630.15  9513.76  2.06
479.9  466198.20  9591.75  2.06
481.5  468861.70  9661.98  2.06
483.0  468090.15  9660.95  2.06
484.6  459148.80  9491.71  2.07
486.2  438190.90  9080.46  2.07
487.8  426837.60  8865.61  2.08
489.3  435337.50  9046.50  2.08
490.9  444912.00  9245.69  2.08
492.5  446179.80  9275.88  2.08
494.0  449607.00  9354.95  2.08
495.6  453905.55  9448.71  2.08
497.2  455250.50  9488.60  2.08
498.8  450447.25  9399.81  2.09
500.3  443500.70  9265.59  2.09
501.9  435283.25  9102.97  2.09
503.5  433721.60  9072.60  2.09
505.0  435751.10  9120.56  2.09
506.6  439401.60  9203.26  2.09
508.2  437626.80  9182.81  2.10
509.7  436437.00  9179.24  2.10
511.3  435863.25  9185.47  2.11
512.9  431657.10  9116.90  2.11
514.4  423736.50  8973.10  2.12
516.0  414480.00  8800.80  2.12
517.5  401477.40  8554.16  2.13
519.1  400907.65  8563.17  2.14
520.7  409670.80  8758.29  2.14
522.2  414586.50  8871.23  2.14
523.8  420189.15  9002.38  2.14
525.4  422779.35  9071.12  2.15
526.9  417525.00  8981.04  2.15
528.5  420817.20  9072.93  2.16
530.0  428002.35  9244.78  2.16
531.6  430998.40  9327.70  2.16
533.2  428555.60  9297.38  2.17
534.7  430892.00  9373.84  2.18
536.3  431789.60  9415.86  2.18
537.8  429929.85  9397.68  2.19
539.4  426447.60  9339.29  2.19
541.0  422500.80  9276.36  2.20
542.5  422832.00  9300.65  2.20
544.1  426026.00  9390.85  2.20
545.6  427710.75  9444.99  2.21
547.2  427386.10  9457.30  2.21
548.7  427560.00  9488.08  2.22
550.3  428386.70  9530.46  2.22
551.8  428992.20  9566.99  2.23
553.4  430401.40  9621.61  2.24
554.9  432401.80  9689.01  2.24
556.5  430904.40  9680.38  2.25
558.0  427160.00  9621.72  2.25
559.6  423610.25  9567.60  2.26
561.1  425898.65  9637.04  2.26
562.7  428663.40  9718.68  2.27
564.2  431961.70  9811.53  2.27
565.8  431436.00  9812.50  2.27
567.3  431148.05  9814.92  2.28
568.9  430844.50  9808.17  2.28
570.4  428645.25  9765.85  2.28
572.0  429270.00  9784.04  2.28
573.5  432724.95  9866.41  2.28
575.1  433899.20  9898.85  2.28
576.6  433191.50  9891.76  2.28
578.2  431705.25  9871.14  2.29
579.7  431283.00  9882.49  2.29
581.2  433596.20  9957.60  2.30
582.8  437406.60  10067.15  2.30
584.3  438594.50  10107.30  2.30
585.9  436624.20  10067.20  2.31
587.4  432410.40  9956.52  2.30
588.9  422606.00  9699.90  2.30
590.5  416166.30  9529.49  2.29
592.0  417489.45  9545.96  2.29
593.6  419627.00  9583.65  2.28
595.1  420350.70  9588.92  2.28
596.6  421296.80  9599.66  2.28
598.2  421691.25  9593.78  2.28
599.7  420494.85  9544.82  2.27
601.2  418650.05  9479.46  2.26
602.8  418174.50  9448.68  2.26
604.3  419778.70  9468.98  2.26
605.8  421295.60  9494.54  2.25
607.4  421070.40  9487.94  2.25
608.9  418799.55  9438.84  2.25
610.5  416331.30  9390.85  2.26
612.0  414181.95  9352.90  2.26
613.5  411389.00  9299.09  2.26
615.0  408841.65  9252.40  2.26
616.6  405478.40  9186.43  2.27
618.1  405669.60  9197.50  2.27
619.6  407854.00  9254.52  2.27
621.2  409313.00  9294.82  2.27
622.7  407846.40  9268.22  2.27
624.2  405305.10  9213.70  2.27
625.8  402002.95  9142.34  2.27
627.3  399996.75  9094.23  2.27
628.8  397596.15  9037.18  2.27
630.3  395944.45  9008.73  2.28
631.8  395020.60  9004.63  2.28
633.4  395929.60  9052.49  2.29
634.9  397076.65  9103.25  2.29
636.4  398489.95  9160.68  2.30
638.0  400528.50  9232.38  2.31
639.5  400512.00  9254.28  2.31
641.0  399318.15  9250.09  2.32
642.5  398647.20  9253.09  2.32
644.0  398137.00  9259.62  2.33
645.5  396887.80  9235.89  2.33
647.1  394754.40  9183.90  2.33
648.6  392290.40  9118.91  2.32
650.1  390373.50  9083.64  2.33
651.6  390840.25  9104.17  2.33
653.1  391563.15  9124.35  2.33
654.7  388527.05  9042.99  2.33
656.2  377293.95  8767.30  2.32
657.7  371416.80  8611.17  2.32
659.2  376183.60  8693.79  2.31
660.7  382620.75  8817.52  2.30
662.2  388407.50  8921.59  2.30
663.7  391039.95  8963.25  2.29
665.2  391742.80  8971.51  2.29
666.8  391972.40  8970.81  2.29
668.3  391689.00  8969.24  2.29
669.8  391355.25  8971.56  2.29
671.3  390394.10  8951.91  2.29
672.8  389715.45  8942.54  2.29
674.3  389170.10  8933.10  2.30
675.8  389001.50  8935.47  2.30
677.3  388615.50  8929.21  2.30
678.8  388163.60  8923.42  2.30
680.3  387333.80  8909.83  2.30
681.8  386174.95  8890.43  2.30
683.3  383799.90  8844.36  2.30
684.8  378967.20  8734.97  2.30
686.3  364115.60  8365.23  2.30
687.8  344853.60  7885.33  2.29
689.3  337063.30  7685.31  2.28
690.8  337548.00  7692.67  2.28
692.3  343013.70  7799.60  2.27
693.8  347122.40  7869.30  2.27
695.3  350101.70  7909.85  2.26
696.8  354116.20  7981.52  2.25
698.3  354984.00  7963.20  2.24
699.8  353105.60  7853.94  2.22
701.3  350087.90  7716.58  2.20
702.8  349810.60  7642.17  2.18
704.2  351475.40  7608.40  2.16
705.7  353438.40  7567.25  2.14
707.2  354320.05  7502.24  2.12
708.7  354469.20  7409.78  2.09
710.2  354640.75  7308.75  2.06
711.7  353849.00  7171.14  2.03
713.2  352366.40  7006.59  1.99
714.7  349479.60  6797.35  1.94
716.2  340769.20  6442.01  1.89
717.6  323028.00  5895.72  1.83
719.1  304983.40  5377.72  1.76
720.6  300179.20  5146.24  1.71
722.1  306453.50  5142.62  1.68
723.6  307249.90  5021.46  1.63
725.0  304310.70  4836.69  1.59
726.5  303105.30  4684.76  1.55
728.0  302487.75  4546.45  1.50
729.5  302297.20  4413.53  1.46
731.0  304773.45  4317.21  1.42
732.4  310850.10  4292.77  1.38
733.9  318659.25  4308.52  1.35
735.4  323528.15  4282.74  1.32
736.8  325584.00  4237.38  1.30
738.3  326206.80  4194.58  1.29
739.8  325998.75  4158.00  1.28
741.2  325428.30  4136.64  1.27
742.7  325988.80  4127.71  1.27
744.2  327810.00  4141.87  1.26
745.7  328600.50  4143.95  1.26
747.1  329245.50  4139.60  1.26
748.6  328719.75  4125.09  1.25
750.0  327085.45  4096.30  1.25
751.5  325479.70  4070.48  1.25
753.0  324553.15  4049.99  1.25
754.4  324198.00  4036.20  1.24
755.9  323062.50  4007.50  1.24
757.3  320230.95  3958.28  1.24
758.8  299536.90  3661.15  1.22
760.3  236715.00  2819.94  1.19
761.7  186758.00  2157.51  1.16
763.2  171534.00  1928.52  1.12
764.6  176356.80  1971.36  1.12
766.1  203750.40  2323.78  1.14
767.5  239374.80  2802.21  1.17
769.0  269821.50  3218.13  1.19
770.4  289672.75  3497.13  1.21
771.9  300300.00  3654.00  1.22
773.3  305569.25  3729.94  1.22
774.8  307307.00  3758.04  1.22
776.2  308070.30  3772.61  1.22
777.7  308034.65  3777.47  1.23
779.1  307174.00  3771.04  1.23
780.5  306470.55  3765.49  1.23
782.0  305751.35  3763.68  1.23
783.4  304512.00  3761.66  1.24
784.9  303342.20  3748.40  1.24
786.3  302355.60  3741.42  1.24
787.8  300395.70  3713.03  1.24
789.2  297734.10  3681.61  1.24
790.6  294723.60  3651.23  1.24
792.0  292049.80  3626.88  1.24
793.5  289332.00  3610.73  1.25
794.9  287846.55  3608.18  1.25
796.3  287730.90  3605.81  1.25
797.8  288275.00  3633.15  1.26
799.2  288320.00  3647.25  1.27
800.6  286982.80  3638.35  1.27
802.1  285570.45  3628.95  1.27
803.5  284367.60  3615.61  1.27
804.9  283405.20  3613.27  1.27
806.3  283572.75  3634.35  1.28
807.8  283147.50  3634.22  1.28
809.2  281222.15  3599.40  1.28
810.6  278966.25  3555.15  1.27
812.0  275748.00  3476.10  1.26
813.4  268918.75  3349.00  1.25
814.8  258131.45  3161.54  1.22
816.3  246727.80  2986.24  1.21
817.7  239028.40  2862.08  1.20
819.1  236278.35  2813.97  1.19
820.5  239778.00  2859.78  1.19
821.9  242093.05  2870.38  1.19
823.3  236074.30  2742.66  1.16
824.7  239324.90  2746.23  1.15
826.1  246153.60  2806.50  1.14
827.5  248120.25  2768.03  1.12
828.9  246228.75  2697.70  1.10
830.3  245962.75  2634.12  1.07
831.7  246205.80  2593.16  1.05
833.2  246408.60  2554.56  1.04
834.5  248584.00  2539.88  1.02
835.9  252356.00  2553.73  1.01
837.3  255802.25  2584.48  1.01
838.7  257922.50  2590.53  1.00
840.1  259659.60  2605.19  1.00
841.5  260411.40  2605.57  1.00
842.9  260249.25  2592.17  1.00
844.3  259532.00  2595.32  1.00
845.7  259842.40  2580.23  0.99
847.1  259753.00  2576.01  0.99
848.5  258389.25  2560.53  0.99
849.9  253271.60  2497.98  0.99
851.2  250158.15  2445.56  0.98
852.6  249224.55  2429.01  0.97
854.0  240754.80  2335.19  0.97
855.4  235501.70  2275.07  0.97
856.8  241169.50  2330.74  0.97
858.2  246536.55  2378.23  0.96
859.5  249120.00  2394.32  0.96
860.9  249835.20  2396.74  0.96
862.3  250134.00  2405.54  0.96
863.7  250153.30  2397.45  0.96
865.0  246998.25  2355.48  0.95
866.4  237489.00  2260.75  0.95
867.8  234554.10  2222.48  0.95
869.1  237384.60  2237.98  0.94
870.5  240597.00  2260.85  0.94
871.9  242204.90  2257.74  0.93
873.2  242472.30  2250.55  0.93
874.6  241285.80  2246.45  0.93
876.0  240519.40  2214.62  0.92
877.3  240326.45  2218.40  0.92
878.7  240051.90  2209.22  0.92
880.0  238597.20  2169.44  0.91
881.4  236883.00  2153.87  0.91
882.8  237142.95  2151.58  0.91
884.1  237442.50  2127.90  0.90
885.5  236576.85  2105.34  0.89
886.8  234727.35  2096.81  0.89
888.2  233997.05  2077.48  0.89
889.5  234191.65  2076.15  0.89
890.9  233883.20  2057.99  0.88
892.2  231984.25  2033.07  0.88
893.6  228024.30  1963.94  0.86
894.9  221923.80  1872.11  0.84
896.2  211920.75  1752.66  0.83
897.6  201966.00  1643.28  0.81
898.9  191865.50  1541.91  0.80
900.3  184833.35  1466.53  0.79
901.6  181645.80  1429.60  0.79
903.0  185730.40  1478.58  0.80
904.3  195862.30  1585.80  0.81
905.6  200982.60  1627.00  0.81
907.0  196647.75  1548.37  0.79
908.3  188271.20  1472.24  0.78
909.6  182839.55  1403.90  0.77
911.0  181936.40  1411.62  0.78
912.3  182274.75  1397.73  0.77
913.6  179789.10  1364.32  0.76
914.9  178265.60  1331.13  0.75
916.2  176952.40  1312.30  0.74
917.6  177230.10  1311.92  0.74
918.9  180648.80  1354.87  0.75
920.2  186877.60  1417.05  0.76
921.5  189728.00  1442.56  0.76
922.9  188892.00  1431.00  0.76
924.2  187401.55  1393.42  0.74
925.5  186205.25  1354.82  0.73
926.8  185699.80  1348.73  0.73
928.1  178848.50  1262.06  0.71
929.4  165007.05  1138.93  0.69
930.7  147531.20  999.86  0.68
932.0  126342.60  842.28  0.67
933.4  106550.80  686.01  0.64
934.7  92889.45  596.88  0.64
936.0  87986.00  538.54  0.61
937.3  86262.40  508.33  0.59
938.6  94210.60  583.95  0.62
939.9  109254.00  668.10  0.61
941.2  116216.00  716.40  0.62
942.5  115105.20  713.33  0.62
943.8  108816.25  670.28  0.62
945.1  104383.20  648.19  0.62
946.4  103430.80  624.00  0.60
947.7  105847.20  642.02  0.61
949.0  107701.60  662.10  0.61
950.2  109882.50  654.81  0.60
951.5  112139.10  674.66  0.60
952.8  111607.10  666.86  0.60
954.1  113486.90  668.68  0.59
955.4  113044.00  680.18  0.60
956.7  115347.90  710.58  0.62
958.0  119150.40  711.94  0.60
959.3  119282.10  724.75  0.61
960.5  122832.00  767.70  0.63
961.8  127547.00  812.14  0.64
963.1  131464.80  816.35  0.62
964.4  134787.50  862.64  0.64
965.7  137686.05  822.83  0.60
966.9  142455.75  905.01  0.64
968.2  152532.20  1024.47  0.67
969.5  161017.60  1112.06  0.69
970.8  165790.00  1156.40  0.70
972.0  167860.35  1143.14  0.68
973.3  164498.40  1055.74  0.64
974.6  160243.20  1076.63  0.67
975.8  157598.35  1046.40  0.66
977.1  158095.80  1093.01  0.69
978.4  159939.65  1048.57  0.66
979.6  161042.70  1069.11  0.66
980.9  165089.25  1063.76  0.64
982.2  168435.25  1155.79  0.69
983.4  171912.70  1237.20  0.72
984.7  173176.80  1276.81  0.74
985.9  175418.10  1244.42  0.71
987.2  176992.20  1256.57  0.71
988.5  177661.55  1252.24  0.70
989.7  178556.10  1233.08  0.69
991.0  178454.80  1293.39  0.72
992.2  179171.50  1306.11  0.73
993.5  179071.20  1336.61  0.75
994.7  179631.25  1419.53  0.79
996.0  179330.00  1416.71  0.79
997.2  179458.50  1398.86  0.78
998.5  178652.25  1380.07  0.77
999.7  178544.40  1358.49  0.76
1001.0  177181.20  1373.65  0.78
1002.2  175035.80  1282.24  0.73
1003.4  173686.80  1281.97  0.74
1004.7  170387.80  1267.52  0.74
1005.9  168447.60  1330.94  0.79
1007.2  168925.05  1367.98  0.81
1008.4  167678.10  1337.31  0.80
1009.6  168149.20  1353.40  0.80
1010.9  168390.75  1306.30  0.78
1012.1  168060.75  1263.00  0.75
1013.3  168201.00  1243.67  0.74
1014.6  168564.00  1348.51  0.80
1015.8  167335.80  1375.64  0.82
1017.1  167362.20  1487.66  0.89
1018.3  166808.00  1397.02  0.84
1019.5  166958.60  1352.58  0.81
1020.8  167349.00  1416.03  0.85
1022.0  165824.40  1374.60  0.83
1023.2  164738.80  1335.72  0.81
1024.4  165877.90  1317.93  0.79
1025.7  165915.75  1345.89  0.81
1026.9  166488.00  1331.90  0.80
1028.1  167092.05  1366.01  0.82
1029.3  166203.45  1349.62  0.81
1030.6  165313.50  1384.02  0.84
1031.8  166338.90  1425.76  0.86
1033.0  165456.40  1491.82  0.90
1034.2  164521.50  1533.68  0.93
1035.4  164973.25  1606.70  0.97
1036.7  165121.60  1503.79  0.91
1037.9  165282.15  1486.02  0.90
1039.1  166657.85  1432.95  0.86
1040.3  166852.40  1411.83  0.85
1041.5  166251.05  1415.60  0.85
1042.7  165624.90  1419.64  0.86
1043.9  166708.80  1528.16  0.92
1045.2  165670.20  1674.52  1.01
1046.4  164583.00  1572.68  0.96
1047.6  163029.30  1536.60  0.94
1048.8  163319.00  1613.98  0.99
1050.0  165606.00  1537.77  0.93
1051.2  165963.90  1538.20  0.93
1052.4  165884.00  1492.96  0.90
1053.6  165332.70  1483.76  0.90
1054.8  165246.80  1391.55  0.84
1056.0  165160.60  1473.05  0.89
1057.2  164055.60  1640.56  1.00
1058.4  165238.30  1629.11  0.99
1059.7  162241.20  1479.26  0.91
1060.9  160990.50  1463.55  0.91
1062.1  160224.00  1502.10  0.94
1063.3  159420.60  1491.35  0.94
1064.5  161223.00  1585.80  0.98
1065.7  159828.05  1517.01  0.95
1066.9  160538.20  1771.46  1.10
1068.1  159070.80  1533.90  0.96
1069.3  159813.50  1452.85  0.91
1070.5  160579.80  1724.75  1.07
1071.7  158319.20  1583.19  1.00
1072.9  159074.10  1372.40  0.86
1074.1  158066.65  1548.41  0.98
1075.3  158455.80  1618.27  1.02
1076.5  157984.80  1579.85  1.00
