/*** Spectra Vista SIG Data ***/
name= 230505_1713_R953_T957.sig
instrument= HK: 9202056 (HR-512i)
integration= 10.0, 0.0, 0.0, 200.0, 0.0, 0.0
scan method= Time-based, Time-based
scan coadds= 500, 0, 0, 25, 0, 0
scan time= 5, 5
scan settings= AI, AI
external data set1= 0,0,0,0,0,0,0,0,0,0,0,0,0,0,0,0,0,0,0,0,0,0,0,0,0,0,0,0,0,0,0,0
external data set2= 0,0,0,0,0,0,0,0,0,0,0,0,0,0,0,0,0,0,0,0,0,0,0,0,0,0,0,0,0,0,0,0
external data dark= 0,0,0,0,0,0,0,0,0,0,0,0,0,0,0,0
external data mask= 0
optic= LENS 4(1), LENS 4(1)
temp= 24.8, 0.0, 0.0, 26.1, 0.0, 0.0
battery= 8.24, 8.25
error= 0, 0
units= Radiance, Radiance
time= 5/5/2023 5:11:29 PM, 5/5/2023 5:13:26 PM
longitude=                 , 07748.6874W     
latitude=                 , 3410.9835N      
gpstime=                 , 182124.000      
comm= 
memory slot= 953, 957
factors= 1.000, 1.000, 1.000 [Overlap: Preserve, Matching Type: None]
inclinometer x offset= 3, 3
inclinometer y offset= -16, 23
data= 
339.7  44782.65  5305.58  11.85
341.4  48316.40  5718.02  11.83
343.0  50434.35  5917.30  11.73
344.7  51440.25  6017.39  11.70
346.4  54044.30  6269.45  11.60
348.0  56614.25  6529.02  11.53
349.7  59529.60  6816.42  11.45
351.3  64178.50  7284.94  11.35
353.0  67518.50  7614.22  11.28
354.6  72075.40  8046.69  11.16
356.2  71783.25  7908.86  11.02
357.9  67134.00  7308.34  10.89
359.5  67662.80  7306.60  10.80
361.2  72523.90  7729.36  10.66
362.8  76465.90  8074.12  10.56
364.5  81425.85  8543.04  10.49
366.1  88670.30  9267.32  10.45
367.7  93585.60  9726.39  10.39
369.4  94405.85  9768.80  10.35
371.0  94994.90  9818.90  10.34
372.6  92551.50  9543.64  10.31
374.3  87912.75  9071.48  10.32
375.9  89431.10  9247.73  10.34
377.5  97494.15  10064.28  10.32
379.1  103101.90  10605.71  10.29
380.8  100654.40  10326.12  10.26
382.4  93357.00  9558.23  10.24
384.0  84193.65  8665.22  10.29
385.6  87778.40  9059.43  10.32
387.3  92944.80  9579.96  10.31
388.9  97631.40  10041.83  10.29
390.5  105519.70  10823.97  10.26
392.1  109307.25  11151.34  10.20
393.8  99120.00  10088.00  10.18
395.4  100871.40  10271.10  10.18
397.0  106649.40  10822.86  10.15
398.6  120775.40  12218.14  10.12
400.2  147403.80  14777.45  10.03
401.8  164918.25  16378.51  9.93
403.4  173692.40  17082.66  9.84
405.0  174840.00  17046.00  9.75
406.6  173769.75  16799.48  9.67
408.3  175464.45  16828.56  9.59
409.9  179131.20  17039.44  9.51
411.5  181953.00  17193.94  9.45
413.1  188400.00  17700.00  9.39
414.7  191219.70  17880.66  9.35
416.3  193030.75  18003.43  9.33
417.9  192389.10  17922.95  9.32
419.5  190611.15  17755.80  9.32
421.1  191829.60  17877.56  9.32
422.7  192572.60  17944.74  9.32
424.3  191043.90  17809.91  9.32
425.9  190511.75  17772.40  9.33
427.5  187467.00  17490.60  9.33
429.1  181545.95  16931.57  9.33
430.7  170352.45  15915.37  9.34
432.3  173495.40  16248.90  9.37
433.9  185828.65  17388.77  9.36
435.5  194055.00  18151.75  9.35
437.1  203528.00  19011.40  9.34
438.7  203263.10  18977.44  9.34
440.3  203835.45  19048.30  9.34
441.9  210795.75  19708.31  9.35
443.5  219011.20  20457.32  9.34
445.0  223626.25  20861.06  9.33
446.6  224615.60  20956.18  9.33
448.2  229449.85  21430.01  9.34
449.8  235402.05  22019.63  9.35
451.4  241417.85  22607.71  9.36
453.0  239775.80  22473.96  9.37
454.6  236410.65  22218.73  9.40
456.2  237360.60  22376.94  9.43
457.8  239609.95  22643.12  9.45
459.3  239509.80  22686.77  9.47
460.9  240292.80  22826.60  9.50
462.5  243168.00  23164.20  9.53
464.1  243045.60  23205.00  9.55
465.7  240516.00  23023.44  9.57
467.2  238061.50  22848.53  9.60
468.8  236948.85  22794.49  9.62
470.4  235872.00  22732.65  9.64
472.0  236894.85  22878.45  9.66
473.6  239374.30  23148.48  9.67
475.1  240858.55  23304.83  9.68
476.7  240939.30  23323.75  9.68
478.3  242538.60  23522.06  9.70
479.9  244256.85  23767.97  9.73
481.5  245536.80  23999.36  9.77
483.0  244886.40  24028.71  9.81
484.6  239808.00  23604.48  9.84
486.2  228518.50  22558.10  9.87
487.8  223095.60  22113.00  9.91
489.3  227550.00  22623.75  9.94
490.9  232239.60  23132.82  9.96
492.5  232597.20  23222.87  9.98
494.0  234366.50  23462.20  10.01
495.6  236379.85  23717.30  10.03
497.2  236787.30  23814.20  10.06
498.8  234028.70  23587.41  10.08
500.3  230165.10  23252.47  10.10
501.9  225810.25  22855.03  10.12
503.5  224803.80  22771.06  10.13
505.0  225679.45  22894.78  10.14
506.6  227354.85  23124.76  10.17
508.2  226281.60  23080.14  10.20
509.7  225694.80  23096.66  10.23
511.3  225330.10  23124.57  10.26
512.9  222970.05  22935.08  10.29
514.4  218868.00  22570.00  10.31
516.0  213810.00  22108.50  10.34
517.5  207070.20  21495.44  10.38
519.1  207098.45  21578.99  10.42
520.7  211596.00  22109.78  10.45
522.2  214018.50  22405.30  10.47
523.8  216840.80  22758.37  10.50
525.4  217838.55  22912.04  10.52
526.9  215091.30  22685.53  10.55
528.5  217038.15  22957.35  10.58
530.0  220633.65  23384.13  10.60
531.6  221917.60  23557.80  10.62
533.2  220583.40  23468.66  10.64
534.7  221788.00  23653.00  10.66
536.3  222094.20  23724.52  10.68
537.8  221034.10  23642.13  10.70
539.4  219033.60  23448.96  10.71
541.0  216963.60  23243.34  10.71
542.5  217101.60  23273.70  10.72
544.1  218636.10  23457.75  10.73
545.6  219363.75  23541.71  10.73
547.2  219095.95  23527.68  10.74
548.7  219240.00  23560.60  10.75
550.3  219626.30  23615.04  10.75
551.8  219854.25  23656.66  10.76
553.4  220506.00  23745.15  10.77
554.9  221402.90  23862.73  10.78
556.5  220460.00  23780.48  10.79
558.0  218477.00  23583.78  10.79
559.6  216669.25  23407.30  10.80
561.1  217832.45  23539.67  10.81
562.7  219157.35  23671.48  10.80
564.2  220639.20  23811.57  10.79
565.8  220239.60  23728.98  10.77
567.3  219961.30  23626.81  10.74
568.9  219381.70  23454.66  10.69
570.4  218033.10  23205.22  10.64
572.0  218232.75  23133.23  10.60
573.5  219727.20  23186.15  10.55
575.1  220035.20  23105.52  10.50
576.6  219539.00  22948.20  10.45
578.2  218657.10  22757.63  10.41
579.7  218572.25  22657.78  10.37
581.2  219845.90  22703.00  10.33
582.8  221879.75  22799.68  10.28
584.3  222408.75  22701.25  10.21
585.9  221233.20  22370.49  10.11
587.4  218570.40  21801.96  9.97
588.9  212645.75  20819.18  9.79
590.5  208960.30  20095.01  9.62
592.0  209397.00  19839.20  9.47
593.6  210371.20  19671.60  9.35
595.1  210703.90  19442.12  9.23
596.6  211422.40  19258.84  9.11
598.2  211870.75  19039.53  8.99
599.7  211631.90  18746.49  8.86
601.2  211039.50  18429.72  8.73
602.8  211083.65  18199.33  8.62
604.3  212025.40  18084.63  8.53
605.8  212856.00  18000.45  8.46
607.4  212649.30  17864.15  8.40
608.9  211433.85  17670.80  8.36
610.5  210118.70  17487.17  8.32
612.0  208924.95  17322.73  8.29
613.5  207408.00  17140.59  8.26
615.0  206012.45  16959.23  8.23
616.6  204280.80  16756.44  8.20
618.1  204384.60  16698.15  8.17
619.6  205390.00  16716.20  8.14
621.2  205898.00  16685.76  8.10
622.7  204979.20  16536.96  8.07
624.2  203523.30  16337.21  8.03
625.8  201722.05  16090.25  7.98
627.3  200410.50  15839.34  7.90
628.8  198857.40  15566.88  7.83
630.3  197912.30  15418.70  7.79
631.8  197510.30  15358.33  7.78
633.4  198046.20  15398.85  7.78
634.9  198682.00  15455.33  7.78
636.4  199513.75  15520.72  7.78
638.0  200618.70  15602.06  7.78
639.5  200592.00  15582.00  7.77
641.0  200061.40  15517.04  7.76
642.5  199750.60  15455.27  7.74
644.0  199391.00  15374.65  7.71
645.5  198443.90  15200.47  7.66
647.1  196854.00  14919.92  7.58
648.6  195091.60  14645.04  7.51
650.1  194080.50  14514.00  7.48
651.6  194408.75  14487.39  7.45
653.1  194791.50  14471.21  7.43
654.7  193115.70  14265.83  7.39
656.2  187400.15  13759.77  7.34
657.7  184976.80  13503.92  7.30
659.2  187617.30  13634.76  7.27
660.7  191047.75  13814.08  7.23
662.2  193987.30  13958.62  7.20
663.7  195350.40  13985.09  7.16
665.2  195676.60  13962.29  7.14
666.8  195741.95  13927.14  7.12
668.3  195648.90  13899.83  7.10
669.8  195359.45  13860.19  7.09
671.3  194779.70  13806.92  7.09
672.8  194437.40  13752.05  7.07
674.3  194011.20  13692.56  7.06
675.8  193920.00  13647.63  7.04
677.3  193669.00  13592.60  7.02
678.8  193358.00  13529.89  7.00
680.3  192830.10  13464.64  6.98
681.8  192162.60  13392.19  6.97
683.3  190832.95  13265.48  6.95
684.8  188138.60  13003.46  6.91
686.3  179781.40  12227.52  6.80
687.8  169696.80  11283.09  6.65
689.3  165729.20  10858.12  6.55
690.8  165986.40  10821.96  6.52
692.3  168346.20  10915.33  6.48
693.8  169717.90  10897.71  6.42
695.3  171054.00  10959.20  6.41
696.8  173489.40  11164.13  6.44
698.3  173992.00  11152.40  6.41
699.8  172726.75  10934.74  6.33
701.3  171109.15  10716.87  6.26
702.8  171226.50  10676.64  6.24
704.2  172429.00  10727.72  6.22
705.7  173664.00  10752.16  6.19
707.2  174407.35  10762.16  6.17
708.7  174831.60  10744.08  6.15
710.2  175102.20  10711.38  6.12
711.7  174945.00  10638.48  6.08
713.2  174307.20  10502.92  6.03
714.7  172484.40  10221.80  5.93
716.2  166672.40  9525.29  5.71
717.6  155412.00  8407.80  5.41
719.1  145039.20  7476.89  5.16
720.6  142908.80  7267.84  5.09
722.1  147095.50  7567.33  5.14
723.6  147252.40  7493.90  5.09
725.0  145375.20  7238.57  4.98
726.5  144671.40  7093.19  4.90
728.0  144352.80  7015.61  4.86
729.5  144560.00  6991.70  4.84
731.0  146271.15  7070.61  4.83
732.4  150404.10  7430.45  4.94
733.9  155695.05  7889.00  5.07
735.4  158959.90  8160.43  5.13
736.8  160626.00  8307.75  5.17
738.3  161612.30  8444.79  5.23
739.8  162104.25  8581.65  5.29
741.2  162423.90  8719.11  5.37
742.7  163286.40  8870.96  5.43
744.2  164640.00  9022.86  5.48
745.7  165307.50  9118.58  5.52
747.1  165786.90  9172.91  5.53
748.6  165653.10  9184.91  5.54
750.0  164907.35  9149.05  5.55
751.5  164175.70  9110.01  5.55
753.0  163784.55  9087.86  5.55
754.4  163618.00  9073.70  5.55
755.9  163062.50  9031.25  5.54
757.3  161471.05  8902.66  5.51
758.8  149322.90  8019.90  5.37
760.3  115519.50  5753.40  4.98
761.7  90375.20  4058.40  4.49
763.2  82368.00  3359.40  4.08
764.6  85114.80  3423.24  4.02
766.1  99792.00  4374.72  4.38
767.5  118873.20  5729.93  4.82
769.0  135082.00  6925.35  5.13
770.4  145702.00  7735.23  5.31
771.9  151480.00  8204.00  5.42
773.3  154305.75  8447.55  5.47
774.8  155369.50  8551.40  5.50
776.2  155878.80  8603.70  5.52
777.7  155809.50  8617.07  5.53
779.1  155474.00  8598.80  5.53
780.5  155071.55  8578.03  5.53
782.0  154734.00  8555.88  5.53
783.4  154137.60  8509.44  5.52
784.9  153499.40  8452.97  5.51
786.3  152714.40  8360.68  5.47
787.8  151395.60  8204.59  5.42
789.2  149514.65  7997.86  5.35
790.6  147607.95  7819.37  5.30
792.0  146191.50  7734.41  5.29
793.5  145089.00  7732.44  5.33
794.9  144567.90  7744.10  5.36
796.3  144302.20  7669.33  5.31
797.8  144581.00  7659.25  5.30
799.2  144520.40  7649.49  5.29
800.6  143628.80  7575.32  5.27
802.1  142738.70  7495.18  5.25
803.5  142089.20  7440.29  5.24
804.9  141798.80  7469.93  5.27
806.3  142226.25  7560.96  5.32
807.8  142169.85  7585.37  5.34
809.2  141065.80  7492.86  5.31
810.6  139431.75  7284.98  5.22
812.0  137038.40  6992.93  5.10
813.4  132175.00  6518.44  4.93
814.8  125121.90  5915.74  4.73
816.3  118416.15  5415.04  4.57
817.7  114259.60  5131.62  4.49
819.1  113309.05  5091.52  4.49
820.5  116077.50  5376.53  4.63
821.9  117350.00  5491.98  4.68
823.3  113859.90  5221.56  4.59
824.7  116205.40  5416.05  4.66
826.1  120243.20  5704.16  4.74
827.5  121116.75  5711.40  4.72
828.9  120124.00  5605.36  4.67
830.3  120202.50  5622.38  4.68
831.7  120612.00  5656.97  4.69
833.2  120942.45  5714.50  4.72
834.5  122535.70  5863.34  4.79
835.9  124943.65  6068.89  4.86
837.3  126996.00  6245.36  4.92
838.7  128537.50  6398.63  4.98
840.1  129829.80  6527.32  5.03
841.5  130569.20  6615.70  5.07
842.9  130640.70  6657.37  5.10
844.3  130513.50  6705.08  5.14
845.7  130830.80  6776.52  5.18
847.1  131106.10  6816.60  5.20
848.5  130362.75  6790.70  5.21
849.9  127899.00  6647.59  5.20
851.2  126439.50  6578.06  5.20
852.6  125666.25  6542.75  5.21
854.0  121364.10  6314.88  5.20
855.4  119083.25  6212.32  5.22
856.8  122102.60  6400.27  5.24
858.2  124891.35  6543.56  5.24
859.5  126117.00  6625.90  5.25
860.9  126494.40  6640.08  5.25
862.3  126663.60  6670.24  5.27
863.7  126871.15  6693.49  5.28
865.0  124862.25  6597.53  5.28
866.4  120033.20  6342.25  5.28
867.8  118768.65  6283.37  5.29
869.1  120390.60  6368.63  5.29
870.5  121826.10  6454.11  5.30
871.9  122745.50  6485.22  5.28
873.2  122703.90  6507.03  5.30
874.6  122227.70  6438.25  5.27
876.0  121764.20  6439.26  5.29
877.3  121686.85  6429.70  5.28
878.7  121568.70  6407.56  5.27
880.0  120756.00  6350.10  5.26
881.4  119916.75  6301.43  5.25
882.8  119958.90  6296.78  5.25
884.1  120235.00  6303.69  5.24
885.5  119492.10  6237.23  5.22
886.8  118582.75  6172.95  5.21
888.2  118008.10  6135.97  5.20
889.5  118118.00  6133.05  5.19
890.9  117862.40  6088.79  5.17
892.2  116575.00  5933.67  5.09
893.6  113776.10  5653.40  4.97
894.9  109645.20  5230.89  4.77
896.2  103411.50  4709.35  4.55
897.6  97170.00  4268.10  4.39
898.9  91566.50  3904.68  4.26
900.3  87738.95  3678.97  4.19
901.6  86339.40  3573.99  4.14
903.0  89233.60  3748.33  4.20
904.3  95043.10  4174.55  4.39
905.6  97566.95  4320.06  4.43
907.0  94682.25  4059.74  4.29
908.3  90030.85  3735.32  4.15
909.6  86564.40  3523.62  4.07
911.0  86328.40  3515.00  4.07
912.3  86145.50  3508.58  4.07
913.6  84691.65  3367.43  3.98
914.9  83562.00  3283.84  3.93
916.2  82835.10  3221.37  3.89
917.6  83048.40  3219.63  3.88
918.9  85747.15  3463.45  4.04
920.2  90035.40  3805.62  4.23
921.5  91884.80  3967.04  4.32
922.9  91584.00  3975.00  4.34
924.2  90314.00  3822.22  4.23
925.5  89666.50  3796.10  4.23
926.8  89029.60  3704.03  4.16
928.1  84025.05  3307.01  3.94
929.4  75814.05  2761.55  3.64
930.7  65724.80  2202.48  3.35
932.0  54605.70  1677.43  3.07
933.4  44517.80  1258.91  2.83
934.7  38424.15  1007.24  2.62
936.0  36028.75  967.09  2.68
937.3  35044.10  904.99  2.58
938.6  39708.60  1109.51  2.79
939.9  47160.00  1375.50  2.92
941.2  50148.00  1452.70  2.90
942.5  49851.90  1398.29  2.80
943.8  46753.75  1303.31  2.79
945.1  44615.40  1262.70  2.83
946.4  44022.20  1239.46  2.82
947.7  45115.20  1279.71  2.84
949.0  46347.00  1324.20  2.86
950.2  47541.00  1345.50  2.83
951.5  48320.10  1390.34  2.88
952.8  48162.40  1366.15  2.84
954.1  49444.50  1412.70  2.86
955.4  49337.00  1437.00  2.91
956.7  50616.80  1533.11  3.03
958.0  52900.80  1656.24  3.13
959.3  52846.50  1635.73  3.10
960.5  54762.60  1688.94  3.08
961.8  57266.00  1822.10  3.18
963.1  59371.20  1961.37  3.30
964.4  60923.95  2129.64  3.50
965.7  63083.25  2166.77  3.43
966.9  65920.70  2430.13  3.69
968.2  72282.05  2760.38  3.82
969.5  77612.80  3127.68  4.03
970.8  80240.00  3333.50  4.15
972.0  81222.75  3429.41  4.22
973.3  79180.20  3283.83  4.15
974.6  76365.90  3129.75  4.10
975.8  75289.90  3030.74  4.03
977.1  76120.20  3057.82  4.02
978.4  76983.40  3119.16  4.05
979.6  77814.75  3214.09  4.13
980.9  80127.00  3488.29  4.35
982.2  83160.50  3629.46  4.36
983.4  84877.40  3812.29  4.49
984.7  85854.60  3925.83  4.57
985.9  87709.05  4123.08  4.70
987.2  88879.20  4214.10  4.74
988.5  89222.10  4343.71  4.87
989.7  89678.40  4363.82  4.87
991.0  90864.60  4420.44  4.86
992.2  90423.00  4437.43  4.91
993.5  90820.80  4541.04  5.00
994.7  90253.75  4512.69  5.00
996.0  91458.30  4572.92  5.00
997.2  91109.70  4555.49  5.00
998.5  90744.00  4631.73  5.10
999.7  91212.90  4609.16  5.05
1001.0  90581.40  4678.38  5.16
1002.2  89553.20  4528.54  5.06
1003.4  88911.10  4445.56  5.00
1004.7  87271.80  4467.49  5.12
1005.9  86303.40  4367.16  5.06
1007.2  86017.05  4456.31  5.18
1008.4  86410.80  4423.41  5.12
1009.6  86125.20  4511.32  5.24
1010.9  86746.75  4541.45  5.24
1012.1  86576.75  4634.40  5.35
1013.3  85629.60  4740.21  5.54
1014.6  85814.40  4750.44  5.54
1015.8  85207.80  4773.69  5.60
1017.1  85747.30  4700.61  5.48
1018.3  85489.10  4743.60  5.55
1019.5  85592.70  4649.48  5.43
1020.8  84747.25  4666.46  5.51
1022.0  85094.10  4636.54  5.45
1023.2  85708.70  4730.68  5.52
1024.4  85211.25  4885.45  5.73
1025.7  84698.25  4873.05  5.75
1026.9  85622.40  4816.26  5.63
1028.1  84155.85  4695.65  5.58
1029.3  84976.20  4748.67  5.59
1030.6  84579.00  4677.48  5.53
1031.8  85809.75  4752.54  5.54
1033.0  85440.60  4746.70  5.56
1034.2  86443.50  4810.16  5.56
1035.4  86073.00  4662.29  5.42
1036.7  85509.40  4791.48  5.60
1037.9  84915.60  4776.50  5.63
1039.1  85665.25  4828.41  5.64
1040.3  85030.55  4813.05  5.66
1041.5  83948.55  4773.55  5.69
1042.7  84502.50  4732.14  5.60
1043.9  85090.95  4601.86  5.41
1045.2  85507.20  4631.64  5.42
1046.4  85948.90  4663.19  5.43
1047.6  86199.40  4684.75  5.43
1048.8  86463.00  4611.36  5.33
1050.0  84774.50  4731.60  5.58
1051.2  85005.90  4553.89  5.36
1052.4  85015.55  4665.49  5.49
1053.6  84786.00  4769.21  5.63
1054.8  84797.70  4783.46  5.64
1056.0  84812.20  4686.99  5.53
1057.2  84306.35  4671.03  5.54
1058.4  86110.10  4538.24  5.27
1059.7  83506.50  4294.62  5.14
1060.9  82934.50  4146.73  5.00
1062.1  82615.50  4255.95  5.15
1063.3  82281.60  4371.21  5.31
1064.5  81933.00  4625.25  5.65
1065.7  83977.45  4469.77  5.32
1066.9  83037.00  4290.25  5.17
1068.1  82375.95  4402.85  5.34
1069.3  84265.30  4358.55  5.17
1070.5  83263.60  4460.55  5.36
1071.7  82204.20  4262.44  5.19
1072.9  84215.70  4366.74  5.19
1074.1  83872.10  4354.90  5.19
1075.3  80913.60  4382.82  5.42
1076.5  82283.75  4278.76  5.20
