/*** Spectra Vista SIG Data ***/
name= 230505_1328_R918_T923.sig
instrument= HK: 9202056 (HR-512i)
integration= 70.0, 0.0, 0.0, 100.0, 0.0, 0.0
scan method= Time-based, Time-based
scan coadds= 71, 0, 0, 50, 0, 0
scan time= 5, 5
scan settings= AI, AI
external data set1= 0,0,0,0,0,0,0,0,0,0,0,0,0,0,0,0,0,0,0,0,0,0,0,0,0,0,0,0,0,0,0,0
external data set2= 0,0,0,0,0,0,0,0,0,0,0,0,0,0,0,0,0,0,0,0,0,0,0,0,0,0,0,0,0,0,0,0
external data dark= 0,0,0,0,0,0,0,0,0,0,0,0,0,0,0,0
external data mask= 0
optic= LENS 4(1), LENS 4(1)
temp= 24.1, 0.0, 0.0, 26.1, 0.0, 0.0
battery= 8.31, 8.27
error= 0, 0
units= Radiance, Radiance
time= 5/5/2023 1:24:32 PM, 5/5/2023 1:28:11 PM
longitude= 07746.1433W     , 07746.4332W     
latitude= 3411.2556N      , 3411.0181N      
gpstime= 143234.883      , 143613.889      
comm= 
memory slot= 918, 923
factors= 1.000, 1.000, 1.000 [Overlap: Preserve, Matching Type: None]
inclinometer x offset= 9, 7
inclinometer y offset= -38, 37
data= 
339.7  3982.39  8848.62  222.19
341.4  4171.20  9541.62  228.75
343.0  4256.36  9903.78  232.68
344.7  4326.75  10095.75  233.33
346.4  4439.90  10594.52  238.62
348.0  4579.56  11087.57  242.11
349.7  4733.49  11611.08  245.30
351.3  4993.83  12453.36  249.38
353.0  5252.50  13075.86  248.95
354.6  5538.54  13855.65  250.17
356.2  5572.05  13708.70  246.03
357.9  5385.75  12712.88  236.05
359.5  5508.46  12758.92  231.62
361.2  5905.34  13587.53  230.09
362.8  6299.45  14254.91  226.29
364.5  6760.93  15168.75  224.36
366.1  7399.30  16508.93  223.11
367.7  7907.91  17390.52  219.91
369.4  8184.00  17520.58  214.08
371.0  8483.80  17650.36  208.05
372.6  8578.93  17167.95  200.12
374.3  8539.43  16333.33  191.27
375.9  8998.94  16644.76  184.96
377.5  10024.11  18160.68  181.17
379.1  10882.46  19175.64  176.21
380.8  11096.00  18673.20  168.29
382.4  10882.29  17284.50  158.83
384.0  10522.41  15664.64  148.87
385.6  11568.77  16419.61  141.93
387.3  12930.17  17409.60  134.64
388.9  14409.69  18267.68  126.77
390.5  16591.54  19730.98  118.92
392.1  18338.79  20371.28  111.08
393.8  18000.00  18408.00  102.27
395.4  19950.90  18756.26  94.01
397.0  22727.53  19802.12  87.13
398.6  27698.20  22383.52  80.81
400.2  35837.54  27189.16  75.87
401.8  42337.25  30218.83  71.38
403.4  46858.50  31598.56  67.43
405.0  49371.43  31596.00  64.00
406.6  51059.25  31225.43  61.16
408.3  53296.80  31358.78  58.84
409.9  55889.49  31854.48  57.00
411.5  57967.39  32224.73  55.59
413.1  61042.86  33265.00  54.49
414.7  62755.50  33679.59  53.67
416.3  64020.79  33973.23  53.07
417.9  64364.83  33866.28  52.62
419.5  64210.95  33586.59  52.31
421.1  65007.09  33867.64  52.10
422.7  65608.09  34050.28  51.90
424.3  65369.89  33828.39  51.75
425.9  65473.18  33802.29  51.63
427.5  64661.50  33310.35  51.51
429.1  62854.17  32293.45  51.38
430.7  59196.28  30365.84  51.30
432.3  60384.81  31048.16  51.42
433.9  64914.95  33316.40  51.32
435.5  67995.35  34800.53  51.18
437.1  71537.71  36525.60  51.06
438.7  71659.02  36478.54  50.91
440.3  72016.30  36635.45  50.87
441.9  74636.68  37959.30  50.86
443.5  77740.41  39426.63  50.72
445.0  79575.89  40226.38  50.55
446.6  80108.29  40428.47  50.47
448.2  81982.91  41384.40  50.48
449.8  84290.24  42564.28  50.50
451.4  86600.19  43741.26  50.51
453.0  86190.58  43506.54  50.48
454.6  85115.44  43013.10  50.54
456.2  85597.98  43330.04  50.62
457.8  86562.66  43866.99  50.68
459.3  86659.99  43946.72  50.71
460.9  87057.30  44232.76  50.81
462.5  88232.91  44904.48  50.89
464.1  88302.86  44994.24  50.95
465.7  87504.34  44647.44  51.02
467.2  86721.82  44307.48  51.09
468.8  86404.48  44190.62  51.14
470.4  86108.79  44055.90  51.16
472.0  86562.28  44300.27  51.18
473.6  87572.89  44767.25  51.12
475.1  88209.60  45011.67  51.03
476.7  88309.81  44956.28  50.91
478.3  88971.02  45296.49  50.91
479.9  89675.87  45840.74  51.12
481.5  90225.77  46364.91  51.39
483.0  90065.54  46499.82  51.63
484.6  88287.09  45715.20  51.78
486.2  84207.95  43681.75  51.87
487.8  82247.40  42804.72  52.04
489.3  83973.21  43796.25  52.16
490.9  85777.89  44762.76  52.18
492.5  85997.37  44890.67  52.20
494.0  86703.14  45307.45  52.26
495.6  87513.95  45751.06  52.28
497.2  87729.56  45867.29  52.28
498.8  86735.14  45347.02  52.28
500.3  85337.21  44592.97  52.26
501.9  83751.04  43668.75  52.14
503.5  83408.74  43304.56  51.92
505.0  83775.20  43361.67  51.76
506.6  84438.58  43683.93  51.73
508.2  84078.00  43474.32  51.71
509.7  83896.14  43404.08  51.74
511.3  83796.80  43352.86  51.74
512.9  82961.16  42876.95  51.68
514.4  81435.00  42065.60  51.66
516.0  79555.71  41115.00  51.68
517.5  77063.40  39867.35  51.73
519.1  77073.29  39931.91  51.81
520.7  78764.40  40810.00  51.81
522.2  79670.36  41245.15  51.77
523.8  80722.89  41784.53  51.76
525.4  81092.75  41954.75  51.74
526.9  80089.46  41424.34  51.72
528.5  80791.18  41812.49  51.75
530.0  82123.18  42485.09  51.73
531.6  82591.26  42693.72  51.69
533.2  82097.46  42424.87  51.68
534.7  82544.00  42674.80  51.70
536.3  82653.37  42734.16  51.70
537.8  82258.75  42498.05  51.66
539.4  81518.57  42043.08  51.57
541.0  80745.77  41535.24  51.44
542.5  80789.14  41477.28  51.34
544.1  81354.90  41702.35  51.26
545.6  81624.64  41763.75  51.17
547.2  81516.95  41649.68  51.09
548.7  81552.00  41636.00  51.05
550.3  81695.32  41667.63  51.00
551.8  81781.65  41666.00  50.95
553.4  82012.54  41750.28  50.91
554.9  82331.97  41878.99  50.87
556.5  81972.74  41650.88  50.81
558.0  81209.29  41226.25  50.77
559.6  80516.25  40837.83  50.72
561.1  80920.36  40982.19  50.65
562.7  81385.69  41124.25  50.53
564.2  81924.38  41274.22  50.38
565.8  81761.11  41014.68  50.16
567.3  81621.74  40668.00  49.82
568.9  81380.00  40132.86  49.32
570.4  80845.33  39501.81  48.86
572.0  80885.68  39215.48  48.48
573.5  81401.55  39143.48  48.09
575.1  81489.37  38878.56  47.71
576.6  81265.07  38521.50  47.40
578.2  80920.38  38177.64  47.18
579.7  80875.48  38093.58  47.10
581.2  81348.71  38346.30  47.14
582.8  82097.98  38708.66  47.15
584.3  82305.07  38719.13  47.04
585.9  81859.59  38266.41  46.75
587.4  80847.26  37224.36  46.04
588.9  78651.46  35278.30  44.85
590.5  77236.49  33864.61  43.85
592.0  77355.51  33483.45  43.29
593.6  77686.89  33387.64  42.98
595.1  77786.97  33227.04  42.72
596.6  78014.29  33302.64  42.69
598.2  78167.64  33415.60  42.75
599.7  78056.35  33472.75  42.88
601.2  77815.45  33479.99  43.02
602.8  77829.04  33575.17  43.14
604.3  78164.56  33774.72  43.21
605.8  78450.57  33901.30  43.21
607.4  78362.29  33858.41  43.21
608.9  77907.43  33637.37  43.18
610.5  77411.32  33408.21  43.16
612.0  76968.73  33204.21  43.14
613.5  76405.07  32940.18  43.11
615.0  75884.40  32686.36  43.07
616.6  75221.49  32366.08  43.03
618.1  75232.80  32345.46  42.99
619.6  75592.86  32440.60  42.91
621.2  75777.89  32431.80  42.80
622.7  75423.09  32171.52  42.65
624.2  74867.91  31788.18  42.46
625.8  74155.24  31284.64  42.19
627.3  73610.57  30646.40  41.63
628.8  72975.40  29970.99  41.07
630.3  72600.56  29710.82  40.92
631.8  72436.37  29713.19  41.02
633.4  72649.50  29991.83  41.28
634.9  72875.48  30311.32  41.59
636.4  73165.87  30648.62  41.89
638.0  73558.80  30999.78  42.14
639.5  73530.00  31151.40  42.37
641.0  73307.85  31173.84  42.52
642.5  73157.30  31188.08  42.63
644.0  73007.86  31127.70  42.64
645.5  72632.66  30768.98  42.36
647.1  71996.06  30057.84  41.75
648.6  71312.41  29404.22  41.23
650.1  70901.14  29235.98  41.23
651.6  70943.94  29307.40  41.31
653.1  71048.57  29439.77  41.44
654.7  70408.86  29220.35  41.50
656.2  68303.16  28380.56  41.55
657.7  67361.14  28145.36  41.78
659.2  68287.33  28773.68  42.14
660.7  69517.18  29509.50  42.45
662.2  70576.44  30125.03  42.68
663.7  71041.54  30450.83  42.86
665.2  71164.61  30603.08  43.00
666.8  71174.45  30726.65  43.17
668.3  71107.59  30811.89  43.33
669.8  70998.48  30877.66  43.49
671.3  70767.13  30854.44  43.60
672.8  70621.66  30827.13  43.65
674.3  70473.06  30763.35  43.65
675.8  70411.43  30719.15  43.63
677.3  70299.00  30624.23  43.56
678.8  70164.29  30523.68  43.50
680.3  69947.51  30386.30  43.44
681.8  69686.50  30219.63  43.37
683.3  69187.33  29924.02  43.25
684.8  68187.66  29283.34  42.95
686.3  65063.23  27154.20  41.74
687.8  61245.60  24488.10  39.98
689.3  59707.10  23326.28  39.07
690.8  59836.80  23310.96  38.96
692.3  60749.44  23660.52  38.95
693.8  61285.91  23678.07  38.64
695.3  61809.43  24042.59  38.90
696.8  62743.29  24902.22  39.69
698.3  62936.00  25127.20  39.93
699.8  62460.46  24669.71  39.50
701.3  61848.19  24281.00  39.26
702.8  61882.67  24420.74  39.46
704.2  62315.77  24839.46  39.86
705.7  62742.63  25143.76  40.07
707.2  63002.28  25420.82  40.35
708.7  63118.80  25669.38  40.67
710.2  63231.35  25853.77  40.89
711.7  63145.29  25942.15  41.08
713.2  62865.14  25829.84  41.09
714.7  62199.94  25239.00  40.58
716.2  60025.43  23376.10  38.94
717.6  55866.86  20271.60  36.29
719.1  52008.77  17783.02  34.19
720.6  51229.26  17375.36  33.92
722.1  52740.43  18491.85  35.06
723.6  52808.94  18417.49  34.88
725.0  52068.73  17771.13  34.13
726.5  51778.46  17472.87  33.75
728.0  51657.36  17402.04  33.69
729.5  51723.89  17458.40  33.75
731.0  52339.43  17844.08  34.09
732.4  53864.01  19085.22  35.43
733.9  55762.35  20657.91  37.05
735.4  56957.53  21606.31  37.93
736.8  57553.71  22121.70  38.44
738.3  57874.34  22607.37  39.06
739.8  58055.25  23082.68  39.76
741.2  58174.39  23556.69  40.49
742.7  58458.40  24043.28  41.13
744.2  58900.80  24507.84  41.61
745.7  59131.50  24778.35  41.90
747.1  59290.63  24954.60  42.09
748.6  59204.79  24968.27  42.17
750.0  58925.81  24878.63  42.22
751.5  58638.54  24763.83  42.23
753.0  58472.50  24693.86  42.23
754.4  58386.29  24645.00  42.21
755.9  58151.79  24525.00  42.17
757.3  57546.64  24160.76  41.98
758.8  53111.38  21672.83  40.81
760.3  40782.43  15254.25  37.40
761.7  31483.93  10258.63  32.58
763.2  28464.86  8111.40  28.50
764.6  29418.17  8118.54  27.60
766.1  34790.40  10778.88  30.98
767.5  41756.83  14703.10  35.21
769.0  47685.79  18234.70  38.24
770.4  51551.68  20691.90  40.14
771.9  53670.00  22127.00  41.23
773.3  54689.75  22887.63  41.85
774.8  55044.79  23223.20  42.19
776.2  55206.21  23403.51  42.39
777.7  55176.00  23451.89  42.50
779.1  54992.57  23406.20  42.56
780.5  54852.69  23354.42  42.58
782.0  54698.69  23301.12  42.60
783.4  54440.23  23155.20  42.53
784.9  54182.14  22982.12  42.42
786.3  53887.94  22694.40  42.11
787.8  53374.02  22174.35  41.55
789.2  52663.76  21508.42  40.84
790.6  51996.26  20980.19  40.35
792.0  51455.60  20758.36  40.34
793.5  51001.71  20752.38  40.69
794.9  50796.45  20799.90  40.95
796.3  50663.00  20544.72  40.55
797.8  50723.73  20489.70  40.39
799.2  50674.81  20470.72  40.40
800.6  50353.83  20234.44  40.18
802.1  50034.31  19968.53  39.91
803.5  49746.09  19790.32  39.78
804.9  49639.20  19903.78  40.10
806.3  49740.79  20195.15  40.60
807.8  49703.39  20287.27  40.82
809.2  49269.09  19997.80  40.59
810.6  48659.46  19430.03  39.93
812.0  47748.57  18539.88  38.83
813.4  45991.07  17106.25  37.19
814.8  43482.41  15375.52  35.36
816.3  41074.18  13952.66  33.97
817.7  39545.26  13170.04  33.30
819.1  39193.01  13149.31  33.55
820.5  40161.00  13998.60  34.86
821.9  40619.86  14387.11  35.42
823.3  39351.40  13617.84  34.61
824.7  40150.30  14240.62  35.47
826.1  41588.80  15178.24  36.50
827.5  41869.29  15280.50  36.50
828.9  41465.32  15015.50  36.21
830.3  41433.86  15122.25  36.50
831.7  41558.70  15286.26  36.78
833.2  41682.66  15487.02  37.15
834.5  42228.40  16022.86  37.94
835.9  43045.51  16663.73  38.71
837.3  43764.29  17239.15  39.39
838.7  44271.79  17712.75  40.01
840.1  44689.13  18127.45  40.56
841.5  44907.83  18407.64  40.99
842.9  44930.12  18622.94  41.45
844.3  44871.36  18762.25  41.81
845.7  44960.23  19010.64  42.28
847.1  45034.10  19197.13  42.63
848.5  44744.75  19141.68  42.78
849.9  43828.53  18774.31  42.84
851.2  43282.09  18533.79  42.82
852.6  43039.24  18436.46  42.84
854.0  41511.88  17793.49  42.86
855.4  40733.37  17521.06  43.01
856.8  41728.83  18096.15  43.37
858.2  42614.87  18537.23  43.50
859.5  43027.57  18787.80  43.66
860.9  43124.23  18851.52  43.71
862.3  43158.89  18928.58  43.86
863.7  43170.54  18985.81  43.98
865.0  42503.54  18720.25  44.04
866.4  40870.20  18004.98  44.05
867.8  40406.38  17880.56  44.25
869.1  40920.94  18134.07  44.31
870.5  41354.31  18369.39  44.42
871.9  41669.96  18479.48  44.35
873.2  41656.14  18454.51  44.30
874.6  41487.80  18383.68  44.31
876.0  41294.94  18334.84  44.40
877.3  41239.45  18303.82  44.38
878.7  41169.39  18286.73  44.42
880.0  40836.94  18113.40  44.36
881.4  40524.21  17934.83  44.26
882.8  40525.01  17951.15  44.30
884.1  40531.43  17948.75  44.28
885.5  40393.46  17792.51  44.05
886.8  39960.33  17576.85  43.99
888.2  39838.15  17499.30  43.93
889.5  39816.15  17467.84  43.87
890.9  39725.94  17403.12  43.81
892.2  39235.81  16926.69  43.14
893.6  38273.82  16075.01  42.00
894.9  36765.00  14794.92  40.24
896.2  34609.21  13181.33  38.09
897.6  32507.14  11832.60  36.40
898.9  30545.93  10728.50  35.12
900.3  29222.24  9987.58  34.18
901.6  28767.60  9684.36  33.66
903.0  29682.77  10298.18  34.69
904.3  31656.03  11604.71  36.66
905.6  32585.61  12096.18  37.12
907.0  31599.29  11329.50  35.85
908.3  29906.04  10316.61  34.50
909.6  28696.26  9655.26  33.65
911.0  28602.06  9617.04  33.62
912.3  28565.75  9584.40  33.55
913.6  28037.85  9133.98  32.58
914.9  27686.46  8913.28  32.19
916.2  27442.04  8758.55  31.92
917.6  27424.89  8756.19  31.93
918.9  28335.36  9459.65  33.38
920.2  29746.60  10581.48  35.57
921.5  30374.40  11101.44  36.55
922.9  30346.29  11098.20  36.57
924.2  29904.99  10740.92  35.92
925.5  29686.25  10537.45  35.50
926.8  29375.97  10198.54  34.72
928.1  27767.31  9043.66  32.57
929.4  24895.63  7478.49  30.04
930.7  21575.31  5908.24  27.38
932.0  17845.00  4425.56  24.80
933.4  14335.36  3211.12  22.40
934.7  12363.94  2611.35  21.12
936.0  11594.21  2275.50  19.63
937.3  11222.91  2156.56  19.22
938.6  12846.90  2686.17  20.91
939.9  15270.86  3497.70  22.90
941.2  16261.14  3661.60  22.52
942.5  15980.40  3566.64  22.32
943.8  15013.21  3310.00  22.05
945.1  14310.60  3156.75  22.06
946.4  14104.20  3077.28  21.82
947.7  14501.31  3166.74  21.84
949.0  14818.43  3266.36  22.04
950.2  15249.00  3453.45  22.65
951.5  15433.78  3418.88  22.15
952.8  15348.46  3473.25  22.63
954.1  15741.51  3673.02  23.33
955.4  15738.57  3736.20  23.74
956.7  16269.69  4039.61  24.83
958.0  16950.86  4350.72  25.67
959.3  16896.50  4328.38  25.62
960.5  17474.31  4606.20  26.36
961.8  18221.00  4945.70  27.14
963.1  18932.14  5354.01  28.28
964.4  19717.49  5661.08  28.71
965.7  20217.99  5869.49  29.03
966.9  21388.31  6592.07  30.82
968.2  23416.46  7854.27  33.54
969.5  24905.60  8919.68  35.81
970.8  25875.71  9617.00  37.17
972.0  26214.75  9806.90  37.41
973.3  25516.54  9329.76  36.56
974.6  24680.31  8763.30  35.51
975.8  24337.05  8422.26  34.61
977.1  24536.91  8848.16  36.06
978.4  24934.28  9025.64  36.20
979.6  25132.71  9270.11  36.88
980.9  25755.11  9946.80  38.62
982.2  26579.14  10430.30  39.24
983.4  26922.37  10861.43  40.34
984.7  27569.91  11447.28  41.52
985.9  28058.33  11994.40  42.75
987.2  28458.86  12412.44  43.62
988.5  28734.44  12757.20  44.40
989.7  28825.20  12891.27  44.72
991.0  28884.89  13015.74  45.06
992.2  29064.54  13061.10  44.94
993.5  29008.80  13280.40  45.78
994.7  29041.43  13319.00  45.86
996.0  29205.17  13449.75  46.05
997.2  29055.19  13528.41  46.56
998.5  29032.68  13517.08  46.56
999.7  28971.88  13293.80  45.89
1001.0  28724.40  13238.82  46.09
1002.2  28494.20  13229.45  46.43
1003.4  28357.03  13129.90  46.30
1004.7  27606.39  12986.88  47.04
1005.9  27480.43  12893.52  46.92
1007.2  27537.30  12954.38  47.04
1008.4  27480.99  13064.49  47.54
1009.6  27683.10  13021.31  47.04
1010.9  27409.06  13063.04  47.66
1012.1  27500.85  13241.15  48.15
1013.3  27378.17  13354.14  48.78
1014.6  27291.31  13382.96  49.04
1015.8  27131.57  13551.12  49.95
1017.1  27008.19  13636.92  50.49
1018.3  27106.30  13761.66  50.77
1019.5  27021.33  13631.43  50.45
1020.8  26972.00  13409.38  49.72
1022.0  26962.05  13309.59  49.36
1023.2  26873.41  13468.51  50.12
1024.4  26780.68  13406.57  50.06
1025.7  26851.50  13690.95  50.99
1026.9  27011.83  13675.80  50.63
1028.1  27180.77  13538.12  49.81
1029.3  27135.26  13496.22  49.74
1030.6  26911.50  13455.75  50.00
1031.8  26968.78  13465.53  49.93
1033.0  26736.51  13426.38  50.22
1034.2  26689.93  13524.23  50.67
1035.4  26846.58  13341.32  49.69
1036.7  26748.01  13416.13  50.16
1037.9  26861.06  13495.52  50.24
1039.1  26923.36  13239.18  49.17
1040.3  26815.56  13636.98  50.85
1041.5  26807.10  13662.22  50.96
1042.7  26799.36  13520.40  50.45
1043.9  27040.56  13371.44  49.45
1045.2  26721.00  13182.36  49.33
1046.4  26646.77  13166.64  49.41
1047.6  26502.30  12929.91  48.79
1048.8  26625.11  12873.38  48.35
1050.0  26756.07  13209.05  49.37
1051.2  26600.49  12953.28  48.70
1052.4  26363.71  13063.37  49.55
1053.6  26647.03  12929.87  48.52
1054.8  26402.21  12828.37  48.59
1056.0  26463.96  12945.02  48.92
1057.2  26040.57  12759.88  49.00
1058.4  26265.24  12800.15  48.73
1059.7  25904.06  12168.09  46.97
1060.9  25786.36  12440.18  48.24
1062.1  25750.29  12016.80  46.67
1063.3  25345.67  12085.11  47.68
1064.5  25297.29  11893.50  47.01
1065.7  25928.52  11919.38  45.97
1066.9  26097.34  12178.76  46.67
1068.1  25564.95  12214.37  47.78
1069.3  26151.30  12494.51  47.78
1070.5  25913.67  11894.80  45.90
1071.7  25661.63  11569.48  45.08
1072.9  25398.39  11852.58  46.67
1074.1  25806.80  11935.65  46.25
1075.3  25044.69  11799.90  47.12
1076.5  25390.41  11848.86  46.67
