/*** Spectra Vista SIG Data ***/
name= 230503_1736_R894_T899.sig
instrument= HK: 9202056 (HR-512i)
integration= 10.0, 0.0, 0.0, 100.0, 0.0, 0.0
scan method= Time-based, Time-based
scan coadds= 300, 0, 0, 30, 0, 0
scan time= 3, 3
scan settings= AI, AI
external data set1= 0,0,0,0,0,0,0,0,0,0,0,0,0,0,0,0,0,0,0,0,0,0,0,0,0,0,0,0,0,0,0,0
external data set2= 0,0,0,0,0,0,0,0,0,0,0,0,0,0,0,0,0,0,0,0,0,0,0,0,0,0,0,0,0,0,0,0
external data dark= 0,0,0,0,0,0,0,0,0,0,0,0,0,0,0,0
external data mask= 0
optic= LENS 4(1), LENS 4(1)
temp= 21.5, 0.0, 0.0, 23.2, 0.0, 0.0
battery= 8.33, 8.26
error= 0, 0
units= Radiance, Radiance
time= 5/3/2023 5:33:55 PM, 5/3/2023 5:36:06 PM
longitude= 07756.1981W     , 07756.2039W     
latitude= 3406.5871N      , 3406.5981N      
gpstime= 184249.375      , 184500.000      
comm= 
memory slot= 894, 899
factors= 1.000, 1.000, 1.000 [Overlap: Preserve, Matching Type: None]
inclinometer x offset= 4, 7
inclinometer y offset= -11, -3
data= 
339.7  72299.70  29009.81  40.12
341.4  78557.60  31231.86  39.76
343.0  82392.75  32307.95  39.21
344.7  84612.00  32642.93  38.58
346.4  88951.10  33850.41  38.06
348.0  93670.85  35115.54  37.49
349.7  98701.20  36419.76  36.90
351.3  107055.20  38834.82  36.28
353.0  113243.90  40364.03  35.64
354.6  121383.30  42425.61  34.95
356.2  122222.10  41862.98  34.25
357.9  114729.00  38351.55  33.43
359.5  115554.80  37650.48  32.58
361.2  124746.00  39735.27  31.85
362.8  131677.70  41152.34  31.25
364.5  140644.65  43176.33  30.70
366.1  153687.10  46360.86  30.17
367.7  163292.40  48457.08  29.68
369.4  165299.75  48277.08  29.21
371.0  167157.90  48041.63  28.74
372.6  163672.50  46287.53  28.28
374.3  155861.25  43314.25  27.79
375.9  158171.20  43198.21  27.31
377.5  172723.20  46486.83  26.91
379.1  184094.90  48847.54  26.53
380.8  180667.20  47262.88  26.16
382.4  168601.50  43428.60  25.76
384.0  151528.50  38424.02  25.36
385.6  157496.20  39276.95  24.94
387.3  167263.20  41174.64  24.62
388.9  175664.60  42711.49  24.31
390.5  189970.00  45575.53  23.99
392.1  198218.25  46944.68  23.68
393.8  180080.00  42120.00  23.39
395.4  181430.55  41697.60  22.98
397.0  192365.55  43548.51  22.64
398.6  215821.00  48113.32  22.29
400.2  264140.60  58024.66  21.97
401.8  296490.25  64296.75  21.69
403.4  312995.20  66897.74  21.37
405.0  315240.00  66294.00  21.03
406.6  313062.75  64720.43  20.67
408.3  315479.85  64053.15  20.30
409.9  322457.60  64293.20  19.94
411.5  327267.00  64185.53  19.61
413.1  339200.00  65440.00  19.29
414.7  344813.70  65543.10  19.01
416.3  348521.25  65361.18  18.75
417.9  348175.80  64443.78  18.51
419.5  345403.05  63099.02  18.27
421.1  347921.20  62727.68  18.03
422.7  350325.80  62365.60  17.80
424.3  347936.30  61202.76  17.59
425.9  347699.00  60409.69  17.37
427.5  343018.00  58882.65  17.17
429.1  333178.30  56489.19  16.95
430.7  313257.30  52501.25  16.76
432.3  317422.95  52458.97  16.53
433.9  341137.30  55580.74  16.29
435.5  356756.80  57413.65  16.09
437.1  375288.00  59622.00  15.89
438.7  376200.35  59080.24  15.70
440.3  377074.60  58480.14  15.51
441.9  390226.50  59735.03  15.31
443.5  406378.05  61385.43  15.11
445.0  415981.25  61988.38  14.90
446.6  418420.75  61538.90  14.71
448.2  427537.75  62027.41  14.51
449.8  439242.70  62912.66  14.32
451.4  451115.40  63844.10  14.15
453.0  449358.80  62882.93  13.99
454.6  443164.05  61327.97  13.84
456.2  445192.70  60905.57  13.68
457.8  450064.45  60893.94  13.53
459.3  450605.25  60316.47  13.39
460.9  452217.70  59930.75  13.25
462.5  458265.60  60098.40  13.11
464.1  458836.80  59563.92  12.98
465.7  454675.20  58446.00  12.85
467.2  450532.00  57331.18  12.73
468.8  448776.00  56499.44  12.59
470.4  447322.50  55723.95  12.46
472.0  449458.65  55384.41  12.32
473.6  454819.20  55398.97  12.18
475.1  458346.35  55182.94  12.04
476.7  459209.90  54658.96  11.90
478.3  462630.15  54480.45  11.78
479.9  466198.20  54355.86  11.66
481.5  468861.70  54176.03  11.55
483.0  468090.15  53626.88  11.46
484.6  459148.80  52139.52  11.36
486.2  438190.90  49331.77  11.26
487.8  426837.60  47575.08  11.15
489.3  435337.50  47985.00  11.02
490.9  444912.00  48557.16  10.91
492.5  446179.80  48262.45  10.82
494.0  449607.00  48161.75  10.71
495.6  453905.55  48144.78  10.61
497.2  455250.50  47842.30  10.51
498.8  450447.25  46907.68  10.41
500.3  443500.70  45758.89  10.32
501.9  435283.25  44477.05  10.22
503.5  433721.60  43845.36  10.11
505.0  435751.10  43608.46  10.01
506.6  439401.60  43572.24  9.92
508.2  437626.80  43056.36  9.84
509.7  436437.00  42598.94  9.76
511.3  435863.25  42204.44  9.68
512.9  431657.10  41467.28  9.61
514.4  423736.50  40385.05  9.53
516.0  414480.00  39189.00  9.45
517.5  401477.40  37684.49  9.39
519.1  400907.65  37313.77  9.31
520.7  409670.80  37788.52  9.22
522.2  414586.50  37914.55  9.15
523.8  420189.15  38109.41  9.07
525.4  422779.35  38029.09  9.00
526.9  417525.00  37263.74  8.92
528.5  420817.20  37238.39  8.85
530.0  428002.35  37554.42  8.77
531.6  430998.40  37507.88  8.70
533.2  428555.60  37005.99  8.64
534.7  430892.00  36909.60  8.57
536.3  431789.60  36701.56  8.50
537.8  429929.85  36265.74  8.44
539.4  426447.60  35692.32  8.37
541.0  422500.80  35071.32  8.30
542.5  422832.00  34798.08  8.23
544.1  426026.00  34766.27  8.16
545.6  427710.75  34620.90  8.09
547.2  427386.10  34336.27  8.03
548.7  427560.00  34090.00  7.97
550.3  428386.70  33898.23  7.91
551.8  428992.20  33679.80  7.85
553.4  430401.40  33522.06  7.79
554.9  432401.80  33402.62  7.72
556.5  430904.40  33025.20  7.66
558.0  427160.00  32491.30  7.61
559.6  423610.25  31957.45  7.54
561.1  425898.65  31853.00  7.48
562.7  428663.40  31788.59  7.42
564.2  431961.70  31769.33  7.35
565.8  431436.00  31453.38  7.29
567.3  431148.05  31154.37  7.23
568.9  430844.50  30843.02  7.16
570.4  428645.25  30410.37  7.09
572.0  429270.00  30193.43  7.03
573.5  432724.95  30163.77  6.97
575.1  433899.20  29995.68  6.91
576.6  433191.50  29703.95  6.86
578.2  431705.25  29368.83  6.80
579.7  431283.00  29134.74  6.76
581.2  433596.20  29106.49  6.71
582.8  437406.60  29188.75  6.67
584.3  438594.50  29089.35  6.63
585.9  436624.20  28768.02  6.59
587.4  432410.40  28256.04  6.53
588.9  422606.00  27342.98  6.47
590.5  416166.30  26652.12  6.40
592.0  417489.45  26489.06  6.34
593.6  419627.00  26407.94  6.29
595.1  420350.70  26270.64  6.25
596.6  421296.80  26168.08  6.21
598.2  421691.25  26038.18  6.17
599.7  420494.85  25817.83  6.14
601.2  418650.05  25568.66  6.11
602.8  418174.50  25386.37  6.07
604.3  419778.70  25320.27  6.03
605.8  421295.60  25256.74  6.00
607.4  421070.40  25073.96  5.95
608.9  418799.55  24771.74  5.91
610.5  416331.30  24457.35  5.87
612.0  414181.95  24160.31  5.83
613.5  411389.00  23832.55  5.79
615.0  408841.65  23522.35  5.75
616.6  405478.40  23169.12  5.71
618.1  405669.60  23020.20  5.67
619.6  407854.00  22982.40  5.63
621.2  409313.00  22904.72  5.60
622.7  407846.40  22667.52  5.56
624.2  405305.10  22368.60  5.52
625.8  402002.95  22022.33  5.48
627.3  399996.75  21720.95  5.43
628.8  397596.15  21408.42  5.38
630.3  395944.45  21181.49  5.35
631.8  395020.60  21016.45  5.32
633.4  395929.60  20984.92  5.30
634.9  397076.65  20964.24  5.28
636.4  398489.95  20960.32  5.26
638.0  400528.50  20995.95  5.24
639.5  400512.00  20920.20  5.22
641.0  399318.15  20798.09  5.21
642.5  398647.20  20683.88  5.19
644.0  398137.00  20571.20  5.17
645.5  396887.80  20394.30  5.14
647.1  394754.40  20173.72  5.11
648.6  392290.40  19952.55  5.09
650.1  390373.50  19806.30  5.07
651.6  390840.25  19809.47  5.07
653.1  391563.15  19856.76  5.07
654.7  388527.05  19667.63  5.06
656.2  377293.95  19059.96  5.05
657.7  371416.80  18705.36  5.04
659.2  376183.60  18894.59  5.02
660.7  382620.75  19138.20  5.00
662.2  388407.50  19321.77  4.97
663.7  391039.95  19350.93  4.95
665.2  391742.80  19290.07  4.92
666.8  391972.40  19198.05  4.90
668.3  391689.00  19100.34  4.88
669.8  391355.25  19012.18  4.86
671.3  390394.10  18893.68  4.84
672.8  389715.45  18741.55  4.81
674.3  389170.10  18572.78  4.77
675.8  389001.50  18417.35  4.73
677.3  388615.50  18263.14  4.70
678.8  388163.60  18105.34  4.66
680.3  387333.80  17949.36  4.63
681.8  386174.95  17757.60  4.60
683.3  383799.90  17504.14  4.56
684.8  378967.20  17151.44  4.53
686.3  364115.60  16292.52  4.47
687.8  344853.60  15222.48  4.41
689.3  337063.30  14688.14  4.36
690.8  337548.00  14550.72  4.31
692.3  343013.70  14666.53  4.28
693.8  347122.40  14721.51  4.24
695.3  350101.70  14752.01  4.21
696.8  354116.20  14859.28  4.20
698.3  354984.00  14823.20  4.18
699.8  353105.60  14666.53  4.15
701.3  350087.90  14482.25  4.14
702.8  349810.60  14423.06  4.12
704.2  351475.40  14472.20  4.12
705.7  353438.40  14525.60  4.11
707.2  354320.05  14527.71  4.10
708.7  354469.20  14519.46  4.10
710.2  354640.75  14490.30  4.09
711.7  353849.00  14434.30  4.08
713.2  352366.40  14343.36  4.07
714.7  349479.60  14166.06  4.05
716.2  340769.20  13697.48  4.02
717.6  323028.00  12803.40  3.96
719.1  304983.40  11924.00  3.91
720.6  300179.20  11668.80  3.89
722.1  306453.50  11946.40  3.90
723.6  307249.90  11951.95  3.89
725.0  304310.70  11754.09  3.86
726.5  303105.30  11648.58  3.84
728.0  302487.75  11595.83  3.83
729.5  302297.20  11564.80  3.83
731.0  304773.45  11661.48  3.83
732.4  310850.10  11938.08  3.84
733.9  318659.25  12295.57  3.86
735.4  323528.15  12525.32  3.87
736.8  325584.00  12608.40  3.87
738.3  326206.80  12628.47  3.87
739.8  325998.75  12635.70  3.88
741.2  325428.30  12614.27  3.88
742.7  325988.80  12649.44  3.88
744.2  327810.00  12694.92  3.87
745.7  328600.50  12703.20  3.87
747.1  329245.50  12698.19  3.86
748.6  328719.75  12643.53  3.85
750.0  327085.45  12554.55  3.84
751.5  325479.70  12452.18  3.83
753.0  324553.15  12346.93  3.80
754.4  324198.00  12288.40  3.79
755.9  323062.50  12187.50  3.77
757.3  320230.95  12029.94  3.76
758.8  299536.90  11145.12  3.72
760.3  236715.00  8623.65  3.64
761.7  186758.00  6556.12  3.51
763.2  171534.00  5821.20  3.39
764.6  176356.80  5900.76  3.35
766.1  203750.40  6901.44  3.39
767.5  239374.80  8304.84  3.47
769.0  269821.50  9521.50  3.53
770.4  289672.75  10325.18  3.56
771.9  300300.00  10759.00  3.58
773.3  305569.25  10952.10  3.58
774.8  307307.00  11011.00  3.58
776.2  308070.30  11004.06  3.57
777.7  308034.65  10965.19  3.56
779.1  307174.00  10892.80  3.55
780.5  306470.55  10830.28  3.53
782.0  305751.35  10778.29  3.53
783.4  304512.00  10682.88  3.51
784.9  303342.20  10604.14  3.50
786.3  302355.60  10511.92  3.48
787.8  300395.70  10372.52  3.45
789.2  297734.10  10207.80  3.43
790.6  294723.60  10042.92  3.41
792.0  292049.80  9904.37  3.39
793.5  289332.00  9779.76  3.38
794.9  287846.55  9720.95  3.38
796.3  287730.90  9669.65  3.36
797.8  288275.00  9650.56  3.35
799.2  288320.00  9613.67  3.33
800.6  286982.80  9517.24  3.32
802.1  285570.45  9416.66  3.30
803.5  284367.60  9327.56  3.28
804.9  283405.20  9273.68  3.27
806.3  283572.75  9266.70  3.27
807.8  283147.50  9229.62  3.26
809.2  281222.15  9145.03  3.25
810.6  278966.25  9000.90  3.23
812.0  275748.00  8836.47  3.20
813.4  268918.75  8500.00  3.16
814.8  258131.45  8049.73  3.12
816.3  246727.80  7608.54  3.08
817.7  239028.40  7300.54  3.05
819.1  236278.35  7171.32  3.04
820.5  239778.00  7299.60  3.04
821.9  242093.05  7369.58  3.04
823.3  236074.30  7149.07  3.03
824.7  239324.90  7241.61  3.03
826.1  246153.60  7465.92  3.03
827.5  248120.25  7515.00  3.03
828.9  246228.75  7418.68  3.01
830.3  245962.75  7406.03  3.01
831.7  246205.80  7407.15  3.01
833.2  246408.60  7410.89  3.01
834.5  248584.00  7471.03  3.01
835.9  252356.00  7598.11  3.01
837.3  255802.25  7672.68  3.00
838.7  257922.50  7740.50  3.00
840.1  259659.60  7781.19  3.00
841.5  260411.40  7851.60  3.02
842.9  260249.25  7814.85  3.00
844.3  259532.00  7759.05  2.99
845.7  259842.40  7807.40  3.00
847.1  259753.00  7777.22  2.99
848.5  258389.25  7709.63  2.98
849.9  253271.60  7547.62  2.98
851.2  250158.15  7394.31  2.96
852.6  249224.55  7377.83  2.96
854.0  240754.80  7120.69  2.96
855.4  235501.70  6928.48  2.94
856.8  241169.50  7083.30  2.94
858.2  246536.55  7192.79  2.92
859.5  249120.00  7266.00  2.92
860.9  249835.20  7253.28  2.90
862.3  250134.00  7255.66  2.90
863.7  250153.30  7249.78  2.90
865.0  246998.25  7142.78  2.89
866.4  237489.00  6885.34  2.90
867.8  234554.10  6786.78  2.89
869.1  237384.60  6830.94  2.88
870.5  240597.00  6893.30  2.87
871.9  242204.90  6900.81  2.85
873.2  242472.30  6927.78  2.86
874.6  241285.80  6854.26  2.84
876.0  240519.40  6800.34  2.83
877.3  240326.45  6785.21  2.82
878.7  240051.90  6746.96  2.81
880.0  238597.20  6683.22  2.80
881.4  236883.00  6638.63  2.80
882.8  237142.95  6659.64  2.81
884.1  237442.50  6617.25  2.79
885.5  236576.85  6587.39  2.78
886.8  234727.35  6516.51  2.78
888.2  233997.05  6506.15  2.78
889.5  234191.65  6451.06  2.75
890.9  233883.20  6399.56  2.74
892.2  231984.25  6341.68  2.73
893.6  228024.30  6160.91  2.70
894.9  221923.80  5913.18  2.66
896.2  211920.75  5631.80  2.66
897.6  201966.00  5289.00  2.62
898.9  191865.50  5014.95  2.61
900.3  184833.35  4753.58  2.57
901.6  181645.80  4662.84  2.57
903.0  185730.40  4747.02  2.56
904.3  195862.30  5040.96  2.57
905.6  200982.60  5263.83  2.62
907.0  196647.75  5125.25  2.61
908.3  188271.20  4843.61  2.57
909.6  182839.55  4633.42  2.53
911.0  181936.40  4555.44  2.50
912.3  182274.75  4592.53  2.52
913.6  179789.10  4509.18  2.51
914.9  178265.60  4427.32  2.48
916.2  176952.40  4453.50  2.52
917.6  177230.10  4453.32  2.51
918.9  180648.80  4546.74  2.52
920.2  186877.60  4671.94  2.50
921.5  189728.00  4704.00  2.48
922.9  188892.00  4738.20  2.51
924.2  187401.55  4709.23  2.51
925.5  186205.25  4646.95  2.50
926.8  185699.80  4650.80  2.50
928.1  178848.50  4454.34  2.49
929.4  165007.05  4082.30  2.47
930.7  147531.20  3496.00  2.37
932.0  126342.60  2962.27  2.34
933.4  106550.80  2444.83  2.29
934.7  92889.45  2126.39  2.29
936.0  87986.00  2047.95  2.33
937.3  86262.40  1964.01  2.28
938.6  94210.60  2141.15  2.27
939.9  109254.00  2475.90  2.27
941.2  116216.00  2626.80  2.26
942.5  115105.20  2553.39  2.22
943.8  108816.25  2482.50  2.28
945.1  104383.20  2399.13  2.30
946.4  103430.80  2436.18  2.36
947.7  105847.20  2429.28  2.30
949.0  107701.60  2471.84  2.30
950.2  109882.50  2511.60  2.29
951.5  112139.10  2461.59  2.20
952.8  111607.10  2500.74  2.24
954.1  113486.90  2542.86  2.24
955.4  113044.00  2634.50  2.33
956.7  115347.90  2579.51  2.24
958.0  119150.40  2669.76  2.24
959.3  119282.10  2717.82  2.28
960.5  122832.00  2763.72  2.25
961.8  127547.00  2915.36  2.29
963.1  131464.80  3021.57  2.30
964.4  134787.50  3073.16  2.28
965.7  137686.05  3126.74  2.27
966.9  142455.75  3296.04  2.31
968.2  152532.20  3528.73  2.31
969.5  161017.60  3764.80  2.34
970.8  165790.00  4012.00  2.42
972.0  167860.35  4031.06  2.40
973.3  164498.40  3866.94  2.35
974.6  160243.20  3755.70  2.34
975.8  157598.35  3700.69  2.35
977.1  158095.80  3708.42  2.35
978.4  159939.65  3782.81  2.37
979.6  161042.70  3789.24  2.35
980.9  165089.25  3937.28  2.38
982.2  168435.25  4087.55  2.43
983.4  171912.70  4171.94  2.43
984.7  173176.80  4182.66  2.42
985.9  175418.10  4123.08  2.35
987.2  176992.20  4290.72  2.42
988.5  177661.55  4304.58  2.42
989.7  178556.10  4323.78  2.42
991.0  178454.80  4502.30  2.52
992.2  179171.50  4437.43  2.48
993.5  179071.20  4369.68  2.44
994.7  179631.25  4468.88  2.49
996.0  179330.00  4483.25  2.50
997.2  179458.50  4325.41  2.41
998.5  178652.25  4348.15  2.43
999.7  178544.40  4366.58  2.45
1001.0  177181.20  4280.22  2.42
1002.2  175035.80  4274.13  2.44
1003.4  173686.80  4238.79  2.44
1004.7  170387.80  4155.80  2.44
1005.9  168447.60  3951.24  2.35
1007.2  168925.05  4041.77  2.39
1008.4  167678.10  4320.54  2.58
1009.6  168149.20  4306.26  2.56
1010.9  168390.75  4184.26  2.48
1012.1  168060.75  4176.06  2.48
1013.3  168201.00  4077.60  2.42
1014.6  168564.00  4086.40  2.42
1015.8  167335.80  4209.06  2.52
1017.1  167362.20  4029.09  2.41
1018.3  166808.00  3961.69  2.38
1019.5  166958.60  4121.13  2.47
1020.8  167349.00  4291.00  2.56
1022.0  165824.40  4254.71  2.57
1023.2  164738.80  4341.09  2.64
1024.4  165877.90  4317.37  2.60
1025.7  165915.75  4060.88  2.45
1026.9  166488.00  3924.36  2.36
1028.1  167092.05  4024.85  2.41
1029.3  166203.45  3998.88  2.41
1030.6  165313.50  4100.80  2.48
1031.8  166338.90  4092.47  2.46
1033.0  165456.40  4204.22  2.54
1034.2  164521.50  4182.75  2.54
1035.4  164973.25  4016.74  2.43
1036.7  165121.60  3980.61  2.41
1037.9  165282.15  4245.78  2.57
1039.1  166657.85  4049.63  2.43
1040.3  166852.40  4010.88  2.40
1041.5  166251.05  4115.13  2.48
1042.7  165624.90  4394.13  2.65
1043.9  166708.80  3994.07  2.40
1045.2  165670.20  4275.36  2.58
1046.4  164583.00  4206.01  2.56
1047.6  163029.30  4122.58  2.53
1048.8  163319.00  3842.80  2.35
1050.0  165606.00  4337.30  2.62
1051.2  165963.90  4250.30  2.56
1052.4  165884.00  4147.10  2.50
1053.6  165332.70  4239.30  2.56
1054.8  165246.80  3913.74  2.37
1056.0  165160.60  4017.42  2.43
1057.2  164055.60  4329.25  2.64
1058.4  165238.30  4189.14  2.54
1059.7  162241.20  4294.62  2.65
1060.9  160990.50  3902.80  2.42
1062.1  160224.00  3755.25  2.34
1063.3  159420.60  3856.95  2.42
1064.5  161223.00  3700.20  2.30
1065.7  159828.05  3792.53  2.37
1066.9  160538.20  3875.06  2.41
1068.1  159070.80  3976.77  2.50
1069.3  159813.50  4067.98  2.55
1070.5  160579.80  3865.81  2.41
1071.7  158319.20  3957.98  2.50
1072.9  159074.10  4054.83  2.55
1074.1  158066.65  4193.61  2.65
1075.3  158455.80  4045.68  2.55
1076.5  157984.80  3949.62  2.50
