/*** Spectra Vista SIG Data ***/
name= 230503_1517_R874_T875.sig
instrument= HK: 9202056 (HR-512i)
integration= 10.0, 0.0, 0.0, 10.0, 0.0, 0.0
scan method= Time-based, Time-based
scan coadds= 500, 0, 0, 500, 0, 0
scan time= 5, 5
scan settings= AI, AI
external data set1= 0,0,0,0,0,0,0,0,0,0,0,0,0,0,0,0,0,0,0,0,0,0,0,0,0,0,0,0,0,0,0,0
external data set2= 0,0,0,0,0,0,0,0,0,0,0,0,0,0,0,0,0,0,0,0,0,0,0,0,0,0,0,0,0,0,0,0
external data dark= 0,0,0,0,0,0,0,0,0,0,0,0,0,0,0,0
external data mask= 0
optic= LENS 4(1), LENS 4(1)
temp= 22.5, 0.0, 0.0, 22.8, 0.0, 0.0
battery= 8.35, 8.35
error= 0, 0
units= Radiance, Radiance
time= 5/3/2023 3:17:24 PM, 5/3/2023 3:17:50 PM
longitude= 07756.4134W     , 07756.4074W     
latitude= 3402.4272N      , 3402.4160N      
gpstime= 162621.000      , 162647.000      
comm= 
memory slot= 874, 875
factors= 1.000, 1.000, 1.000 [Overlap: Preserve, Matching Type: None]
inclinometer x offset= 8, 9
inclinometer y offset= -13, -14
data= 
339.7  92622.75  93162.30  100.58
341.4  100282.60  100977.80  100.69
343.0  105029.95  105695.75  100.63
344.7  107527.75  108168.75  100.60
346.4  112834.70  113600.20  100.68
348.0  118522.30  119404.60  100.74
349.7  124534.80  125377.20  100.68
351.3  134638.30  135730.70  100.81
353.0  141989.40  143059.00  100.75
354.6  151826.70  152997.60  100.77
356.2  152205.90  153476.40  100.83
357.9  142409.25  143536.50  100.79
359.5  143184.80  144290.00  100.77
361.2  154098.00  155321.00  100.79
362.8  162215.20  163436.70  100.75
364.5  172802.40  174258.60  100.84
366.1  188136.30  189834.50  100.90
367.7  199472.40  201160.80  100.85
369.4  201462.80  203133.70  100.83
371.0  203239.40  204895.60  100.81
372.6  198408.75  199939.50  100.77
374.3  188434.50  189952.25  100.81
375.9  190931.95  192426.30  100.78
377.5  208032.50  209719.25  100.81
379.1  221089.00  222949.65  100.84
380.8  216417.60  218226.40  100.84
382.4  201307.50  202963.50  100.82
384.0  180730.35  182034.90  100.72
385.6  187403.00  188859.50  100.78
387.3  198619.20  200304.00  100.85
388.9  208298.30  210096.30  100.86
390.5  224682.70  226668.75  100.88
392.1  233766.00  235930.50  100.93
393.8  211840.00  213680.00  100.87
395.4  213087.00  214926.60  100.86
397.0  225418.05  227401.20  100.88
398.6  252517.60  254626.60  100.84
400.2  308085.40  310848.80  100.90
401.8  344729.00  347901.75  100.92
403.4  362710.60  366012.50  100.91
405.0  364080.00  367440.00  100.92
406.6  360533.25  363882.75  100.93
408.3  362281.50  365564.85  100.91
409.9  369036.00  372466.40  100.93
411.5  373479.75  376947.00  100.93
413.1  386000.00  389600.00  100.93
414.7  391326.60  394997.40  100.94
416.3  394663.50  398356.75  100.94
417.9  393385.20  397054.50  100.93
419.5  389484.90  393044.85  100.91
421.1  391705.60  395258.00  100.91
422.7  393630.60  397225.40  100.91
424.3  390390.50  393948.80  100.91
425.9  389575.45  393148.80  100.92
427.5  383703.00  387218.50  100.92
429.1  372167.25  375594.85  100.92
430.7  349494.30  352655.40  100.90
432.3  354047.20  357115.20  100.87
433.9  380012.15  383407.50  100.89
435.5  397013.70  400476.25  100.87
437.1  417126.00  420774.00  100.87
438.7  417484.60  421213.50  100.89
440.3  418162.15  421786.40  100.87
441.9  432416.25  436126.50  100.86
443.5  449826.55  453710.00  100.86
445.0  460040.00  463992.50  100.86
446.6  462234.85  466217.95  100.86
448.2  471924.55  475977.60  100.86
449.8  484324.75  488488.00  100.86
451.4  496938.05  501212.70  100.86
453.0  494447.25  498703.15  100.86
454.6  487226.25  491422.65  100.86
456.2  489121.40  493328.20  100.86
457.8  494061.20  498359.50  100.87
459.3  494182.05  498450.30  100.86
460.9  495644.60  499918.10  100.86
462.5  501880.80  506205.60  100.86
464.1  502084.80  506450.40  100.87
465.7  497107.20  501432.00  100.87
467.2  492178.50  496457.25  100.87
468.8  489954.45  494222.70  100.87
470.4  488025.00  492277.50  100.87
472.0  490091.10  494327.85  100.86
473.6  495611.60  499947.80  100.87
475.1  499175.25  503569.75  100.88
476.7  499862.70  504190.00  100.87
478.3  503303.10  507682.05  100.87
479.9  506835.90  511259.85  100.87
481.5  509356.60  513830.10  100.88
483.0  508092.90  512614.95  100.89
484.6  497971.20  502425.60  100.89
486.2  474891.20  479202.15  100.91
487.8  462483.00  466603.20  100.89
489.3  471562.50  475725.00  100.88
490.9  481665.60  485869.20  100.87
492.5  482771.85  486972.75  100.87
494.0  486289.50  490487.00  100.86
495.6  490676.55  494930.45  100.87
497.2  491863.05  496141.05  100.87
498.8  486370.55  490588.55  100.87
500.3  478651.80  482781.10  100.86
501.9  469704.50  473780.25  100.87
503.5  468028.60  472050.80  100.86
505.0  470168.30  474237.00  100.87
506.6  473894.10  477967.50  100.86
508.2  471711.60  475761.60  100.86
509.7  470208.15  474233.85  100.86
511.3  469306.25  473313.10  100.85
512.9  464508.00  468420.30  100.84
514.4  455792.00  459604.50  100.84
516.0  445530.00  449280.00  100.84
517.5  431386.20  435004.20  100.84
519.1  430693.90  434298.80  100.84
520.7  439947.20  443612.40  100.83
522.2  444995.00  448746.50  100.84
523.8  450930.30  454716.60  100.84
525.4  453585.70  457351.25  100.83
526.9  447879.80  451630.20  100.84
528.5  451562.10  455209.80  100.81
530.0  459288.15  462955.35  100.80
531.6  462380.40  466044.00  100.79
533.2  459661.35  463264.55  100.78
534.7  462056.00  465640.00  100.78
536.3  462870.00  466428.40  100.77
537.8  460731.95  464271.15  100.77
539.4  456862.80  460340.40  100.76
541.0  452667.60  456062.40  100.75
542.5  453054.00  456393.60  100.74
544.1  456440.60  459764.60  100.73
545.6  458180.25  461454.75  100.71
547.2  457798.30  460973.20  100.69
548.7  457968.00  461020.00  100.67
550.3  458845.00  461857.05  100.66
551.8  459411.75  462331.80  100.64
553.4  460860.40  463720.40  100.62
554.9  462891.30  465723.50  100.61
556.5  461155.60  464017.20  100.62
558.0  457102.50  459934.50  100.62
559.6  453330.50  456097.25  100.61
561.1  455828.45  458563.00  100.60
562.7  458861.65  461562.80  100.59
564.2  462472.35  465094.60  100.57
565.8  462082.40  464500.20  100.52
567.3  461969.05  464170.55  100.48
568.9  461737.60  463803.40  100.45
570.4  459508.95  461465.10  100.43
572.0  460143.00  462111.00  100.43
573.5  463692.60  465732.75  100.44
575.1  464694.40  466913.60  100.48
576.6  463661.00  466009.50  100.51
578.2  461742.25  464224.90  100.54
579.7  461022.40  463613.80  100.56
581.2  463110.10  465815.80  100.58
582.8  466875.25  469674.30  100.60
584.3  467868.00  470725.50  100.61
585.9  465578.40  468499.50  100.63
587.4  461084.40  464000.40  100.63
588.9  450902.00  453816.75  100.65
590.5  444400.60  447313.40  100.66
592.0  446055.75  448932.45  100.64
593.6  448323.20  451196.20  100.64
595.1  449028.80  451893.20  100.64
596.6  449814.40  452669.60  100.63
598.2  449908.25  452723.00  100.63
599.7  448254.45  451058.45  100.63
601.2  445975.60  448732.90  100.62
602.8  445197.20  447942.25  100.62
604.3  446775.50  449468.00  100.60
605.8  448300.80  450979.60  100.60
607.4  447897.60  450558.45  100.59
608.9  445297.50  447936.30  100.59
610.5  442531.65  445148.00  100.59
612.0  440116.95  442710.45  100.59
613.5  437017.00  439624.50  100.60
615.0  434157.85  436741.90  100.60
616.6  430482.40  433039.20  100.59
618.1  430617.60  433150.20  100.59
619.6  432896.00  435404.00  100.58
621.2  434257.60  436778.80  100.58
622.7  432652.80  435148.80  100.58
624.2  429840.90  432317.70  100.58
625.8  426346.70  428800.55  100.58
627.3  424331.75  426726.00  100.56
628.8  421879.85  424292.40  100.57
630.3  420114.20  422551.15  100.58
631.8  419039.40  421417.10  100.57
633.4  419901.90  422262.50  100.56
634.9  420885.65  423184.45  100.55
636.4  422183.50  424540.45  100.56
638.0  424172.40  426549.30  100.56
639.5  423990.00  426300.00  100.54
641.0  422653.00  424982.25  100.55
642.5  421833.30  424096.40  100.54
644.0  421271.00  423550.00  100.54
645.5  419966.70  422261.60  100.55
647.1  417949.60  420260.40  100.55
648.6  415557.40  417884.10  100.56
650.1  413649.00  415905.75  100.55
651.6  414124.35  416416.80  100.55
653.1  414772.35  417120.90  100.57
654.7  411343.00  413638.65  100.56
656.2  399313.35  401524.70  100.55
657.7  393034.40  395111.20  100.53
659.2  397868.25  399956.05  100.52
660.7  404394.75  406591.25  100.54
662.2  410293.00  412457.50  100.53
663.7  412939.35  415119.60  100.53
665.2  413511.70  415703.20  100.53
666.8  413564.10  415762.35  100.53
668.3  413205.00  415356.60  100.52
669.8  412697.45  414900.20  100.53
671.3  411507.10  413716.60  100.54
672.8  410731.70  412907.50  100.53
674.3  410028.30  412223.90  100.54
675.8  409807.50  411979.00  100.53
677.3  409311.00  411457.20  100.52
678.8  408740.20  410911.60  100.53
680.3  407730.80  409927.40  100.54
681.8  406469.35  408689.05  100.55
683.3  403859.50  406046.85  100.54
684.8  398711.80  400917.60  100.55
686.3  383302.40  385524.60  100.58
687.8  363636.00  365710.80  100.57
689.3  355746.30  357724.50  100.56
690.8  356316.00  358248.00  100.54
692.3  362143.95  364029.25  100.52
693.8  366840.20  368789.70  100.53
695.3  370058.00  372070.40  100.54
696.8  373954.80  375921.80  100.53
698.3  374640.00  376432.00  100.48
699.8  372790.35  374509.30  100.46
701.3  369652.60  371346.75  100.46
702.8  369124.30  370801.40  100.45
704.2  370628.20  372242.20  100.44
705.7  372412.80  374074.40  100.45
707.2  373027.55  374684.50  100.44
708.7  372892.20  374601.00  100.46
710.2  372813.75  374524.15  100.46
711.7  371771.50  373483.50  100.46
713.2  370054.40  371823.20  100.48
714.7  367146.90  368919.00  100.48
716.2  358738.40  360567.60  100.51
717.6  341766.00  343710.00  100.57
719.1  324278.60  326229.80  100.60
720.6  319654.40  321504.00  100.58
722.1  325528.50  327327.00  100.55
723.6  326176.10  328035.90  100.57
725.0  323415.90  325282.50  100.58
726.5  322317.75  324244.50  100.60
728.0  321583.50  323520.75  100.60
729.5  321201.20  323091.60  100.59
731.0  323594.90  325382.10  100.55
732.4  329250.90  330990.00  100.53
733.9  336409.50  338100.00  100.50
735.4  340749.75  342392.60  100.48
736.8  342456.00  344166.00  100.50
738.3  342666.25  344329.40  100.49
739.8  342053.25  343612.50  100.46
741.2  341043.75  342611.10  100.46
742.7  341348.00  342866.40  100.44
744.2  342980.40  344450.40  100.43
745.7  343709.25  345131.25  100.41
747.1  344170.50  345663.00  100.43
748.6  343636.95  345080.55  100.42
750.0  341884.05  343339.65  100.43
751.5  340082.60  341549.00  100.43
753.0  339140.50  340556.15  100.42
754.4  338644.00  340070.00  100.42
755.9  337437.50  338875.00  100.43
757.3  334480.25  335930.40  100.43
758.8  313030.70  314431.00  100.45
760.3  248454.00  249615.00  100.47
761.7  197728.40  198642.60  100.46
763.2  182622.00  183480.00  100.47
764.6  187945.20  188811.00  100.46
766.1  215913.60  216854.40  100.44
767.5  252198.45  253216.20  100.40
769.0  283042.00  284206.50  100.41
770.4  303107.25  304353.75  100.41
771.9  313880.00  315140.00  100.40
773.3  319082.50  320356.00  100.40
774.8  320677.50  322036.00  100.42
776.2  321445.80  322747.20  100.40
777.7  321274.80  322591.50  100.41
779.1  320346.00  321678.00  100.42
780.5  319586.80  321010.85  100.45
782.0  318949.25  320238.70  100.40
783.4  317644.80  318950.40  100.41
784.9  316490.40  317813.00  100.42
786.3  315515.20  316776.00  100.40
787.8  313650.80  314928.40  100.41
789.2  311090.85  312386.05  100.42
790.6  308179.80  309492.60  100.43
792.0  305461.10  306710.60  100.41
793.5  302445.00  303714.00  100.42
794.9  300910.95  302114.25  100.40
796.3  300833.40  302143.65  100.44
797.8  301491.30  302821.80  100.44
799.2  301384.50  302736.00  100.45
800.6  299990.00  301272.40  100.43
802.1  298690.50  299993.20  100.44
803.5  297422.40  298746.80  100.45
804.9  296392.20  297642.80  100.42
806.3  296182.50  297453.25  100.43
807.8  295764.95  296957.15  100.40
809.2  293752.35  294964.95  100.41
810.6  291604.50  292734.75  100.39
812.0  288699.80  289953.20  100.43
813.4  282306.25  283581.25  100.45
814.8  272069.90  273474.55  100.52
816.3  261241.20  262560.60  100.51
817.7  253562.40  254904.00  100.53
819.1  250484.60  251848.40  100.54
820.5  253638.00  254908.50  100.50
821.9  255705.65  256879.15  100.46
823.3  249918.90  251231.75  100.53
824.7  253153.10  254244.80  100.43
826.1  259705.60  260814.40  100.43
827.5  261396.75  262649.25  100.48
828.9  259590.00  260862.50  100.49
830.3  259275.50  260438.75  100.45
831.7  259315.80  260626.80  100.51
833.2  259314.45  260511.90  100.46
834.5  261283.40  262364.20  100.41
835.9  264699.50  265796.70  100.41
837.3  267917.00  269031.00  100.42
838.7  269928.75  270917.50  100.37
840.1  271410.20  272270.00  100.32
841.5  272043.40  273061.20  100.37
842.9  271750.35  272782.50  100.38
844.3  270894.00  271940.50  100.39
845.7  270909.20  271970.40  100.39
847.1  270973.10  272049.00  100.40
848.5  269447.50  270537.75  100.40
849.9  264166.70  265114.10  100.36
851.2  260881.50  261681.75  100.31
852.6  259764.30  260737.20  100.37
854.0  250950.70  251772.95  100.33
855.4  245494.70  246494.00  100.41
856.8  251457.15  252300.40  100.34
858.2  256958.40  257812.65  100.33
859.5  259673.00  260538.00  100.33
860.9  260172.00  261048.00  100.34
862.3  260600.60  261310.20  100.27
863.7  260740.85  261638.10  100.34
865.0  257358.00  258266.75  100.35
866.4  247246.30  248166.80  100.37
867.8  244249.50  244995.30  100.31
869.1  247197.00  248329.20  100.46
870.5  250335.45  251290.20  100.38
871.9  252256.50  253223.00  100.38
873.2  252453.00  253235.80  100.31
874.6  251388.90  252379.40  100.39
876.0  250549.40  251351.80  100.32
877.3  250280.80  251093.40  100.32
878.7  250131.20  250748.30  100.25
880.0  248382.60  249215.40  100.34
881.4  246788.25  247631.25  100.34
882.8  246961.65  247815.45  100.35
884.1  247173.75  248255.00  100.44
885.5  246643.95  247519.35  100.35
886.8  244701.60  245588.20  100.36
888.2  244092.80  244765.85  100.28
889.5  243959.10  244867.70  100.37
890.9  244012.00  244702.60  100.28
892.2  242009.70  242709.15  100.29
893.6  238410.50  239118.65  100.30
894.9  232457.40  233415.00  100.41
896.2  223330.00  224058.25  100.33
897.6  213528.00  214512.00  100.46
898.9  203592.00  204590.00  100.49
900.3  196211.60  197475.85  100.64
901.6  193431.00  194455.80  100.53
903.0  197403.40  198181.60  100.39
904.3  207151.95  208202.15  100.51
905.6  211882.45  212945.85  100.50
907.0  207977.25  208786.50  100.39
908.3  199764.50  200585.45  100.41
909.6  194492.45  195324.80  100.43
911.0  193465.60  194590.40  100.58
912.3  193970.00  195111.00  100.59
913.6  191929.20  192796.35  100.45
914.9  190286.80  191166.40  100.46
916.2  189125.30  190016.00  100.47
917.6  189266.10  190168.80  100.48
918.9  192549.65  193465.10  100.48
920.2  198325.40  199253.60  100.47
921.5  200390.40  201331.20  100.47
922.9  199704.00  200658.00  100.48
924.2  198045.70  198690.80  100.33
925.5  197004.50  197986.25  100.50
926.8  196662.40  197659.00  100.51
928.1  190321.80  190996.70  100.35
929.4  177356.85  178042.95  100.39
930.7  159767.20  160116.80  100.22
932.0  138477.20  138834.10  100.26
933.4  117497.80  118227.60  100.62
934.7  103707.90  104454.00  100.72
936.0  98984.25  100122.00  101.15
937.3  97430.30  97815.40  100.40
938.6  105500.30  106278.90  100.74
939.9  121044.00  121830.00  100.65
941.2  128156.00  128952.00  100.62
942.5  126858.90  128074.80  100.96
943.8  119987.50  121228.75  101.03
945.1  115326.60  116589.30  101.09
946.4  114543.20  115398.00  100.75
947.7  117126.00  117559.80  100.37
949.0  119619.40  120060.80  100.37
950.2  121095.00  121992.00  100.74
951.5  123535.35  123991.20  100.37
952.8  123184.60  123647.70  100.38
954.1  125259.40  125730.30  100.38
955.4  124540.00  125498.00  100.77
956.7  126542.00  127515.40  100.77
958.0  130521.60  131016.00  100.38
959.3  130858.00  131864.60  100.77
960.5  134603.40  135115.20  100.38
961.8  139000.20  139520.80  100.37
963.1  142596.90  143657.10  100.74
964.4  146109.65  146648.80  100.37
965.7  148657.05  149205.60  100.37
966.9  153628.75  154187.40  100.36
968.2  163346.05  163915.20  100.35
969.5  170864.00  171443.20  100.34
970.8  175820.00  176410.00  100.34
972.0  177486.75  177486.75  100.00
973.3  174319.20  174933.00  100.35
974.6  170258.40  170884.35  100.37
975.8  167807.15  168445.20  100.38
977.1  169156.00  169156.00  100.00
978.4  170558.05  171221.70  100.39
979.6  171869.10  172545.75  100.39
980.9  174759.75  175450.50  100.40
982.2  178301.75  179006.50  100.40
983.4  180544.30  181263.60  100.40
984.7  182716.20  183450.00  100.40
985.9  184413.90  185163.55  100.41
987.2  186186.60  186186.60  100.00
988.5  186270.70  187053.35  100.42
989.7  187363.80  187363.80  100.00
991.0  187459.40  187459.40  100.00
992.2  187544.00  187544.00  100.00
993.5  187639.20  187639.20  100.00
994.7  187517.50  187517.50  100.00
996.0  187399.85  188296.50  100.48
997.2  187741.20  187741.20  100.00
998.5  187159.50  188104.75  100.51
999.7  186307.20  186307.20  100.00
1001.0  186139.80  186139.80  100.00
1002.2  184194.65  184194.65  100.00
1003.4  182991.45  181957.60  99.44
1004.7  179738.35  179738.35  100.00
1005.9  176766.00  176766.00  100.00
1007.2  177215.85  177215.85  100.00
1008.4  176936.40  176936.40  100.00
1009.6  177376.90  177376.90  100.00
1010.9  177575.70  177575.70  100.00
1012.1  176209.15  177227.70  100.58
1013.3  176356.20  176356.20  100.00
1014.6  175715.20  175715.20  100.00
1015.8  175548.60  175548.60  100.00
1017.1  174593.90  175627.00  100.59
1018.3  175148.40  175148.40  100.00
1019.5  175412.20  175412.20  100.00
1020.8  174858.25  174858.25  100.00
1022.0  173461.05  173461.05  100.00
1023.2  173643.60  174756.70  100.64
1024.4  173830.95  173830.95  100.00
1025.7  174037.50  174037.50  100.00
1026.9  174812.40  174812.40  100.00
1028.1  174409.95  174409.95  100.00
1029.3  174951.00  173701.35  99.29
1030.6  174284.00  174284.00  100.00
1031.8  174259.80  174259.80  100.00
1033.0  173593.60  173593.60  100.00
1034.2  174281.25  174281.25  100.00
1035.4  173580.55  172146.00  99.17
1036.7  173967.40  173967.40  100.00
1037.9  174380.25  174380.25  100.00
1039.1  172888.05  172888.05  100.00
1040.3  174874.15  173269.80  99.08
1041.5  174481.30  174481.30  100.00
1042.7  174075.15  174075.15  100.00
1043.9  175391.55  173655.00  99.01
1045.2  174577.20  172795.80  98.98
1046.4  173726.50  173726.50  100.00
1047.6  174272.70  172398.80  98.92
1048.8  172926.00  172926.00  100.00
1050.0  173492.00  173492.00  100.00
1051.2  174059.70  172035.75  98.84
1052.4  174178.20  174178.20  100.00
1053.6  173811.30  171691.65  98.78
1054.8  173944.00  171769.70  98.75
1056.0  174088.20  171856.30  98.72
1057.2  173169.80  170891.25  98.68
1058.4  172220.20  169892.90  98.65
1059.7  171784.80  169398.90  98.61
1060.9  170747.50  168308.25  98.57
1062.1  170238.00  167734.50  98.53
1063.3  169705.80  167134.50  98.48
1064.5  171795.00  169152.00  98.46
1065.7  170663.85  170663.85  100.00
1066.9  171609.80  168841.90  98.39
1068.1  170433.00  170433.00  100.00
1069.3  168530.60  165624.90  98.28
1070.5  166527.20  166527.20  100.00
1071.7  170497.60  167453.00  98.21
1072.9  168431.40  168431.40  100.00
1074.1  167744.20  167744.20  100.00
1075.3  168570.00  168570.00  100.00
1076.5  167858.85  167858.85  100.00
