/*** Spectra Vista SIG Data ***/
name= 230505_1650_R941_T942.sig
instrument= HK: 9202056 (HR-512i)
integration= 20.0, 0.0, 0.0, 30.0, 0.0, 0.0
scan method= Time-based, Time-based
scan coadds= 250, 0, 0, 166, 0, 0
scan time= 5, 5
scan settings= AI, AI
external data set1= 0,0,0,0,0,0,0,0,0,0,0,0,0,0,0,0,0,0,0,0,0,0,0,0,0,0,0,0,0,0,0,0
external data set2= 0,0,0,0,0,0,0,0,0,0,0,0,0,0,0,0,0,0,0,0,0,0,0,0,0,0,0,0,0,0,0,0
external data dark= 0,0,0,0,0,0,0,0,0,0,0,0,0,0,0,0
external data mask= 0
optic= LENS 4(1), LENS 4(1)
temp= 25.7, 0.0, 0.0, 26.1, 0.0, 0.0
battery= 8.27, 8.22
error= 0, 0
units= Radiance, Radiance
time= 5/5/2023 4:49:27 PM, 5/5/2023 4:50:12 PM
longitude=                 ,                 
latitude=                 ,                 
gpstime=                 ,                 
comm= 
memory slot= 941, 942
factors= 1.000, 1.000, 1.000 [Overlap: Preserve, Matching Type: None]
inclinometer x offset= 5, 1
inclinometer y offset= -9, -3
data= 
339.7  36959.18  37109.05  100.41
341.4  39887.10  40147.80  100.65
343.0  41529.28  41889.92  100.87
344.7  42466.25  42786.75  100.75
346.4  44552.10  44909.33  100.80
348.0  46614.85  47056.00  100.95
349.7  48999.60  49420.80  100.86
351.3  52776.58  53300.02  100.99
353.0  55552.35  56109.43  101.00
354.6  59260.55  59846.00  100.99
356.2  58951.20  59798.20  101.44
357.9  55047.38  55945.00  101.63
359.5  55444.20  56201.47  101.37
361.2  59437.80  60212.37  101.30
362.8  62479.73  63395.85  101.47
364.5  66499.80  67470.60  101.46
366.1  72416.10  73467.37  101.45
367.7  76400.10  77666.40  101.66
369.4  76980.75  78452.73  101.91
371.0  77427.35  79024.40  102.06
372.6  75360.00  77047.75  102.24
374.3  71567.75  73163.33  102.23
375.9  72705.88  74181.07  102.03
377.5  79164.80  80739.10  101.99
379.1  83674.53  85626.38  102.33
380.8  81662.00  83878.67  102.71
382.4  75658.50  77935.50  103.01
384.0  68187.83  70211.55  102.97
385.6  71125.75  72922.10  102.53
387.3  75348.00  77282.40  102.57
388.9  79112.00  81299.57  102.77
390.5  85529.68  87990.65  102.88
392.1  88578.00  91575.00  103.38
393.8  80360.00  83306.67  103.67
395.4  81823.88  84621.60  103.42
397.0  86671.00  89584.52  103.36
398.6  98349.70  101560.07  103.26
400.2  120241.60  124353.00  103.42
401.8  134841.88  140011.08  103.83
403.4  142293.20  148294.77  104.22
405.0  143640.00  149940.00  104.39
406.6  143162.25  149553.25  104.46
408.3  144996.08  151479.30  104.47
409.9  148552.40  155207.73  104.48
411.5  151317.00  158130.75  104.50
413.1  157075.00  164200.00  104.54
414.7  159703.95  167101.90  104.63
416.3  161497.88  169079.17  104.69
417.9  161177.40  168848.20  104.76
419.5  159824.18  167464.15  104.78
421.1  160949.40  168660.53  104.79
422.7  161619.70  169485.07  104.87
424.3  160368.90  168235.33  104.91
425.9  159937.53  167880.53  104.97
427.5  157368.00  165294.33  105.04
429.1  152352.93  160188.37  105.14
430.7  142962.68  150332.15  105.15
432.3  145519.08  152722.48  104.95
433.9  155842.75  163561.77  104.95
435.5  162720.83  170920.60  105.04
437.1  170639.00  179398.00  105.13
438.7  170349.85  179304.28  105.26
440.3  170759.40  179750.08  105.27
441.9  176542.88  185780.25  105.23
443.5  183348.83  193044.63  105.29
445.0  187143.13  197224.58  105.39
446.6  187947.65  198139.70  105.42
448.2  191949.30  202350.82  105.42
449.8  196882.08  207607.40  105.45
451.4  201827.40  212920.18  105.50
453.0  200388.65  211577.12  105.58
454.6  197513.25  208582.60  105.60
456.2  198285.90  209342.23  105.58
457.8  200114.25  211319.57  105.60
459.3  199977.68  211271.60  105.65
460.9  200569.60  211924.90  105.66
462.5  202959.60  214485.60  105.68
464.1  202755.60  214376.80  105.73
465.7  200613.60  212187.20  105.77
467.2  198513.63  209984.75  105.78
468.8  197518.35  208954.55  105.79
470.4  196566.75  207954.00  105.79
472.0  197351.85  208797.80  105.80
473.6  199324.68  210948.10  105.83
475.1  200509.05  212267.67  105.86
476.7  200465.15  212302.37  105.90
478.3  201747.30  213700.65  105.92
479.9  203129.78  215220.60  105.95
481.5  204205.55  216413.67  105.98
483.0  203666.18  215911.78  106.01
484.6  199449.60  211507.20  106.05
486.2  190006.08  201610.03  106.11
487.8  185465.70  196648.20  106.03
489.3  189187.50  200462.50  105.96
490.9  193030.80  204624.80  106.01
492.5  193296.68  205070.25  106.09
494.0  194727.50  206614.33  106.10
495.6  196346.33  208381.02  106.13
497.2  196663.23  208790.17  106.17
498.8  194291.63  206365.65  106.21
500.3  191040.85  202960.30  106.24
501.9  187347.50  199083.83  106.26
503.5  186457.70  198146.87  106.27
505.0  187126.85  198888.28  106.29
506.6  188476.88  200374.05  106.31
508.2  187531.20  199465.20  106.36
509.7  187019.33  198952.65  106.38
511.3  186697.13  198680.87  106.42
512.9  184731.98  196660.35  106.46
514.4  181276.75  192993.83  106.46
516.0  177060.00  188390.00  106.40
517.5  171432.90  182417.55  106.41
519.1  171431.33  182403.87  106.40
520.7  175144.20  186442.67  106.45
522.2  177067.75  188673.00  106.55
523.8  179383.48  191128.02  106.55
525.4  180168.23  192003.52  106.57
526.9  177851.00  189561.23  106.58
528.5  179417.63  191118.25  106.52
530.0  182342.93  194208.80  106.51
531.6  183364.60  195363.60  106.54
533.2  182229.03  194178.70  106.56
534.7  183218.00  195178.67  106.53
536.3  183424.40  195378.40  106.52
537.8  182503.83  194425.58  106.53
539.4  180835.20  192657.20  106.54
541.0  179096.40  190798.80  106.53
542.5  179165.40  190826.40  106.51
544.1  180410.10  192145.67  106.50
545.6  180999.38  192751.50  106.49
547.2  180732.58  192508.48  106.52
548.7  180810.00  192556.00  106.50
550.3  181103.03  192855.65  106.49
551.8  181255.73  193016.25  106.49
553.4  181753.00  193545.73  106.49
554.9  182474.60  194304.33  106.48
556.5  181667.80  193488.93  106.51
558.0  179979.50  191700.83  106.51
559.6  178470.25  190052.92  106.49
561.1  179383.48  190967.75  106.46
562.7  180430.75  192054.80  106.44
564.2  181613.95  193306.10  106.44
565.8  181240.80  192953.00  106.46
567.3  180916.13  192673.18  106.50
568.9  180350.60  192182.00  106.56
570.4  179127.45  191019.60  106.64
572.0  179226.38  191213.75  106.69
573.5  180385.80  192525.20  106.73
575.1  180560.80  192837.33  106.80
576.6  180087.25  192404.17  106.84
578.2  179363.80  191644.23  106.85
579.7  179269.35  191527.08  106.84
581.2  180348.90  192654.13  106.82
582.8  182032.60  194434.38  106.81
584.3  182499.00  194966.17  106.83
585.9  181541.55  193969.60  106.85
587.4  179301.60  191602.80  106.86
588.9  174328.25  186402.08  106.93
590.5  171193.20  182976.80  106.88
592.0  171481.43  183205.65  106.84
593.6  172244.80  184029.73  106.84
595.1  172528.95  184367.33  106.86
596.6  173118.00  184991.73  106.86
598.2  173558.88  185449.17  106.85
599.7  173374.83  185274.30  106.86
601.2  172932.20  184774.45  106.85
602.8  173009.45  184845.25  106.84
604.3  173809.85  185686.77  106.83
605.8  174484.00  186430.00  106.85
607.4  174322.13  186283.80  106.86
608.9  173281.20  185204.67  106.88
610.5  172181.63  184065.75  106.90
612.0  171208.05  183014.65  106.90
613.5  169971.75  181705.50  106.90
615.0  168843.33  180496.52  106.90
616.6  167376.40  178963.47  106.92
618.1  167435.10  179020.80  106.92
619.6  168283.00  179904.67  106.91
621.2  168710.30  180418.60  106.94
622.7  167942.40  179648.00  106.97
624.2  166719.60  178407.00  107.01
625.8  165206.43  176794.05  107.01
627.3  164025.75  175591.42  107.05
628.8  162669.15  174178.20  107.08
630.3  161897.38  173369.68  107.09
631.8  161582.85  173007.90  107.07
633.4  162128.45  173558.37  107.05
634.9  162722.20  174161.47  107.03
636.4  163435.88  174965.63  107.05
638.0  164423.10  175987.90  107.03
639.5  164430.00  176064.00  107.08
641.0  164021.55  175625.45  107.07
642.5  163775.85  175354.67  107.07
644.0  163529.00  175096.00  107.07
645.5  162743.05  174311.37  107.11
647.1  161363.60  172888.53  107.14
648.6  159861.85  171312.43  107.16
650.1  159078.75  170392.00  107.11
651.6  159302.80  170630.20  107.11
653.1  159632.33  171106.45  107.19
654.7  158259.30  169862.48  107.33
656.2  153641.78  164910.25  107.33
657.7  151653.60  162604.00  107.22
659.2  153904.08  164872.93  107.13
660.7  156715.50  167904.92  107.14
662.2  159162.90  170562.60  107.16
663.7  160296.83  171819.85  107.19
665.2  160636.95  172186.97  107.19
666.8  160692.08  172261.38  107.20
668.3  160587.60  172160.60  107.21
669.8  160409.15  171993.98  107.22
671.3  159918.70  171522.67  107.26
672.8  159624.60  171228.87  107.27
674.3  159305.75  170924.13  107.29
675.8  159201.25  170807.83  107.29
677.3  158946.55  170571.80  107.31
678.8  158693.15  170282.57  107.30
680.3  158259.80  169818.10  107.30
681.8  157704.40  169260.93  107.33
683.3  156608.93  168070.28  107.32
684.8  154325.30  165739.87  107.40
686.3  147315.60  158480.80  107.58
687.8  138765.90  149403.80  107.67
689.3  135369.33  145599.18  107.56
690.8  135598.80  145691.20  107.44
692.3  137599.18  147774.25  107.39
693.8  138693.00  148978.93  107.42
695.3  139861.80  150147.40  107.35
696.8  141989.30  152339.47  107.29
698.3  142492.00  152898.67  107.30
699.8  141425.23  151840.58  107.36
701.3  140095.28  150451.45  107.39
702.8  140146.05  150542.27  107.42
704.2  141225.00  151644.27  107.38
705.7  142281.20  152760.00  107.36
707.2  142952.03  153472.77  107.36
708.7  143325.60  153863.20  107.35
710.2  143646.88  154185.43  107.34
711.7  143513.75  154044.33  107.34
713.2  142978.00  153474.67  107.34
714.7  141499.50  151971.00  107.40
716.2  136571.30  146927.80  107.58
717.6  127143.00  136998.00  107.75
719.1  118454.10  127659.07  107.77
720.6  116742.40  125555.20  107.55
722.1  120254.25  129183.17  107.43
723.6  120422.05  129474.90  107.52
725.0  118803.60  127807.20  107.58
726.5  118164.83  127092.10  107.55
728.0  117978.53  126843.75  107.51
729.5  118150.00  127027.47  107.51
731.0  119574.85  128492.23  107.46
732.4  123139.50  132190.30  107.35
733.9  127604.58  136911.72  107.29
735.4  130408.30  139906.62  107.28
736.8  131841.00  141455.00  107.29
738.3  132679.23  142342.70  107.28
739.8  133229.25  142854.25  107.22
741.2  133631.10  143228.70  107.18
742.7  134436.80  144053.33  107.15
744.2  135592.80  145255.60  107.13
745.7  136186.13  145913.00  107.14
747.1  136653.30  146384.40  107.12
748.6  136570.58  146324.90  107.14
750.0  136007.63  145721.73  107.14
751.5  135397.60  145071.77  107.15
753.0  135133.03  144724.57  107.10
754.4  135005.00  144584.00  107.10
755.9  134531.25  144104.17  107.12
757.3  133224.65  142787.23  107.18
758.8  123035.45  132434.43  107.64
760.3  94847.25  102791.50  108.38
761.7  73691.05  79970.73  108.52
763.2  66858.00  72358.00  108.23
764.6  69064.20  74481.00  107.84
766.1  81345.60  87292.80  107.31
767.5  97398.68  104308.07  107.09
769.0  111107.00  118893.17  107.01
770.4  120114.13  128574.17  107.04
771.9  125090.00  133933.33  107.07
773.3  127562.25  136594.67  107.08
774.8  128449.75  137589.83  107.12
776.2  128910.90  138068.90  107.10
777.7  128890.30  138107.20  107.15
779.1  128612.00  137763.33  107.12
780.5  128351.88  137483.28  107.11
782.0  128072.73  137212.65  107.14
783.4  127564.80  136652.80  107.12
784.9  127008.50  136124.07  107.18
786.3  126395.20  135457.20  107.17
787.8  125244.73  134227.85  107.17
789.2  123610.65  132569.12  107.25
790.6  122049.38  130897.10  107.25
792.0  120868.30  129614.80  107.24
793.5  119920.50  128620.20  107.25
794.9  119556.45  128237.40  107.26
796.3  119276.43  127967.75  107.29
797.8  119478.90  128141.93  107.25
799.2  119427.55  128122.20  107.28
800.6  118759.40  127385.07  107.26
802.1  118080.45  126641.05  107.25
803.5  117445.90  126038.73  107.32
804.9  117315.90  125829.60  107.26
806.3  117691.00  126195.25  107.23
807.8  117630.40  126207.62  107.29
809.2  116712.75  125234.63  107.30
810.6  115336.88  123779.50  107.32
812.0  113223.80  121614.62  107.41
813.4  109118.75  117300.00  107.50
814.8  103187.75  111075.40  107.64
816.3  97580.63  105112.20  107.72
817.7  94079.70  101290.80  107.66
819.1  93249.83  100277.18  107.54
820.5  95634.00  102718.00  107.41
821.9  96755.08  104011.22  107.50
823.3  93809.10  100930.32  107.59
824.7  95827.00  102943.27  107.43
826.1  99237.60  106609.07  107.43
827.5  99949.50  107464.50  107.52
828.9  99064.13  106550.67  107.56
830.3  99199.38  106545.08  107.40
831.7  99504.90  106890.20  107.42
833.2  99854.03  107282.65  107.44
834.5  101189.90  108710.47  107.43
835.9  103273.95  110954.35  107.44
837.3  105064.13  112838.92  107.40
838.7  106431.88  114224.17  107.32
840.1  107475.00  115356.50  107.33
841.5  108104.90  115980.73  107.29
842.9  108302.03  116141.45  107.24
844.3  108238.00  116061.83  107.23
845.7  108545.60  116428.80  107.26
847.1  108742.75  116658.30  107.28
848.5  108168.38  116137.58  107.37
849.9  106029.85  113845.90  107.37
851.2  104752.73  112461.80  107.36
852.6  104181.38  111883.50  107.39
854.0  100561.18  108043.65  107.44
855.4  98764.15  105981.32  107.31
856.8  101358.65  108554.38  107.10
858.2  103535.10  110995.55  107.21
859.5  104665.00  112277.00  107.27
860.9  104944.80  112653.60  107.35
862.3  105109.50  112826.40  107.34
863.7  105157.70  112874.05  107.34
865.0  103597.50  111291.58  107.43
866.4  99598.10  107023.47  107.46
867.8  98632.05  105779.30  107.25
869.1  100011.00  107181.60  107.17
870.5  101203.50  108586.90  107.30
871.9  101869.10  109278.93  107.27
873.2  101959.70  109331.07  107.23
874.6  101427.20  108822.93  107.29
876.0  101102.40  108524.60  107.34
877.3  101067.13  108414.38  107.27
878.7  100895.85  108266.77  107.31
880.0  100144.20  107570.00  107.42
881.4  99474.00  106780.00  107.34
882.8  99467.70  106796.15  107.37
884.1  99691.25  106899.58  107.23
885.5  99248.48  106507.00  107.31
886.8  98412.60  105653.17  107.36
888.2  98153.13  105294.93  107.28
889.5  98128.80  105321.88  107.33
890.9  97950.10  105124.67  107.32
892.2  96640.68  103829.47  107.44
893.6  94301.98  101501.50  107.63
894.9  90612.90  97595.40  107.71
896.2  85326.63  91921.33  107.73
897.6  80319.00  86510.00  107.71
898.9  75349.00  81337.00  107.95
900.3  72188.68  77877.80  107.88
901.6  71095.50  76603.80  107.75
903.0  73410.20  79030.53  107.66
904.3  78371.18  84191.03  107.43
905.6  80685.48  86578.48  107.30
907.0  78092.63  84162.00  107.77
908.3  74022.33  79814.58  107.83
909.6  71304.65  76946.13  107.91
911.0  70862.40  76392.67  107.80
912.3  70884.63  76447.00  107.85
913.6  69661.05  74960.30  107.61
914.9  68755.40  74081.87  107.75
916.2  68138.55  73532.23  107.92
917.6  68304.30  73720.50  107.93
918.9  70642.23  75982.35  107.56
920.2  74101.30  79722.07  107.59
921.5  75577.60  81326.93  107.61
922.9  75525.00  81302.00  107.65
924.2  74347.78  80099.92  107.74
925.5  73794.88  79630.83  107.91
926.8  73250.10  78952.87  107.79
928.1  69177.25  74688.93  107.97
929.4  62435.10  67580.85  108.24
930.7  54013.20  58732.80  108.74
932.0  44790.95  48776.33  108.90
933.4  36307.55  39530.83  108.88
934.7  31149.68  33947.55  108.98
936.0  29391.88  31983.42  108.82
937.3  28689.95  31064.73  108.28
938.6  32506.55  35037.00  107.78
939.9  38514.00  41658.00  108.16
941.2  40994.00  44310.67  108.09
942.5  40327.35  43772.40  108.54
943.8  37858.13  41099.17  108.56
945.1  36407.85  39284.00  107.90
946.4  35901.60  38750.93  107.94
947.7  36873.00  39909.60  108.24
949.0  37739.70  40903.07  108.38
950.2  38795.25  42009.50  108.29
951.5  39203.10  42546.00  108.53
952.8  39363.50  42450.83  107.84
954.1  40261.95  43636.73  108.38
955.4  40236.00  43589.00  108.33
956.7  41369.50  44776.40  108.24
958.0  42765.60  46638.40  109.06
959.3  43032.15  46639.13  108.38
960.5  44526.60  48279.80  108.43
961.8  46854.00  50324.67  107.41
963.1  48769.20  52303.20  107.25
964.4  50410.53  54454.15  108.02
965.7  51563.70  55586.40  107.80
966.9  54468.38  58658.25  107.69
968.2  59476.18  63934.52  107.50
969.5  63712.00  68345.60  107.27
970.8  66375.00  71390.00  107.56
972.0  67083.98  71997.45  107.32
973.3  65369.70  70382.40  107.67
974.6  63220.95  68019.90  107.59
975.8  61890.85  66569.88  107.56
977.1  62782.90  67445.53  107.43
978.4  63710.40  68798.38  107.99
979.6  64620.08  69469.40  107.50
980.9  66312.00  71607.75  107.99
982.2  68008.38  73294.00  107.77
983.4  69772.10  74807.20  107.22
984.7  71178.60  76315.20  107.22
985.9  72341.23  77713.72  107.43
987.2  73172.10  78663.20  107.50
988.5  73960.43  79569.42  107.58
989.7  74465.10  80070.00  107.53
991.0  74492.60  80222.80  107.69
992.2  74933.88  80376.00  107.26
993.5  74970.00  80539.20  107.43
994.7  75357.50  80615.00  106.98
996.0  75318.60  80997.38  107.54
997.2  75464.60  80986.40  107.32
998.5  75147.38  80661.33  107.34
999.7  75202.13  80539.05  107.10
1001.0  74655.00  79963.80  107.11
1002.2  73779.63  79376.70  107.59
1003.4  73403.35  78917.22  107.51
1004.7  72207.03  77228.62  106.95
1005.9  71226.30  76252.00  107.06
1007.2  71508.15  76344.45  106.76
1008.4  70980.30  76466.70  107.73
1009.6  71258.35  76555.73  107.43
1010.9  71438.50  76541.25  107.14
1012.1  71298.50  76391.25  107.14
1013.3  71358.00  76455.00  107.14
1014.6  71001.20  76279.47  107.43
1015.8  70835.40  76310.60  107.73
1017.1  71283.90  76105.03  106.76
1018.3  70893.40  76106.15  107.35
1019.5  70798.90  76082.40  107.46
1020.8  70265.13  75807.67  107.89
1022.0  69820.80  75639.20  108.33
1023.2  70125.30  75319.77  107.41
1024.4  69873.23  75364.62  107.86
1025.7  70195.13  75416.25  107.44
1026.9  70757.40  75712.40  107.00
1028.1  70739.70  75618.30  106.90
1029.3  70605.23  75812.10  107.37
1030.6  70482.50  75608.50  107.27
1031.8  70628.03  76128.65  107.79
1033.0  69844.30  75947.20  108.74
1034.2  70409.63  75289.50  106.93
1035.4  71010.23  74596.60  105.05
1036.7  70766.40  75189.30  106.25
1037.9  70510.28  74806.60  106.09
1039.1  70089.75  75281.58  107.41
1040.3  70591.40  75404.45  106.82
1041.5  70780.15  75169.62  106.20
1042.7  70137.08  74925.55  106.83
1043.9  70330.28  75250.50  107.00
1045.2  70365.30  75412.60  107.17
1046.4  70404.95  74976.70  106.49
1047.6  69334.30  75580.63  109.01
1048.8  70131.10  74294.13  105.94
1050.0  69988.25  74259.83  106.10
1051.2  69826.28  74211.50  106.28
1052.4  69463.93  74647.80  107.46
1053.6  68888.63  74894.30  108.72
1054.8  69577.60  73926.20  106.25
1056.0  69188.90  74396.67  107.53
1057.2  69495.78  73673.12  106.01
1058.4  68655.35  73697.83  107.34
1059.7  67998.15  73167.60  107.60
1060.9  67079.38  72364.42  107.88
1062.1  67594.50  73436.00  108.64
1063.3  66853.80  72853.50  108.97
1064.5  67396.50  73123.00  108.50
1065.7  67723.75  73141.65  108.00
1066.9  67813.55  72888.03  107.48
1068.1  68173.20  72907.45  106.94
1069.3  68283.95  72642.50  106.38
1070.5  66908.25  71368.80  106.67
1071.7  66981.20  72055.53  107.58
1072.9  67060.65  72779.00  108.53
1074.1  67742.85  72043.98  106.35
1075.3  67428.00  73047.00  108.33
1076.5  67472.68  72409.70  107.32
