/*** Spectra Vista SIG Data ***/
name= 230505_1655_R941_T952.sig
instrument= HK: 9202056 (HR-512i)
integration= 20.0, 0.0, 0.0, 10.0, 0.0, 0.0
scan method= Time-based, Time-based
scan coadds= 250, 0, 0, 500, 0, 0
scan time= 5, 5
scan settings= AI, AI
external data set1= 0,0,0,0,0,0,0,0,0,0,0,0,0,0,0,0,0,0,0,0,0,0,0,0,0,0,0,0,0,0,0,0
external data set2= 0,0,0,0,0,0,0,0,0,0,0,0,0,0,0,0,0,0,0,0,0,0,0,0,0,0,0,0,0,0,0,0
external data dark= 0,0,0,0,0,0,0,0,0,0,0,0,0,0,0,0
external data mask= 0
optic= LENS 4(1), LENS 4(1)
temp= 25.7, 0.0, 0.0, 27.3, 0.0, 0.0
battery= 8.27, 8.20
error= 0, 0
units= Radiance, Radiance
time= 5/5/2023 4:49:27 PM, 5/5/2023 4:55:14 PM
longitude=                 , 07746.6527W     
latitude=                 , 3409.6268N      
gpstime=                 , 175909.000      
comm= 
memory slot= 941, 952
factors= 1.000, 1.000, 1.000 [Overlap: Preserve, Matching Type: None]
inclinometer x offset= 5, 5
inclinometer y offset= -9, -43
data= 
339.7  36959.18  82011.60  221.90
341.4  39887.10  88464.20  221.79
343.0  41529.28  92213.30  222.04
344.7  42466.25  93906.50  221.13
346.4  44552.10  98443.30  220.96
348.0  46614.85  102935.00  220.82
349.7  48999.60  107686.80  219.77
351.3  52776.58  115930.95  219.66
353.0  55552.35  121667.00  219.01
354.6  59260.55  129449.50  218.44
356.2  58951.20  128955.75  218.75
357.9  55047.38  119989.50  217.97
359.5  55444.20  120098.40  216.61
361.2  59437.80  128659.60  216.46
362.8  62479.73  134853.60  215.84
364.5  66499.80  143071.65  215.15
366.1  72416.10  155385.30  214.57
367.7  76400.10  163774.80  214.36
369.4  76980.75  164583.65  213.80
371.0  77427.35  165265.10  213.45
372.6  75360.00  160493.25  212.97
374.3  71567.75  151891.75  212.23
375.9  72705.88  153458.25  211.07
377.5  79164.80  166763.35  210.65
379.1  83674.53  176214.50  210.60
380.8  81662.00  171729.60  210.29
382.4  75658.50  158976.00  210.12
384.0  68187.83  142396.65  208.83
385.6  71125.75  147494.90  207.37
387.3  75348.00  155844.00  206.83
388.9  79112.00  162988.70  206.02
390.5  85529.68  175290.50  204.95
392.1  88578.00  181401.75  204.79
393.8  80360.00  163680.00  203.68
395.4  81823.88  164567.55  201.12
397.0  86671.00  173488.90  200.17
398.6  98349.70  194168.60  197.43
400.2  120241.60  236034.80  196.30
401.8  134841.88  262820.25  194.91
403.4  142293.20  275303.70  193.48
405.0  143640.00  275280.00  191.65
406.6  143162.25  271656.00  189.75
408.3  144996.08  272184.15  187.72
409.9  148552.40  276361.60  186.04
411.5  151317.00  278932.50  184.34
413.1  157075.00  287450.00  183.00
414.7  159703.95  290524.50  181.91
416.3  161497.88  292234.25  180.95
417.9  161177.40  290463.60  180.21
419.5  159824.18  286905.60  179.51
421.1  160949.40  287958.40  178.91
422.7  161619.70  288629.00  178.59
424.3  160368.90  285686.50  178.14
425.9  159937.53  284462.75  177.86
427.5  157368.00  279581.00  177.66
429.1  152352.93  270468.80  177.53
430.7  142962.68  253504.80  177.32
432.3  145519.08  256983.35  176.60
433.9  155842.75  275290.40  176.65
435.5  162720.83  287049.20  176.41
437.1  170639.00  300884.00  176.33
438.7  170349.85  300404.75  176.35
440.3  170759.40  300545.70  176.01
441.9  176542.88  310437.00  175.84
443.5  183348.83  322326.35  175.80
445.0  187143.13  328910.00  175.75
446.6  187947.65  330011.55  175.59
448.2  191949.30  336639.25  175.38
449.8  196882.08  345073.95  175.27
451.4  201827.40  353517.55  175.16
453.0  200388.65  351031.45  175.18
454.6  197513.25  345557.40  174.95
456.2  198285.90  346616.05  174.81
457.8  200114.25  349703.20  174.75
459.3  199977.68  349264.80  174.65
460.9  200569.60  349979.30  174.49
462.5  202959.60  353940.00  174.39
464.1  202755.60  353532.00  174.36
465.7  200613.60  349615.20  174.27
467.2  198513.63  345763.75  174.18
468.8  197518.35  343817.70  174.07
470.4  196566.75  342063.00  174.02
472.0  197351.85  343176.75  173.89
473.6  199324.68  346614.95  173.89
475.1  200509.05  348643.65  173.88
476.7  200465.15  348605.70  173.90
478.3  201747.30  350671.05  173.82
479.9  203129.78  352858.95  173.71
481.5  204205.55  354379.00  173.54
483.0  203666.18  353222.35  173.43
484.6  199449.60  345715.20  173.33
486.2  190006.08  329234.50  173.28
487.8  185465.70  320733.00  172.93
489.3  189187.50  327000.00  172.84
490.9  193030.80  333609.60  172.83
492.5  193296.68  333971.55  172.78
494.0  194727.50  336165.00  172.63
495.6  196346.33  338906.05  172.61
497.2  196663.23  339352.35  172.56
498.8  194291.63  335155.25  172.50
500.3  191040.85  329441.80  172.45
501.9  187347.50  322943.25  172.38
503.5  186457.70  321404.20  172.37
505.0  187126.85  322527.85  172.36
506.6  188476.88  324820.80  172.34
508.2  187531.20  323060.40  172.27
509.7  187019.33  321896.25  172.12
511.3  186697.13  321147.45  172.02
512.9  184731.98  317610.45  171.93
514.4  181276.75  311496.50  171.83
516.0  177060.00  304350.00  171.89
517.5  171432.90  294475.05  171.77
519.1  171431.33  294074.30  171.54
520.7  175144.20  300238.40  171.42
522.2  177067.75  303414.00  171.35
523.8  179383.48  307351.40  171.34
525.4  180168.23  308864.05  171.43
526.9  177851.00  304807.90  171.38
528.5  179417.63  307362.15  171.31
530.0  182342.93  312456.90  171.36
531.6  183364.60  314302.80  171.41
533.2  182229.03  312267.95  171.36
534.7  183218.00  313880.00  171.32
536.3  183424.40  314251.20  171.32
537.8  182503.83  312638.55  171.31
539.4  180835.20  309810.00  171.32
541.0  179096.40  306774.00  171.29
542.5  179165.40  306939.60  171.32
544.1  180410.10  309104.30  171.33
545.6  180999.38  310106.25  171.33
547.2  180732.58  309664.15  171.34
548.7  180810.00  309708.00  171.29
550.3  181103.03  310241.15  171.31
551.8  181255.73  310517.55  171.31
553.4  181753.00  311396.80  171.33
554.9  182474.60  312669.10  171.35
556.5  181667.80  311359.60  171.39
558.0  179979.50  308540.50  171.43
559.6  178470.25  305949.00  171.43
561.1  179383.48  307651.90  171.51
562.7  180430.75  309600.35  171.59
564.2  181613.95  311893.50  171.73
565.8  181240.80  311488.00  171.86
567.3  180916.13  311040.50  171.93
568.9  180350.60  310214.30  172.01
570.4  179127.45  308078.10  171.99
572.0  179226.38  308084.25  171.90
573.5  180385.80  310041.90  171.88
575.1  180560.80  310323.20  171.87
576.6  180087.25  309422.50  171.82
578.2  179363.80  308032.50  171.74
579.7  179269.35  307574.50  171.57
581.2  180348.90  309071.80  171.37
582.8  182032.60  311606.60  171.18
584.3  182499.00  312134.25  171.03
585.9  181541.55  310342.80  170.95
587.4  179301.60  306730.80  171.07
588.9  174328.25  298843.75  171.43
590.5  171193.20  293828.70  171.64
592.0  171481.43  294627.60  171.81
593.6  172244.80  295919.00  171.80
595.1  172528.95  296294.90  171.74
596.6  173118.00  296975.20  171.54
598.2  173558.88  297321.00  171.31
599.7  173374.83  296558.05  171.05
601.2  172932.20  295313.90  170.77
602.8  173009.45  295075.05  170.55
604.3  173809.85  296246.80  170.44
605.8  174484.00  297238.20  170.35
607.4  174322.13  296885.25  170.31
608.9  173281.20  295032.50  170.26
610.5  172181.63  293104.90  170.23
612.0  171208.05  291398.25  170.20
613.5  169971.75  289209.00  170.15
615.0  168843.33  287204.05  170.10
616.6  167376.40  284669.60  170.08
618.1  167435.10  284747.40  170.06
619.6  168283.00  286178.00  170.06
621.2  168710.30  286920.20  170.07
622.7  167942.40  285657.60  170.09
624.2  166719.60  283593.60  170.10
625.8  165206.43  281102.15  170.15
627.3  164025.75  279499.25  170.40
628.8  162669.15  277561.90  170.63
630.3  161897.38  276294.20  170.66
631.8  161582.85  275571.40  170.54
633.4  162128.45  276190.20  170.35
634.9  162722.20  276923.30  170.18
636.4  163435.88  277830.65  169.99
638.0  164423.10  279223.20  169.82
639.5  164430.00  279048.00  169.71
641.0  164021.55  278154.80  169.58
642.5  163775.85  277635.40  169.52
644.0  163529.00  277178.00  169.50
645.5  162743.05  275950.90  169.56
647.1  161363.60  274026.00  169.82
648.6  159861.85  271872.70  170.07
650.1  159078.75  270588.75  170.10
651.6  159302.80  271003.55  170.12
653.1  159632.33  271372.65  170.00
654.7  158259.30  268872.15  169.89
656.2  153641.78  260845.20  169.77
657.7  151653.60  257098.40  169.53
659.2  153904.08  260785.20  169.45
660.7  156715.50  265442.25  169.38
662.2  159162.90  269311.90  169.21
663.7  160296.83  271029.30  169.08
665.2  160636.95  271405.10  168.96
666.8  160692.08  271361.75  168.87
668.3  160587.60  271052.70  168.79
669.8  160409.15  270693.50  168.75
671.3  159918.70  269853.60  168.74
672.8  159624.60  269205.80  168.65
674.3  159305.75  268611.70  168.61
675.8  159201.25  268357.00  168.56
677.3  158946.55  267917.30  168.56
678.8  158693.15  267495.80  168.56
680.3  158259.80  266782.30  168.57
681.8  157704.40  265888.35  168.60
683.3  156608.93  264082.50  168.63
684.8  154325.30  260499.60  168.80
686.3  147315.60  249753.60  169.54
687.8  138765.90  236527.20  170.45
689.3  135369.33  231394.45  170.94
690.8  135598.80  231895.20  171.02
692.3  137599.18  235218.90  170.94
693.8  138693.00  237337.70  171.12
695.3  139861.80  239028.40  170.90
696.8  141989.30  241941.00  170.39
698.3  142492.00  242312.00  170.05
699.8  141425.23  240486.65  170.05
701.3  140095.28  238055.40  169.92
702.8  140146.05  237823.60  169.70
704.2  141225.00  239141.00  169.33
705.7  142281.20  240556.80  169.07
707.2  142952.03  241273.30  168.78
708.7  143325.60  241474.80  168.48
710.2  143646.88  241594.00  168.19
711.7  143513.75  241124.50  168.01
713.2  142978.00  240020.80  167.87
714.7  141499.50  237729.90  168.01
716.2  136571.30  230640.60  168.88
717.6  127143.00  216594.00  170.35
719.1  118454.10  203250.00  171.59
720.6  116742.40  200355.20  171.62
722.1  120254.25  205574.00  170.95
723.6  120422.05  205836.10  170.93
725.0  118803.60  203404.50  171.21
726.5  118164.83  202473.90  171.35
728.0  117978.53  202027.50  171.24
729.5  118150.00  202050.40  171.01
731.0  119574.85  204075.90  170.67
732.4  123139.50  208972.50  169.70
733.9  127604.58  215144.30  168.60
735.4  130408.30  218952.25  167.90
736.8  131841.00  220704.00  167.40
738.3  132679.23  221428.35  166.89
739.8  133229.25  221586.75  166.32
741.2  133631.10  221634.90  165.86
742.7  134436.80  222387.20  165.42
744.2  135592.80  223792.80  165.05
745.7  136186.13  224439.00  164.80
747.1  136653.30  224949.60  164.61
748.6  136570.58  224600.10  164.46
750.0  136007.63  223555.90  164.37
751.5  135397.60  222404.00  164.26
753.0  135133.03  221826.20  164.15
754.4  135005.00  221464.00  164.04
755.9  134531.25  220687.50  164.04
757.3  133224.65  218594.35  164.08
758.8  123035.45  203298.10  165.24
760.3  94847.25  159315.00  167.97
761.7  73691.05  126355.50  171.47
763.2  66858.00  116952.00  174.93
764.6  69064.20  120945.60  175.12
766.1  81345.60  140112.00  172.24
767.5  97398.68  164468.40  168.86
769.0  111107.00  185018.50  166.52
770.4  120114.13  198124.25  164.95
771.9  125090.00  205240.00  164.07
773.3  127562.25  208641.75  163.56
774.8  128449.75  209781.00  163.32
776.2  128910.90  210320.70  163.15
777.7  128890.30  210233.10  163.11
779.1  128612.00  209642.00  163.00
780.5  128351.88  209110.50  162.92
782.0  128072.73  208663.35  162.93
783.4  127564.80  207744.00  162.85
784.9  127008.50  206948.00  162.94
786.3  126395.20  206062.00  163.03
787.8  125244.73  204495.85  163.28
789.2  123610.65  202294.05  163.65
790.6  122049.38  200037.90  163.90
792.0  120868.30  198087.40  163.89
793.5  119920.50  196356.60  163.74
794.9  119556.45  195622.20  163.62
796.3  119276.43  195401.95  163.82
797.8  119478.90  195760.90  163.85
799.2  119427.55  195697.20  163.86
800.6  118759.40  194650.00  163.90
802.1  118080.45  193637.05  163.99
803.5  117445.90  192794.80  164.16
804.9  117315.90  192207.60  163.84
806.3  117691.00  192469.75  163.54
807.8  117630.40  192440.95  163.60
809.2  116712.75  190984.50  163.64
810.6  115336.88  189060.00  163.92
812.0  113223.80  186338.80  164.58
813.4  109118.75  180625.00  165.53
814.8  103187.75  172231.70  166.91
816.3  97580.63  163825.50  167.89
817.7  94079.70  158420.60  168.39
819.1  93249.83  156950.65  168.31
820.5  95634.00  160083.00  167.39
821.9  96755.08  161825.65  167.25
823.3  93809.10  157183.95  167.56
824.7  95827.00  159994.70  166.96
826.1  99237.60  165211.20  166.48
827.5  99949.50  166332.00  166.42
828.9  99064.13  164916.00  166.47
830.3  99199.38  164793.75  166.12
831.7  99504.90  165186.00  166.01
833.2  99854.03  165514.20  165.76
834.5  101189.90  167388.90  165.42
835.9  103273.95  170340.30  164.94
837.3  105064.13  172948.50  164.61
838.7  106431.88  174726.25  164.17
840.1  107475.00  176115.70  163.87
841.5  108104.90  176806.40  163.55
842.9  108302.03  176792.55  163.24
844.3  108238.00  176410.00  162.98
845.7  108545.60  176765.60  162.85
847.1  108742.75  176908.70  162.69
848.5  108168.38  175997.50  162.71
849.9  106029.85  172426.80  162.62
851.2  104752.73  170453.25  162.72
852.6  104181.38  169608.90  162.80
854.0  100561.18  163627.75  162.71
855.4  98764.15  160554.20  162.56
856.8  101358.65  164602.40  162.40
858.2  103535.10  168287.25  162.54
859.5  104665.00  169886.00  162.31
860.9  104944.80  170469.60  162.44
862.3  105109.50  170658.80  162.36
863.7  105157.70  170836.40  162.46
865.0  103597.50  168482.25  162.63
866.4  99598.10  161823.90  162.48
867.8  98632.05  159974.10  162.19
869.1  100011.00  162093.30  162.08
870.5  101203.50  164217.00  162.26
871.9  101869.10  165464.80  162.43
873.2  101959.70  165366.50  162.19
874.6  101427.20  164621.10  162.30
876.0  101102.40  164090.80  162.30
877.3  101067.13  163942.05  162.21
878.7  100895.85  163737.20  162.28
880.0  100144.20  162604.20  162.37
881.4  99474.00  161645.25  162.50
882.8  99467.70  161795.10  162.66
884.1  99691.25  161971.25  162.47
885.5  99248.48  161292.45  162.51
886.8  98412.60  160031.30  162.61
888.2  98153.13  159512.85  162.51
889.5  98128.80  159686.45  162.73
890.9  97950.10  159298.40  162.63
892.2  96640.68  157842.55  163.33
893.6  94301.98  154376.70  163.70
894.9  90612.90  149625.00  165.13
896.2  85326.63  142008.75  166.43
897.6  80319.00  134316.00  167.23
898.9  75349.00  126995.50  168.54
900.3  72188.68  122126.55  169.18
901.6  71095.50  120414.00  169.37
903.0  73410.20  123733.80  168.55
904.3  78371.18  131275.00  167.50
905.6  80685.48  134785.95  167.05
907.0  78092.63  131098.50  167.88
908.3  74022.33  125058.05  168.95
909.6  71304.65  120968.20  169.65
911.0  70862.40  120634.80  170.24
912.3  70884.63  120660.75  170.22
913.6  69661.05  118510.50  170.12
914.9  68755.40  117280.00  170.58
916.2  68138.55  116384.80  170.81
917.6  68304.30  116749.20  170.93
918.9  70642.23  119923.95  169.76
920.2  74101.30  124997.60  168.68
921.5  75577.60  127008.00  168.05
922.9  75525.00  126564.00  167.58
924.2  74347.78  125149.40  168.33
925.5  73794.88  124355.00  168.51
926.8  73250.10  123578.40  168.71
928.1  69177.25  118107.50  170.73
929.4  62435.10  107717.70  172.53
930.7  54013.20  95091.20  176.05
932.0  44790.95  80302.50  179.28
933.4  36307.55  66411.80  182.91
934.7  31149.68  57449.70  184.43
936.0  29391.88  54991.25  187.10
937.3  28689.95  53143.80  185.23
938.6  32506.55  59562.90  183.23
939.9  38514.00  69954.00  181.63
941.2  40994.00  74426.00  181.55
942.5  40327.35  73359.30  181.91
943.8  37858.13  69096.25  182.51
945.1  36407.85  66081.30  181.50
946.4  35901.60  65392.20  182.14
947.7  36873.00  66805.20  181.18
949.0  37739.70  68417.00  181.29
950.2  38795.25  69966.00  180.35
951.5  39203.10  71112.60  181.40
952.8  39363.50  70854.30  180.00
954.1  40261.95  72518.60  180.12
955.4  40236.00  72329.00  179.76
956.7  41369.50  73978.40  178.82
958.0  42765.60  76632.00  179.19
959.3  43032.15  77004.90  178.95
960.5  44526.60  79329.00  178.16
961.8  46854.00  82775.40  176.67
963.1  48769.20  85346.10  175.00
964.4  50410.53  88420.60  175.40
965.7  51563.70  89962.20  174.47
966.9  54468.38  94411.85  173.33
968.2  59476.18  101877.85  171.29
969.5  63712.00  107731.20  169.09
970.8  66375.00  112100.00  168.89
972.0  67083.98  113110.20  168.61
973.3  65369.70  110484.00  169.01
974.6  63220.95  107663.40  170.30
975.8  61890.85  105278.25  170.10
977.1  62782.90  106698.40  169.95
978.4  63710.40  108174.95  169.79
979.6  64620.08  108940.65  168.59
980.9  66312.00  111901.50  168.75
982.2  68008.38  114874.25  168.91
983.4  69772.10  116526.60  167.01
984.7  71178.60  118141.80  165.98
985.9  72341.23  120693.65  166.84
987.2  73172.10  121825.80  166.49
988.5  73960.43  122093.40  165.08
989.7  74465.10  122507.10  164.52
991.0  74492.60  122790.00  164.84
992.2  74933.88  123075.75  164.25
993.5  74970.00  123379.20  164.57
994.7  75357.50  124427.50  165.12
996.0  75318.60  123737.70  164.29
997.2  75464.60  124240.50  164.63
998.5  75147.38  123827.75  164.78
999.7  75202.13  123234.45  163.87
1001.0  74655.00  122434.20  164.00
1002.2  73779.63  122118.00  165.52
1003.4  73403.35  120960.45  164.79
1004.7  72207.03  118440.30  164.03
1005.9  71226.30  117497.40  164.96
1007.2  71508.15  118143.90  165.22
1008.4  70980.30  118300.50  166.67
1009.6  71258.35  117909.50  165.47
1010.9  71438.50  118383.80  165.71
1012.1  71298.50  117133.25  164.29
1013.3  71358.00  117231.00  164.29
1014.6  71001.20  116462.40  164.03
1015.8  70835.40  117032.40  165.22
1017.1  71283.90  116740.30  163.77
1018.3  70893.40  116765.60  164.71
1019.5  70798.90  117293.70  165.67
1020.8  70265.13  116929.75  166.41
1022.0  69820.80  115640.70  165.63
1023.2  70125.30  115762.40  165.08
1024.4  69873.23  115887.30  165.85
1025.7  70195.13  116025.00  165.29
1026.9  70757.40  116541.60  164.71
1028.1  70739.70  115866.75  163.79
1029.3  70605.23  116217.45  164.60
1030.6  70482.50  116616.50  165.45
1031.8  70628.03  116173.20  164.49
1033.0  69844.30  115277.00  165.05
1034.2  70409.63  115722.75  164.36
1035.4  71010.23  116198.55  163.64
1036.7  70766.40  114995.40  162.50
1037.9  70510.28  115242.60  163.44
1039.1  70089.75  116816.25  166.67
1040.3  70591.40  117117.55  165.91
1041.5  70780.15  116869.55  165.12
1042.7  70137.08  118303.50  168.67
1043.9  70330.28  118085.40  167.90
1045.2  70365.30  117572.40  167.09
1046.4  70404.95  117036.80  166.23
1047.6  69334.30  116181.80  167.57
1048.8  70131.10  115284.00  164.38
1050.0  69988.25  116318.50  166.20
1051.2  69826.28  117389.10  168.12
1052.4  69463.93  116118.80  167.16
1053.6  68888.63  116580.75  169.23
1054.8  69577.60  115237.90  165.63
1056.0  69188.90  116058.80  167.74
1057.2  69495.78  116206.05  167.21
1058.4  68655.35  116365.00  169.49
1059.7  67998.15  116909.10  171.93
1060.9  67079.38  117084.00  174.55
1062.1  67594.50  115161.00  170.37
1063.3  66853.80  115708.50  173.08
1064.5  67396.50  113649.00  168.63
1065.7  67723.75  116484.85  172.00
1066.9  67813.55  113483.90  167.35
1068.1  68173.20  113622.00  166.67
1069.3  68283.95  116228.00  170.21
1070.5  66908.25  113000.60  168.89
1071.7  66981.20  115694.80  172.73
1072.9  67060.65  112287.60  167.44
1074.1  67742.85  116130.60  171.43
1075.3  67428.00  114627.60  170.00
1076.5  67472.68  115197.25  170.73
