/*** Spectra Vista SIG Data ***/
name= 230503_1736_R701_T900.sig
instrument= HK: 9202056 (HR-512i)
integration= 30.0, 0.0, 0.0, 70.0, 0.0, 0.0
scan method= Time-based, Time-based
scan coadds= 166, 0, 0, 42, 0, 0
scan time= 5, 3
scan settings= AI, AI
external data set1= 0,0,0,0,0,0,0,0,0,0,0,0,0,0,0,0,0,0,0,0,0,0,0,0,0,0,0,0,0,0,0,0
external data set2= 0,0,0,0,0,0,0,0,0,0,0,0,0,0,0,0,0,0,0,0,0,0,0,0,0,0,0,0,0,0,0,0
external data dark= 0,0,0,0,0,0,0,0,0,0,0,0,0,0,0,0
external data mask= 0
optic= LENS 4(1), LENS 4(1)
temp= 23.5, 0.0, 0.0, 23.2, 0.0, 0.0
battery= 7.90, 8.28
error= 0, 0
units= Radiance, Radiance
time= 2/7/2023 1:17:41 PM, 5/3/2023 5:36:27 PM
longitude= 08034.7597W     , 07756.2055W     
latitude= 3202.4856N      , 3406.6007N      
gpstime= 150411.000      , 184520.000      
comm= 
memory slot= 701, 900
factors= 1.000, 1.000, 1.000 [Overlap: Preserve, Matching Type: None]
inclinometer x offset= 9, 5
inclinometer y offset= -5, 3
data= 
339.7  43164.00  27517.05  63.75
341.4  46926.00  29620.49  63.12
343.0  49269.20  30745.69  62.40
344.7  50371.92  31088.50  61.72
346.4  52717.43  32304.10  61.28
348.0  55535.88  33569.41  60.45
349.7  58078.80  34879.37  60.06
351.3  62995.07  37258.64  59.15
353.0  66448.90  38792.10  58.38
354.6  70947.87  40851.40  57.58
356.2  71952.65  40311.15  56.02
357.9  67509.75  37056.11  54.89
359.5  66680.40  36471.60  54.70
361.2  71871.63  38576.91  53.67
362.8  75610.85  40012.85  52.92
364.5  80697.75  42073.78  52.14
366.1  87780.77  45262.23  51.56
367.7  93706.20  47413.03  50.60
369.4  94763.90  47330.80  49.95
371.0  95823.00  47184.80  49.24
372.6  94003.75  45501.96  48.40
374.3  89235.92  42680.46  47.83
375.9  89392.78  42630.03  47.69
377.5  96894.42  45975.99  47.45
379.1  103831.57  48408.17  46.62
380.8  102179.47  46937.60  45.94
382.4  95944.50  43189.07  45.01
384.0  85598.55  38305.03  44.75
385.6  87648.93  39242.27  44.77
387.3  93225.60  41210.74  44.21
388.9  97661.37  42805.24  43.83
390.5  105116.73  45753.16  43.53
392.1  110639.25  47167.07  42.63
393.8  101333.33  42365.71  41.81
395.4  99696.10  42080.85  42.21
397.0  106159.73  44028.03  41.47
398.6  116721.43  48748.03  41.76
400.2  143067.73  58897.97  41.17
401.8  161594.42  65305.00  40.41
403.4  171304.23  68049.40  39.72
405.0  172640.00  67525.71  39.11
406.6  171055.50  66016.50  38.59
408.3  171420.55  65460.30  38.19
409.9  174861.07  65790.17  37.62
411.5  176829.75  65781.64  37.20
413.1  182783.33  67178.57  36.75
414.7  185777.90  67371.60  36.26
416.3  187498.67  67293.29  35.89
417.9  187345.70  66455.10  35.47
419.5  185498.30  65152.74  35.12
421.1  186351.20  64866.46  34.81
422.7  187793.47  64563.09  34.38
424.3  186340.40  63441.74  34.05
425.9  186108.63  62737.24  33.71
427.5  183714.50  61247.57  33.34
429.1  178741.55  58842.32  32.92
430.7  168335.00  54752.01  32.53
432.3  168241.45  54824.06  32.59
433.9  181009.03  58178.75  32.14
435.5  189273.38  60157.05  31.78
437.1  199208.67  62558.86  31.40
438.7  200599.60  62070.42  30.94
440.3  200312.93  61519.60  30.71
441.9  206715.75  62959.50  30.46
443.5  215294.37  64810.22  30.10
445.0  220707.08  65509.64  29.68
446.6  221973.22  65090.77  29.32
448.2  226249.38  65708.88  29.04
449.8  232415.08  66742.28  28.72
451.4  238767.83  67852.22  28.42
453.0  238611.45  66912.84  28.04
454.6  234904.25  65361.24  27.82
456.2  235486.42  65008.93  27.61
457.8  237987.95  65082.75  27.35
459.3  238330.95  64540.59  27.08
460.9  238800.47  64195.53  26.88
462.5  241780.80  64458.17  26.66
464.1  242365.60  63980.23  26.40
465.7  240135.20  62872.80  26.18
467.2  237776.25  61765.36  25.98
468.8  236461.05  60945.96  25.77
470.4  235561.50  60194.57  25.55
472.0  236020.60  59902.46  25.38
473.6  238584.68  59995.57  25.15
475.1  240059.55  59805.15  24.91
476.7  240079.13  59311.80  24.71
478.3  241302.50  59197.54  24.53
479.9  243304.20  59144.46  24.31
481.5  245031.10  59016.86  24.09
483.0  245182.72  58488.49  23.86
484.6  241126.40  56958.17  23.62
486.2  230718.48  53933.20  23.38
487.8  223599.60  52072.20  23.29
489.3  227575.00  52585.71  23.11
490.9  232772.80  53265.09  22.88
492.5  233702.70  52995.56  22.68
494.0  235206.00  52951.07  22.51
495.6  237509.42  52988.35  22.31
497.2  238344.02  52716.16  22.12
498.8  235856.50  51755.86  21.94
500.3  232143.00  50557.90  21.78
501.9  227625.50  49202.57  21.62
503.5  226302.27  48551.29  21.45
505.0  227035.68  48328.91  21.29
506.6  229019.25  48345.81  21.11
508.2  228398.40  47808.51  20.93
509.7  227920.65  47340.77  20.77
511.3  227906.68  46946.40  20.60
512.9  226219.95  46171.35  20.41
514.4  222345.00  45026.71  20.25
516.0  217890.00  43744.29  20.08
517.5  210999.75  42102.32  19.95
519.1  209919.23  41731.30  19.88
520.7  214368.00  42297.20  19.73
522.2  217200.67  42482.14  19.56
523.8  220066.17  42743.98  19.42
525.4  221663.40  42679.06  19.25
526.9  218841.70  41869.70  19.13
528.5  219855.95  41898.92  19.06
530.0  223536.85  42299.68  18.92
531.6  225249.87  42291.66  18.78
533.2  223942.63  41770.58  18.65
534.7  224858.67  41716.00  18.55
536.3  225504.33  41529.23  18.42
537.8  224573.30  41072.10  18.29
539.4  222860.80  40453.71  18.15
541.0  220478.00  39795.26  18.05
542.5  220303.20  39523.20  17.94
544.1  221793.90  39527.90  17.82
545.6  222610.50  39401.04  17.70
547.2  222475.08  39101.40  17.58
548.7  222404.00  38860.00  17.47
550.3  222816.63  38682.12  17.36
551.8  223038.90  38483.10  17.25
553.4  223613.87  38336.26  17.14
554.9  224495.20  38238.83  17.03
556.5  223798.53  37851.54  16.91
558.0  221741.67  37258.50  16.80
559.6  219515.33  36686.00  16.71
561.1  220226.43  36605.19  16.62
562.7  221332.43  36567.41  16.52
564.2  222634.17  36566.06  16.42
565.8  222113.13  36244.57  16.32
567.3  221439.45  35924.89  16.22
568.9  220758.90  35579.16  16.12
570.4  219140.55  35099.81  16.02
572.0  218745.25  34866.11  15.94
573.5  219950.50  34856.55  15.85
575.1  220207.47  34677.71  15.75
576.6  219528.83  34360.43  15.65
578.2  218667.32  33995.23  15.55
579.7  218510.55  33741.09  15.44
581.2  220084.33  33734.61  15.33
582.8  222645.03  33853.68  15.21
584.3  223964.50  33754.79  15.07
585.9  223448.10  33388.59  14.94
587.4  221335.20  32807.31  14.82
588.9  216084.50  31753.46  14.69
590.5  211729.67  30976.87  14.63
592.0  211961.50  30817.01  14.54
593.6  212962.53  30753.17  14.44
595.1  213318.23  30612.06  14.35
596.6  213933.60  30507.89  14.26
598.2  214453.83  30376.46  14.16
599.7  214132.13  30137.99  14.07
601.2  213537.57  29860.65  13.98
602.8  213377.13  29676.08  13.91
604.3  214334.97  29627.76  13.82
605.8  215317.60  29559.89  13.73
607.4  215346.60  29368.29  13.64
608.9  214329.20  29032.04  13.55
610.5  213103.55  28674.56  13.46
612.0  212049.50  28337.96  13.36
613.5  210686.00  27969.43  13.28
615.0  209407.92  27616.70  13.19
616.6  207664.80  27233.14  13.11
618.1  207534.60  27070.20  13.04
619.6  208594.67  27050.57  12.97
621.2  209310.53  26969.20  12.88
622.7  208550.40  26698.97  12.80
624.2  207122.40  26360.23  12.73
625.8  205045.78  25962.96  12.66
627.3  203236.50  25630.25  12.61
628.8  200966.73  25261.15  12.57
630.3  199750.00  25008.70  12.52
631.8  199431.27  24830.56  12.45
633.4  200406.80  24792.11  12.37
634.9  201582.87  24776.61  12.29
636.4  202821.75  24774.56  12.21
638.0  204330.00  24817.46  12.15
639.5  204820.00  24732.00  12.07
641.0  204550.50  24587.20  12.02
642.5  204362.20  24448.80  11.96
644.0  204235.67  24319.57  11.91
645.5  203596.60  24124.29  11.85
647.1  202187.73  23855.43  11.80
648.6  200564.47  23580.57  11.76
650.1  199464.25  23395.61  11.73
651.6  199787.77  23386.84  11.71
653.1  200440.30  23399.98  11.67
654.7  199424.83  23170.67  11.62
656.2  194002.83  22436.13  11.56
657.7  190436.27  22028.91  11.57
659.2  192789.35  22260.83  11.55
660.7  196316.17  22558.46  11.49
662.2  199582.93  22792.53  11.42
663.7  201196.70  22833.79  11.35
665.2  201618.00  22770.73  11.29
666.8  201766.78  22694.31  11.25
668.3  201728.80  22605.77  11.21
669.8  201722.95  22510.01  11.16
671.3  201359.10  22368.56  11.11
672.8  201113.15  22210.11  11.04
674.3  200930.67  22013.03  10.96
675.8  200838.50  21852.07  10.88
677.3  200703.77  21681.00  10.80
678.8  200440.90  21507.20  10.73
680.3  200047.50  21308.51  10.65
681.8  199455.90  21109.80  10.58
683.3  198284.17  20836.99  10.51
684.8  195652.67  20413.26  10.43
686.3  186610.60  19395.86  10.39
687.8  173318.60  18135.00  10.46
689.3  167176.22  17536.90  10.49
690.8  166980.00  17411.66  10.43
692.3  170564.20  17585.57  10.31
693.8  173486.93  17680.77  10.19
695.3  175880.03  17736.27  10.08
696.8  179146.87  17879.63  9.98
698.3  180096.00  17872.00  9.92
699.8  178937.15  17688.55  9.89
701.3  177211.73  17448.96  9.85
702.8  177339.80  17381.56  9.80
704.2  178813.27  17438.89  9.75
705.7  180221.07  17511.89  9.72
707.2  181070.78  17531.60  9.68
708.7  181542.20  17515.20  9.65
710.2  181890.35  17508.69  9.63
711.7  181775.17  17441.00  9.59
713.2  181096.53  17320.46  9.56
714.7  179501.20  17114.96  9.53
716.2  174114.73  16539.66  9.50
717.6  162594.00  15474.86  9.52
719.1  150820.53  14409.46  9.55
720.6  147224.53  14105.14  9.58
722.1  151528.17  14450.29  9.54
723.6  152467.13  14440.80  9.47
725.0  150297.90  14234.79  9.47
726.5  149369.00  14116.39  9.45
728.0  149094.45  14043.09  9.42
729.5  149174.80  14011.20  9.39
731.0  150664.68  14114.09  9.37
732.4  154649.00  14441.74  9.34
733.9  160146.70  14884.45  9.29
735.4  163888.45  15166.01  9.25
736.8  165699.00  15259.71  9.21
738.3  166735.57  15312.45  9.18
739.8  167205.50  15303.75  9.15
741.2  167474.25  15300.32  9.14
742.7  168172.53  15325.83  9.11
744.2  169461.60  15388.80  9.08
745.7  170106.75  15388.07  9.05
747.1  170622.60  15385.54  9.02
748.6  170545.30  15312.47  8.98
750.0  169840.22  15205.82  8.95
751.5  168982.23  15074.24  8.92
753.0  168523.90  14974.24  8.89
754.4  168309.33  14897.71  8.85
755.9  167750.00  14776.79  8.81
757.3  166325.90  14582.56  8.77
758.8  155412.08  13502.89  8.69
760.3  118873.50  10439.79  8.78
761.7  85934.80  7975.93  9.28
763.2  73524.00  7099.71  9.66
764.6  73526.40  7221.34  9.82
766.1  88905.60  8438.40  9.49
767.5  111409.70  10119.34  9.08
769.0  131794.00  11586.29  8.79
770.4  145725.08  12544.14  8.61
771.9  153743.33  13080.00  8.51
773.3  157843.25  13311.11  8.43
774.8  159516.50  13380.71  8.39
776.2  160289.10  13375.50  8.34
777.7  160491.10  13323.75  8.30
779.1  160160.67  13235.43  8.26
780.5  159843.37  13148.37  8.23
782.0  159512.55  13089.54  8.21
783.4  158924.80  12979.20  8.17
784.9  158271.13  12881.46  8.14
786.3  157626.27  12776.86  8.11
787.8  156346.30  12616.30  8.07
789.2  154587.52  12396.91  8.02
790.6  152695.05  12202.01  7.99
792.0  151245.03  12042.80  7.96
793.5  149911.20  11904.43  7.94
794.9  149352.45  11824.26  7.92
796.3  149106.45  11754.81  7.88
797.8  149252.53  11708.40  7.84
799.2  149385.80  11687.26  7.82
800.6  148575.20  11580.86  7.79
802.1  147670.35  11485.03  7.78
803.5  146976.87  11365.51  7.73
804.9  146544.67  11282.89  7.70
806.3  146787.92  11269.18  7.68
807.8  146839.30  11254.94  7.66
809.2  145882.52  11115.50  7.62
810.6  144261.00  10979.57  7.61
812.0  141912.73  10758.35  7.58
813.4  137168.75  10366.96  7.56
814.8  130020.17  9801.68  7.54
816.3  122704.20  9267.21  7.55
817.7  117762.67  8896.09  7.55
819.1  116339.72  8751.05  7.52
820.5  118888.00  8910.00  7.49
821.9  121222.55  9035.95  7.45
823.3  117480.18  8729.60  7.43
824.7  118914.43  8872.23  7.46
826.1  123528.53  9116.80  7.38
827.5  124999.50  9161.14  7.33
828.9  123899.08  9034.75  7.29
830.3  123735.33  9047.50  7.31
831.7  124108.00  9027.17  7.27
833.2  124490.45  9028.39  7.25
834.5  126048.30  9109.60  7.23
835.9  128600.98  9247.83  7.19
837.3  130941.42  9369.54  7.16
838.7  132633.75  9483.93  7.15
840.1  133985.50  9498.74  7.09
841.5  134785.80  9513.31  7.06
842.9  135113.35  9521.06  7.05
844.3  134948.67  9482.57  7.03
845.7  135227.20  9485.83  7.01
847.1  135512.17  9463.53  6.98
848.5  134983.33  9389.50  6.96
849.9  132478.10  9203.31  6.95
851.2  130600.80  9054.26  6.93
852.6  130206.45  8964.58  6.88
854.0  126187.97  8668.86  6.87
855.4  122969.42  8470.26  6.89
856.8  125756.68  8649.34  6.88
858.2  128707.00  8810.98  6.85
859.5  130211.33  8872.43  6.81
860.9  130757.60  8885.14  6.80
862.3  130862.07  8870.00  6.78
863.7  131058.32  8895.59  6.79
865.0  129708.92  8775.93  6.77
866.4  124819.80  8389.70  6.72
867.8  122746.25  8257.07  6.73
869.1  124290.40  8302.80  6.68
870.5  125963.35  8374.52  6.65
871.9  126933.67  8449.97  6.66
873.2  127139.77  8415.10  6.62
874.6  126585.90  8405.10  6.64
876.0  126177.40  8310.57  6.59
877.3  126020.72  8329.15  6.61
878.7  125888.40  8286.77  6.58
880.0  125197.60  8179.29  6.53
881.4  124131.75  8098.82  6.52
882.8  124156.75  8111.10  6.53
884.1  124343.75  8063.04  6.48
885.5  124015.00  8066.19  6.50
886.8  122941.87  7947.74  6.46
888.2  122420.32  7948.40  6.49
889.5  122509.57  7917.80  6.46
890.9  122312.93  7826.80  6.40
892.2  121082.57  7727.26  6.38
893.6  118497.10  7587.32  6.40
894.9  114273.60  7353.00  6.43
896.2  107700.08  6970.39  6.47
897.6  101106.00  6536.57  6.47
898.9  94976.33  6130.57  6.45
900.3  90436.02  5851.67  6.47
901.6  88816.00  5782.80  6.51
903.0  91135.87  5855.03  6.42
904.3  97318.53  6226.19  6.40
905.6  100934.38  6456.36  6.40
907.0  98548.67  6204.25  6.30
908.3  93405.87  5863.93  6.28
909.6  89616.35  5707.54  6.37
911.0  88765.47  5624.00  6.34
912.3  89093.08  5623.50  6.31
913.6  87389.45  5574.54  6.38
914.9  86200.80  5487.03  6.37
916.2  85705.13  5471.44  6.38
917.6  85656.20  5459.19  6.37
918.9  87781.48  5579.89  6.36
920.2  92304.33  5834.40  6.32
921.5  94602.67  5913.60  6.25
922.9  94764.00  5860.29  6.18
924.2  93539.50  5805.90  6.21
925.5  92829.92  5656.75  6.09
926.8  92351.60  5694.86  6.17
928.1  87849.48  5447.41  6.20
929.4  79015.85  4949.72  6.26
930.7  68521.60  4394.97  6.41
932.0  56628.13  3772.94  6.66
933.4  45247.60  3075.59  6.80
934.7  37926.75  2717.94  7.17
936.0  35523.08  2546.39  7.17
937.3  34145.53  2530.66  7.41
938.6  37891.87  2669.49  7.05
939.9  46374.00  3200.14  6.90
941.2  50280.67  3297.71  6.56
942.5  49987.00  3358.20  6.72
943.8  46891.67  3132.68  6.68
945.1  44334.80  3066.56  6.92
946.4  43452.33  3052.86  7.03
947.7  44536.80  3098.57  6.96
949.0  45905.60  3152.86  6.87
950.2  46943.00  3203.57  6.82
951.5  48168.15  3256.07  6.76
952.8  47544.93  3241.70  6.82
954.1  48816.63  3430.84  7.03
955.4  49017.67  3284.57  6.70
956.7  49967.87  3406.90  6.82
958.0  52571.20  3531.43  6.72
959.3  52678.73  3523.10  6.69
960.5  54080.20  3509.49  6.49
961.8  56918.93  3718.57  6.53
963.1  59547.90  3786.43  6.36
964.4  61822.53  3928.09  6.35
965.7  63448.95  4074.94  6.42
966.9  66479.35  4229.78  6.36
968.2  72851.20  4634.51  6.36
969.5  78578.13  4881.83  6.21
970.8  82010.00  4972.86  6.06
972.0  83428.80  4985.10  5.98
973.3  81635.40  4998.09  6.12
974.6  79287.00  4918.18  6.20
975.8  77204.05  4739.80  6.14
977.1  77855.13  4740.09  6.09
978.4  79195.57  4929.97  6.23
979.6  80070.25  4736.55  5.92
980.9  82199.25  5032.61  6.12
982.2  84804.92  5134.61  6.05
983.4  86316.00  5343.37  6.19
984.7  88056.00  5346.26  6.07
985.9  89708.12  5354.64  5.97
987.2  91177.80  5582.31  6.12
988.5  91830.93  5590.36  6.09
989.7  92347.40  5604.90  6.07
991.0  92774.67  5496.31  5.92
992.2  93213.83  5741.14  6.16
993.5  93391.20  5630.40  6.03
994.7  93174.58  5758.21  6.18
996.0  93251.60  5636.09  6.04
997.2  93563.83  5653.27  6.04
998.5  93579.75  5671.50  6.06
999.7  93153.60  5544.86  5.95
1001.0  92572.20  5688.00  6.14
1002.2  91927.72  5669.76  6.17
1003.4  90978.80  5612.33  6.17
1004.7  89349.70  5343.17  5.98
1005.9  88036.40  5199.00  5.91
1007.2  87744.30  5181.75  5.91
1008.4  88125.30  5290.46  6.00
1009.6  88175.80  5272.97  5.98
1010.9  88107.48  5394.34  6.12
1012.1  88274.33  5529.27  6.26
1013.3  88348.00  5388.26  6.10
1014.6  87857.60  5399.89  6.15
1015.8  87945.40  5426.31  6.17
1017.1  87469.13  5608.26  6.41
1018.3  87574.20  5808.49  6.63
1019.5  87706.10  5585.41  6.37
1020.8  87965.50  5517.00  6.27
1022.0  87639.65  5454.75  6.22
1023.2  87563.87  5406.49  6.17
1024.4  87104.83  5518.44  6.34
1025.7  87405.50  5635.50  6.45
1026.9  87208.00  5606.23  6.43
1028.1  87408.25  5749.78  6.58
1029.3  87475.50  5534.16  6.33
1030.6  87569.17  5675.21  6.48
1031.8  88010.00  5469.19  6.21
1033.0  87248.87  5424.80  6.22
1034.2  87373.00  5577.00  6.38
1035.4  86551.18  5738.20  6.63
1036.7  86492.27  5686.59  6.57
1037.9  86937.40  5632.16  6.48
1039.1  86703.62  5785.19  6.67
1040.3  86634.90  6188.21  7.14
1041.5  86691.97  6113.90  7.05
1042.7  87319.25  5794.46  6.64
1043.9  87406.35  5705.81  6.53
1045.2  86694.80  5598.69  6.46
1046.4  86558.47  6008.59  6.94
1047.6  86199.40  5889.40  6.83
1048.8  86463.00  6313.17  7.30
1050.0  86088.83  6477.79  7.52
1051.2  85680.55  6939.26  8.10
1052.4  86397.92  6220.65  7.20
1053.6  86199.10  6358.95  7.38
1054.8  86247.23  6212.29  7.20
1056.0  85556.17  6376.86  7.45
1057.2  85065.87  6510.14  7.65
1058.4  85334.33  6981.90  8.18
1059.7  84301.80  6476.01  7.68
1060.9  83747.58  5923.89  7.07
1062.1  83450.00  6795.21  8.14
1063.3  83138.70  6611.91  7.95
1064.5  82814.00  7551.43  9.12
1065.7  83074.47  7352.86  8.85
1066.9  83037.00  7512.87  9.05
1068.1  82375.95  8115.86  9.85
1069.3  83296.73  7886.90  9.47
1070.5  83263.60  8071.47  9.69
1071.7  82204.20  7828.97  9.52
1072.9  82136.30  7129.37  8.68
1074.1  80646.25  6912.54  8.57
1075.3  82037.40  7224.43  8.81
1076.5  81186.63  7052.89  8.69
