/*** Spectra Vista SIG Data ***/
name= 230503_1826_R906_T914.sig
instrument= HK: 9202056 (HR-512i)
integration= 10.0, 0.0, 0.0, 20.0, 0.0, 0.0
scan method= Time-based, Time-based
scan coadds= 300, 0, 0, 150, 0, 0
scan time= 3, 3
scan settings= AI, AI
external data set1= 0,0,0,0,0,0,0,0,0,0,0,0,0,0,0,0,0,0,0,0,0,0,0,0,0,0,0,0,0,0,0,0
external data set2= 0,0,0,0,0,0,0,0,0,0,0,0,0,0,0,0,0,0,0,0,0,0,0,0,0,0,0,0,0,0,0,0
external data dark= 0,0,0,0,0,0,0,0,0,0,0,0,0,0,0,0
external data mask= 0
optic= LENS 4(1), LENS 4(1)
temp= 21.2, 0.0, 0.0, 24.4, 0.0, 0.0
battery= 8.28, 8.28
error= 0, 0
units= Radiance, Radiance
time= 5/3/2023 6:22:26 PM, 5/3/2023 6:26:51 PM
longitude= 07757.5909W     , 07757.5373W     
latitude= 3409.6846N      , 3409.4192N      
gpstime= 193119.000      , 193543.000      
comm= 
memory slot= 906, 914
factors= 1.000, 1.000, 1.000 [Overlap: Preserve, Matching Type: None]
inclinometer x offset= 3, 8
inclinometer y offset= -11, -45
data= 
339.7  56652.75  76975.80  135.87
341.4  61525.20  83163.30  135.17
343.0  64582.60  86803.68  134.41
344.7  66343.50  88458.00  133.33
346.4  69966.70  92778.60  132.60
348.0  73819.10  97126.53  131.57
349.7  77781.60  101790.00  130.87
351.3  84387.90  109717.93  130.02
353.0  89311.60  115182.55  128.97
354.6  96013.80  122749.35  127.85
356.2  96812.10  122412.68  126.44
357.9  91182.00  113914.88  124.93
359.5  91977.20  114204.00  124.17
361.2  99307.60  122544.60  123.40
362.8  105049.00  128501.80  122.33
364.5  112248.75  136458.08  121.57
366.1  122755.60  148228.60  120.75
367.7  130730.40  156478.50  119.70
369.4  132717.20  157243.63  118.48
371.0  134507.10  157989.65  117.46
372.6  131997.75  153604.88  116.37
374.3  125856.50  145295.38  115.45
375.9  127824.40  146963.58  114.97
377.5  139775.35  159960.13  114.44
379.1  149070.90  169264.43  113.55
380.8  146832.00  164760.40  112.21
382.4  137137.50  152507.25  111.21
384.0  123631.20  136425.83  110.35
385.6  128560.40  141717.45  110.23
387.3  136656.00  149900.40  109.69
388.9  143840.00  156650.75  108.91
390.5  155861.75  168598.38  108.17
392.1  162920.25  174741.75  107.26
393.8  148320.00  157280.00  106.04
395.4  149927.40  158435.55  105.67
397.0  158798.90  167392.55  105.41
398.6  178772.90  187208.90  104.72
400.2  219117.40  227980.50  104.04
401.8  246568.00  253755.25  102.91
403.4  261037.00  265678.35  101.78
405.0  263460.00  265590.00  100.81
406.6  262242.75  262185.00  99.98
408.3  264894.00  262862.78  99.23
409.9  271216.00  267142.40  98.50
411.5  275931.00  269643.38  97.72
413.1  286550.00  278125.00  97.06
414.7  291780.30  281154.30  96.36
416.3  295506.75  282884.25  95.73
417.9  295627.80  281335.65  95.17
419.5  293629.95  277961.78  94.66
421.1  296218.80  279205.80  94.26
422.7  298535.60  280080.90  93.82
424.3  296934.00  277117.95  93.33
425.9  297069.85  276071.40  92.93
427.5  293327.00  271325.50  92.50
429.1  285191.90  262523.00  92.05
430.7  268269.45  245968.28  91.69
432.3  272323.35  249716.03  91.70
433.9  292686.80  268022.83  91.57
435.5  306416.65  279287.00  91.15
437.1  322658.00  292828.00  90.75
438.7  323615.25  292090.83  90.26
440.3  324770.95  292286.23  90.00
441.9  336332.25  302194.13  89.85
443.5  350471.75  313905.80  89.57
445.0  359057.50  320171.88  89.17
446.6  361446.80  321088.63  88.83
448.2  369653.90  327687.13  88.65
449.8  380005.60  335934.63  88.40
451.4  390631.10  344109.33  88.09
453.0  389294.40  341415.53  87.70
454.6  384333.75  335994.45  87.42
456.2  386337.95  337191.20  87.28
457.8  390820.90  340194.23  87.05
459.3  391500.15  339590.10  86.74
460.9  393243.40  340211.30  86.51
462.5  398738.40  344107.20  86.30
464.1  399472.80  343576.80  86.01
465.7  396127.20  339598.80  85.73
467.2  392748.50  335902.25  85.53
468.8  391418.85  334061.70  85.35
470.4  390339.00  332363.25  85.15
472.0  392444.10  333452.40  84.97
473.6  397284.25  336858.50  84.79
475.1  400538.70  338736.05  84.57
476.7  401406.70  338621.15  84.36
478.3  404599.20  340650.75  84.19
479.9  407943.00  342699.53  84.01
481.5  410550.60  344012.15  83.79
483.0  410192.45  342651.58  83.53
484.6  402624.00  335193.60  83.25
486.2  384437.55  319048.45  82.99
487.8  374749.20  310961.70  82.98
489.3  382350.00  317437.50  83.02
490.9  390934.80  323863.20  82.84
492.5  392268.25  324003.63  82.60
494.0  395514.00  326164.00  82.47
495.6  399470.05  328848.10  82.32
497.2  400848.60  329192.10  82.12
498.8  396773.20  324996.90  81.91
500.3  390756.70  319413.50  81.74
501.9  383634.25  313079.25  81.61
503.5  382278.00  311754.30  81.55
505.0  384158.65  312889.70  81.45
506.6  387465.75  315080.78  81.32
508.2  386110.80  313291.80  81.14
509.7  385348.95  312183.45  81.01
511.3  385067.75  311398.50  80.87
512.9  381573.45  307845.23  80.68
514.4  374814.50  301706.00  80.49
516.0  366570.00  294930.00  80.46
517.5  355197.15  285595.88  80.40
519.1  354929.90  285657.78  80.48
520.7  362824.00  291907.00  80.45
522.2  367311.50  294645.25  80.22
523.8  372349.55  298141.08  80.07
525.4  374627.75  299479.83  79.94
526.9  370029.70  295109.60  79.75
528.5  373078.65  297649.43  79.78
530.0  379469.25  302601.30  79.74
531.6  382178.80  304107.20  79.57
533.2  380081.30  301838.38  79.41
534.7  382256.00  303394.00  79.37
536.3  383111.80  303756.70  79.29
537.8  381597.65  302034.78  79.15
539.4  378589.20  299253.00  79.04
541.0  375166.80  296299.80  78.98
542.5  375525.60  296465.40  78.95
544.1  378437.40  298467.50  78.87
545.6  379980.75  299283.75  78.76
547.2  379790.45  298719.10  78.65
548.7  380072.00  298634.00  78.57
550.3  380925.80  299051.53  78.51
551.8  381534.30  299248.43  78.43
553.4  382868.20  299985.40  78.35
554.9  384745.70  301080.20  78.25
556.5  383483.60  299679.60  78.15
558.0  380225.50  296829.00  78.07
559.6  377081.25  294257.25  78.04
561.1  379080.75  295827.23  78.04
562.7  381590.55  297566.58  77.98
564.2  384483.55  299661.48  77.94
565.8  384022.00  298928.00  77.84
567.3  383784.35  298177.45  77.69
568.9  383393.70  297365.65  77.56
570.4  381480.30  295223.40  77.39
572.0  382068.75  295107.75  77.24
573.5  385162.05  297039.75  77.12
575.1  386232.00  297342.40  76.99
576.6  385733.50  296261.75  76.80
578.2  384504.25  294853.00  76.68
579.7  384360.15  294355.28  76.58
581.2  386666.30  295792.10  76.50
582.8  390325.95  298208.90  76.40
584.3  391604.50  298672.25  76.27
585.9  390047.10  296796.60  76.09
587.4  386143.20  293301.00  75.96
588.9  377018.00  285973.00  75.85
590.5  371051.00  281019.00  75.74
592.0  372097.80  281983.50  75.78
593.6  374030.80  283193.30  75.71
595.1  374827.20  283268.70  75.57
596.6  375888.80  283610.80  75.45
598.2  376516.25  283646.88  75.33
599.7  375771.05  282590.63  75.20
601.2  374462.55  281138.55  75.08
602.8  374325.00  280583.33  74.96
604.3  375944.80  281509.85  74.88
605.8  377529.80  282323.80  74.78
607.4  377439.75  281794.95  74.66
608.9  375552.55  279932.70  74.54
610.5  373474.75  277959.55  74.43
612.0  371685.60  276263.33  74.33
613.5  369333.75  274104.13  74.22
615.0  367122.35  272092.98  74.12
616.6  364193.60  269629.60  74.03
618.1  364505.40  269608.50  73.97
619.6  366586.00  270921.00  73.90
621.2  367904.20  271525.60  73.80
622.7  366681.60  270124.80  73.67
624.2  364437.90  268016.85  73.54
625.8  361456.00  265522.15  73.46
627.3  359569.25  263877.75  73.39
628.8  357215.60  261900.10  73.32
630.3  355794.70  260613.83  73.25
631.8  355083.30  259793.95  73.16
633.4  356206.40  260296.85  73.07
634.9  357381.30  260893.28  73.00
636.4  358918.00  261745.50  72.93
638.0  361038.60  262960.20  72.83
639.5  361158.00  262752.00  72.75
641.0  360313.80  261723.00  72.64
642.5  359790.20  261089.15  72.57
644.0  359437.00  260623.00  72.51
645.5  358220.90  259496.90  72.44
647.1  356124.80  257654.20  72.35
648.6  353614.50  255651.65  72.30
650.1  351920.25  254349.00  72.27
651.6  352408.00  254933.93  72.34
653.1  353203.50  255347.25  72.29
654.7  350625.40  252779.18  72.09
656.2  340547.90  244918.78  71.92
657.7  335544.80  241097.60  71.85
659.2  339931.80  244794.55  72.01
660.7  345996.50  248992.38  71.96
662.2  351466.70  252356.65  71.80
663.7  354024.15  253732.65  71.67
665.2  354779.50  253946.15  71.58
666.8  355090.65  253824.60  71.48
668.3  355014.00  253375.35  71.37
669.8  354740.65  252900.18  71.29
671.3  353912.80  251981.20  71.20
672.8  353468.60  251206.00  71.07
674.3  353092.40  250547.90  70.96
675.8  352995.00  250177.00  70.87
677.3  352743.30  249649.05  70.77
678.8  352335.50  249116.45  70.70
680.3  351612.90  248320.40  70.62
681.8  350659.75  247390.85  70.55
683.3  348535.55  245570.05  70.46
684.8  344104.80  241992.40  70.33
686.3  329969.60  231732.10  70.23
687.8  311766.00  218973.30  70.24
689.3  304423.00  214167.63  70.35
690.8  304869.60  214755.60  70.44
692.3  309799.15  218223.48  70.44
693.8  313312.50  220488.45  70.37
695.3  316058.60  222258.40  70.32
696.8  320171.40  224940.50  70.26
698.3  321328.00  225344.00  70.13
699.8  319669.25  223768.48  70.00
701.3  316970.00  221715.05  69.95
702.8  316809.60  221593.60  69.95
704.2  318603.60  222866.50  69.95
705.7  320635.20  224101.60  69.89
707.2  321715.55  224703.80  69.85
708.7  322108.80  224920.80  69.83
710.2  322463.85  225077.95  69.80
711.7  321909.50  224673.25  69.79
713.2  320635.20  223753.20  69.78
714.7  317796.60  221754.15  69.78
716.2  309027.20  215415.20  69.71
717.6  291276.00  202905.00  69.66
719.1  273547.40  190946.60  69.80
720.6  269062.40  188604.80  70.10
722.1  275443.00  193638.50  70.30
723.6  276180.30  193720.05  70.14
725.0  273182.40  191408.85  70.07
726.5  271947.00  190803.30  70.16
728.0  271325.70  190459.35  70.20
729.5  271494.80  190569.00  70.19
731.0  274000.10  192542.88  70.27
732.4  280331.70  197135.40  70.32
733.9  288342.95  202831.83  70.34
735.4  293447.00  206149.35  70.25
736.8  295773.00  207622.50  70.20
738.3  296728.90  208295.20  70.20
739.8  296950.50  208419.75  70.19
741.2  296809.65  208370.48  70.20
742.7  297664.80  209042.80  70.23
744.2  299527.20  210415.80  70.25
745.7  300397.50  211018.88  70.25
747.1  301067.10  211427.55  70.23
748.6  300750.00  211066.35  70.18
750.0  299368.40  210030.95  70.16
751.5  297923.60  208931.45  70.13
753.0  297040.30  208408.30  70.16
754.4  296732.00  208103.00  70.13
755.9  295687.50  207281.25  70.10
757.3  293119.45  205196.23  70.00
758.8  273313.10  190281.68  69.62
760.3  214075.50  146898.75  68.62
761.7  167168.00  114797.40  68.67
763.2  152196.00  106920.00  70.25
764.6  156643.20  110822.40  70.75
766.1  182448.00  129696.00  71.09
767.5  216305.80  153476.70  70.95
769.0  245298.50  173065.25  70.55
770.4  264327.25  185486.13  70.17
771.9  274680.00  192115.00  69.94
773.3  279816.25  195340.75  69.81
774.8  281567.00  196410.50  69.76
776.2  282403.80  196872.90  69.71
777.7  282359.00  196736.93  69.68
779.1  281644.00  196100.00  69.63
780.5  281062.50  195582.03  69.59
782.0  280493.30  195124.13  69.56
783.4  279321.60  194265.60  69.55
784.9  278290.60  193410.80  69.50
786.3  277218.40  192626.60  69.49
787.8  275322.80  191120.98  69.42
789.2  272558.65  189058.73  69.36
790.6  269616.30  186909.90  69.32
792.0  267059.80  185134.25  69.32
793.5  264713.40  183412.80  69.29
794.9  263608.65  182643.75  69.29
796.3  263360.25  182474.15  69.29
797.8  263882.50  182766.35  69.26
799.2  263902.90  182722.80  69.24
800.6  262525.60  181597.00  69.17
802.1  261191.35  180610.05  69.15
803.5  260055.40  179787.30  69.13
804.9  259355.20  179316.80  69.14
806.3  259624.00  179566.75  69.16
807.8  259502.20  179326.75  69.10
809.2  257677.50  177898.53  69.04
810.6  255333.75  176113.50  68.97
812.0  251933.40  173700.35  68.95
813.4  244800.00  168459.38  68.82
814.8  233820.20  160670.35  68.72
816.3  222648.75  153050.40  68.74
817.7  215326.80  148023.20  68.74
819.1  212980.10  146665.33  68.86
820.5  216793.50  149630.25  69.02
821.9  219092.45  151088.13  68.96
823.3  213278.45  146502.13  68.69
824.7  216641.80  149259.65  68.90
826.1  223361.60  154369.60  69.11
827.5  225199.50  154996.88  68.83
828.9  223451.00  153527.13  68.71
830.3  223344.00  153613.63  68.78
831.7  223787.70  153976.95  68.80
833.2  224189.25  154204.95  68.78
834.5  226562.70  155837.85  68.78
835.9  230274.85  158613.98  68.88
837.3  233800.75  160833.75  68.79
838.7  236028.75  162366.88  68.79
840.1  237734.70  163505.30  68.78
841.5  238746.80  164156.60  68.76
842.9  238721.55  164111.85  68.75
844.3  238303.00  163777.25  68.73
845.7  238618.40  164031.20  68.74
847.1  238849.80  164151.60  68.73
848.5  237674.50  163148.13  68.64
849.9  232902.50  159794.80  68.61
851.2  230151.90  157809.30  68.57
852.6  229117.95  157366.58  68.68
854.0  221349.70  151622.90  68.50
855.4  216681.55  148479.33  68.52
856.8  221774.75  152881.23  68.94
858.2  226888.80  156242.33  68.86
859.5  229225.00  157603.00  68.75
860.9  229862.40  157942.80  68.71
862.3  230265.20  158152.10  68.68
863.7  230593.25  158274.90  68.64
865.0  227369.25  156032.38  68.63
866.4  218710.80  149673.30  68.43
867.8  215909.10  148134.53  68.61
869.1  218892.00  150488.25  68.75
870.5  221502.00  152282.63  68.75
871.9  223068.20  153383.55  68.76
873.2  223293.70  153330.95  68.67
874.6  222466.30  152537.00  68.57
876.0  221663.00  152155.10  68.64
877.3  221433.50  151956.20  68.62
878.7  221127.50  151806.60  68.65
880.0  219859.20  150632.70  68.51
881.4  218337.00  149632.50  68.53
882.8  218572.80  149948.63  68.60
884.1  218628.75  150185.63  68.69
885.5  217974.60  149474.55  68.57
886.8  216108.75  148283.85  68.62
888.2  215600.35  147734.48  68.52
889.5  215792.50  147988.23  68.58
890.9  215467.20  147673.30  68.54
892.2  213332.25  146185.05  68.52
893.6  209376.35  143164.33  68.38
894.9  203011.20  138612.60  68.28
896.2  192986.25  131570.50  68.18
897.6  183270.00  124722.00  68.05
898.9  173402.50  118263.00  68.20
900.3  166375.30  113529.65  68.24
901.6  163968.00  112087.50  68.36
903.0  167831.80  115173.60  68.62
904.3  177746.35  122348.30  68.83
905.6  182638.95  125215.35  68.56
907.0  178304.75  121657.25  68.23
908.3  170210.30  115753.95  68.01
909.6  164805.30  112367.25  68.18
911.0  163658.40  112058.20  68.47
912.3  163733.50  112245.88  68.55
913.6  161289.90  110561.63  68.55
914.9  159794.00  109363.60  68.44
916.2  158544.60  108665.40  68.54
917.6  158875.20  108775.35  68.47
918.9  162644.95  111532.33  68.57
920.2  169241.80  116179.70  68.65
921.5  171852.80  117913.60  68.61
922.9  171720.00  117501.00  68.43
924.2  169983.85  116118.00  68.31
925.5  168861.00  115519.25  68.41
926.8  168093.20  115107.30  68.48
928.1  160963.65  109839.98  68.24
929.4  147854.55  100342.13  67.87
930.7  130400.80  88798.40  68.10
932.0  110639.00  75127.45  67.90
933.4  91589.90  62215.45  67.93
934.7  79459.65  54278.78  68.31
936.0  75091.50  51578.00  68.69
937.3  73169.00  50255.55  68.68
938.6  80974.40  56253.85  69.47
939.9  94713.00  66024.00  69.71
941.2  101092.00  69650.00  68.90
942.5  100109.10  68293.05  68.22
943.8  94335.00  64338.13  68.20
945.1  90072.60  61872.30  68.69
946.4  89326.60  61331.90  68.66
947.7  91098.00  62901.00  69.05
949.0  93135.40  64223.70  68.96
950.2  95530.50  65481.00  68.54
951.5  97096.05  66554.10  68.54
952.8  96787.90  66454.85  68.66
954.1  98889.00  67809.60  68.57
955.4  99153.00  67778.50  68.36
956.7  101233.60  69354.75  68.51
958.0  104812.80  72182.40  68.87
959.3  104686.40  71971.90  68.75
960.5  107989.80  74211.00  68.72
961.8  111929.00  77309.10  69.07
963.1  116091.90  80045.10  68.95
964.4  119691.30  82220.38  68.69
965.7  122326.65  83653.88  68.39
966.9  127372.20  87428.73  68.64
968.2  137165.15  94478.90  68.88
969.5  145379.20  100201.60  68.92
970.8  150450.00  103250.00  68.63
972.0  152217.45  104687.10  68.77
973.3  149153.40  102197.70  68.52
974.6  145220.40  99213.08  68.32
975.8  142285.15  97621.65  68.61
977.1  143782.60  98565.90  68.55
978.4  146003.00  100211.15  68.64
979.6  146833.05  100820.85  68.66
980.9  149892.75  103267.13  68.89
982.2  154340.25  105712.50  68.49
983.4  156807.40  107895.00  68.81
984.7  159234.60  109336.20  68.66
985.9  160425.10  110948.20  69.16
987.2  163200.60  112248.30  68.78
988.5  164356.50  112701.60  68.57
989.7  164143.50  113299.05  69.02
991.0  165357.20  113376.10  68.56
992.2  164938.25  113866.00  69.04
993.5  165362.40  113954.40  68.91
994.7  165611.25  113912.50  68.78
996.0  164983.60  113874.55  69.02
997.2  165654.00  114117.20  68.89
998.5  164473.50  113902.63  69.25
999.7  164959.50  113530.95  68.82
1001.0  164241.00  112977.90  68.79
1002.2  163841.65  112450.33  68.63
1003.4  161280.60  111138.88  68.91
1004.7  158959.35  109089.75  68.63
1005.9  155970.00  108139.20  69.33
1007.2  156488.85  108298.58  69.21
1008.4  156362.40  108527.85  69.41
1009.6  156870.90  108681.80  69.28
1010.9  156144.15  108178.30  69.28
1012.1  156856.70  107966.30  68.83
1013.3  155968.20  108056.40  69.28
1014.6  155283.20  107778.80  69.41
1015.8  155016.60  107793.00  69.54
1017.1  153931.90  107958.95  70.13
1018.3  155339.95  107903.93  69.46
1019.5  155334.90  107255.05  69.05
1020.8  154476.00  107811.38  69.79
1022.0  153823.95  106913.10  69.50
1023.2  153607.80  106857.60  69.57
1024.4  153380.25  106798.10  69.63
1025.7  153153.00  106743.00  69.70
1026.9  153406.80  107622.60  70.16
1028.1  154895.55  107329.20  69.29
1029.3  153706.95  107469.90  69.92
1030.6  153780.00  107005.25  69.58
1031.8  154457.55  106932.15  69.23
1033.0  153250.60  106461.70  69.47
1034.2  153367.50  106660.13  69.55
1035.4  153496.85  106873.98  69.63
1036.7  153327.20  106149.60  69.23
1037.9  153151.35  106902.68  69.80
1039.1  154197.45  106692.18  69.19
1040.3  154017.60  106689.28  69.27
1041.5  153082.65  106170.23  69.35
1042.7  153794.55  105628.13  68.68
1043.9  154552.95  106797.83  69.10
1045.2  153200.40  106884.00  69.77
1046.4  153610.80  106978.95  69.64
1047.6  153659.80  106812.30  69.51
1048.8  153712.00  105677.00  68.75
1050.0  153777.00  107446.75  69.87
1051.2  153820.20  107269.35  69.74
1052.4  153442.70  105751.05  68.92
1053.6  152614.80  105982.50  69.44
1054.8  154375.30  106540.70  69.01
1056.0  154001.10  106015.25  68.84
1057.2  152662.85  105952.58  69.40
1058.4  151274.50  105892.15  70.00
1059.7  152697.60  106172.55  69.53
1060.9  151233.50  103668.13  68.55
1062.1  150210.00  102643.50  68.33
1063.3  149135.40  102852.00  68.97
1064.5  150651.00  104398.50  69.30
1065.7  148992.25  105649.05  70.91
1066.9  149466.60  103796.25  69.44
1068.1  150549.15  103680.08  68.87
1069.3  148190.70  104605.20  70.59
1070.5  148685.00  104079.50  70.00
1071.7  146140.80  101994.10  69.79
1072.9  149716.80  104489.85  69.79
1074.1  148389.10  104840.13  70.65
1075.3  151713.00  104513.40  68.89
1076.5  148110.75  103677.53  70.00
