/*** Spectra Vista SIG Data ***/
name= 230505_1720_R963_T970.sig
instrument= HK: 9202056 (HR-512i)
integration= 20.0, 0.0, 0.0, 10.0, 0.0, 0.0
scan method= Time-based, Time-based
scan coadds= 250, 0, 0, 500, 0, 0
scan time= 5, 5
scan settings= AI, AI
external data set1= 0,0,0,0,0,0,0,0,0,0,0,0,0,0,0,0,0,0,0,0,0,0,0,0,0,0,0,0,0,0,0,0
external data set2= 0,0,0,0,0,0,0,0,0,0,0,0,0,0,0,0,0,0,0,0,0,0,0,0,0,0,0,0,0,0,0,0
external data dark= 0,0,0,0,0,0,0,0,0,0,0,0,0,0,0,0
external data mask= 0
optic= LENS 4(1), LENS 4(1)
temp= 27.7, 0.0, 0.0, 28.6, 0.0, 0.0
battery= 8.25, 8.18
error= 0, 0
units= Radiance, Radiance
time= 5/5/2023 5:17:42 PM, 5/5/2023 5:20:56 PM
longitude= 07749.1536W     , 07749.6398W     
latitude= 3411.4076N      , 3411.4648N      
gpstime= 182541.000      , 182851.000      
comm= 
memory slot= 963, 970
factors= 1.000, 1.000, 1.000 [Overlap: Preserve, Matching Type: None]
inclinometer x offset= 3, 7
inclinometer y offset= -14, -39
data= 
339.7  33272.25  79134.00  237.84
341.4  35976.60  85335.80  237.20
343.0  37700.93  89217.20  236.64
344.7  38540.13  90861.75  235.76
346.4  40265.30  95075.10  236.12
348.0  42203.35  99405.80  235.54
349.7  44155.80  104176.80  235.93
351.3  47655.95  111971.00  234.96
353.0  50204.35  117656.00  234.35
354.6  53471.10  125156.20  234.06
356.2  53932.73  124509.00  230.86
357.9  50851.50  115731.00  227.59
359.5  50470.80  116291.60  230.41
361.2  53934.30  124379.10  230.61
362.8  56860.83  130578.35  229.65
364.5  60553.65  138581.70  228.86
366.1  65744.60  150412.00  228.78
367.7  69767.10  158468.40  227.14
369.4  70834.23  159212.90  224.77
371.0  71453.20  159823.30  223.68
372.6  70061.25  155194.50  221.51
374.3  66839.38  146871.50  219.74
375.9  67130.80  148630.35  221.40
377.5  72530.25  161590.65  222.79
379.1  77271.70  170632.55  220.82
380.8  76395.20  166090.40  217.41
382.4  71622.00  153490.50  214.31
384.0  64675.58  137680.20  212.88
385.6  66270.75  142834.10  215.53
387.3  70293.60  150789.60  214.51
388.9  74212.45  157774.50  212.60
390.5  80219.15  169850.45  211.73
392.1  84124.13  175407.75  208.51
393.8  77800.00  158160.00  203.29
395.4  78297.98  159508.65  203.72
397.0  82998.50  167906.70  202.30
398.6  93745.05  188544.60  201.12
400.2  114512.60  228890.40  199.88
401.8  129726.63  254726.50  196.36
403.4  138181.40  266581.70  192.92
405.0  140130.00  266520.00  190.19
406.6  139812.75  262993.50  188.10
408.3  141295.35  263669.70  186.61
409.9  144452.00  267624.80  185.27
411.5  146995.88  270238.50  183.84
413.1  152250.00  278450.00  182.89
414.7  154849.80  281395.80  181.72
416.3  156589.13  283024.50  180.74
417.9  156330.30  281313.00  179.95
419.5  155033.63  277851.90  179.22
421.1  155920.40  278927.60  178.89
422.7  156708.20  279516.60  178.37
424.3  155685.85  276729.40  177.75
425.9  155360.43  275549.45  177.36
427.5  153121.75  270772.50  176.83
429.1  148613.73  261899.80  176.23
430.7  139955.78  245409.30  175.35
432.3  141396.45  249236.65  176.27
433.9  151054.93  266744.80  176.59
435.5  158135.80  278221.60  175.94
437.1  166041.00  291574.00  175.60
438.7  166582.90  290930.30  174.65
440.3  166963.48  291275.25  174.45
441.9  172297.13  300874.50  174.63
443.5  179061.65  312367.80  174.45
445.0  183248.75  318680.00  173.91
446.6  184335.53  319780.45  173.48
448.2  188014.30  326290.20  173.55
449.8  192857.60  334408.10  173.40
451.4  197892.33  342531.30  173.09
453.0  197176.65  339990.20  172.43
454.6  194487.00  334783.95  172.14
456.2  194989.23  335856.35  172.24
457.8  196809.43  338795.25  172.14
459.3  196989.90  338329.95  171.75
460.9  197537.45  339071.70  171.65
462.5  199858.80  342964.80  171.60
464.1  199940.40  342516.00  171.31
465.7  198104.40  338680.80  170.96
467.2  196089.00  334965.00  170.82
468.8  195079.35  333126.75  170.76
470.4  194238.00  331411.50  170.62
472.0  194951.03  332605.05  170.61
473.6  196915.68  335935.05  170.60
475.1  198211.93  337897.10  170.47
476.7  198400.75  337886.70  170.31
478.3  199695.90  339940.65  170.23
479.9  201093.98  342014.40  170.08
481.5  202241.10  343448.10  169.82
483.0  201907.60  342245.75  169.51
484.6  198086.40  334924.80  169.08
486.2  189224.00  318895.85  168.53
487.8  184180.50  310905.00  168.80
489.3  187237.50  316950.00  169.28
490.9  191170.80  323305.20  169.12
492.5  191896.38  323653.55  168.66
494.0  193267.50  325872.00  168.61
495.6  194886.30  328451.55  168.53
497.2  195397.65  328871.25  168.31
498.8  193342.58  324856.30  168.02
500.3  190277.45  319344.10  167.83
501.9  186696.75  313113.50  167.71
503.5  185680.30  311669.80  167.85
505.0  186293.10  312823.00  167.92
506.6  187704.90  314998.65  167.82
508.2  187045.20  313308.00  167.50
509.7  186540.08  312215.40  167.37
511.3  186318.53  311524.70  167.20
512.9  184623.30  308078.10  166.87
514.4  181337.75  302194.00  166.65
516.0  177090.00  295200.00  166.69
517.5  171568.58  285731.55  166.54
519.1  171171.65  285489.75  166.79
520.7  174867.00  291491.20  166.69
522.2  177174.50  294599.50  166.28
523.8  179563.78  298426.55  166.20
525.4  180568.50  299820.80  166.04
526.9  178480.95  295930.00  165.80
528.5  179707.13  298474.50  166.09
530.0  182643.75  303374.85  166.10
531.6  183961.00  305101.20  165.85
533.2  183031.30  303175.50  165.64
534.7  183904.00  304752.00  165.71
536.3  184188.90  305105.00  165.65
537.8  183430.10  303569.35  165.50
539.4  181897.80  300757.20  165.34
541.0  180214.20  297886.80  165.30
542.5  180186.60  298080.00  165.43
544.1  181462.70  300157.20  165.41
545.6  182137.13  301170.75  165.35
547.2  182027.60  300724.30  165.21
548.7  182126.00  300832.00  165.18
550.3  182454.23  301317.60  165.15
551.8  182687.40  301587.30  165.08
553.4  183240.20  302416.40  165.04
554.9  184020.75  303623.40  164.99
556.5  183434.40  302307.60  164.80
558.0  181852.75  299572.50  164.73
559.6  180270.13  297083.50  164.80
561.1  181021.20  298666.95  164.99
562.7  182069.65  300495.35  165.04
564.2  183279.85  302638.50  165.12
565.8  183077.70  302193.60  165.06
567.3  182897.48  301857.10  165.04
568.9  182557.25  301137.30  164.95
570.4  181564.88  299228.85  164.81
572.0  181717.13  299412.75  164.77
573.5  182943.60  301424.55  164.76
575.1  183372.80  301750.40  164.56
576.6  183045.75  300943.50  164.41
578.2  182382.83  299603.75  164.27
579.7  182230.95  299152.45  164.16
581.2  183194.55  300581.50  164.08
582.8  184878.83  302989.30  163.89
584.3  185451.75  303498.25  163.65
585.9  184639.20  301740.00  163.42
587.4  182525.40  298274.40  163.42
588.9  177898.00  290689.00  163.40
590.5  174602.50  285984.00  163.79
592.0  174675.90  286766.85  164.17
593.6  175489.60  288043.60  164.14
595.1  175904.85  288417.80  163.96
596.6  176489.20  289097.60  163.80
598.2  176964.38  289363.25  163.51
599.7  176844.78  288601.70  163.19
601.2  176378.83  287360.15  162.92
602.8  176431.85  287125.10  162.74
604.3  177202.40  288241.10  162.66
605.8  177977.30  289201.80  162.49
607.4  177930.68  288829.80  162.33
608.9  176982.85  287042.80  162.19
610.5  175921.90  285145.30  162.09
612.0  174968.63  283506.60  162.03
613.5  173771.25  281423.75  161.95
615.0  172663.23  279451.90  161.85
616.6  171249.20  277036.80  161.77
618.1  171234.00  277111.80  161.83
619.6  172083.00  278502.00  161.84
621.2  172664.00  279242.00  161.73
622.7  172089.60  278054.40  161.58
624.2  170995.95  276047.10  161.43
625.8  169510.40  273701.65  161.47
627.3  168441.38  272159.50  161.58
628.8  167197.63  270363.80  161.70
630.3  166431.70  269183.10  161.74
631.8  166076.30  268478.60  161.66
633.4  166564.75  269067.70  161.54
634.9  167155.60  269739.55  161.37
636.4  167881.00  270594.40  161.18
638.0  168843.30  271884.00  161.03
639.5  168945.00  271740.00  160.85
641.0  168553.00  270870.60  160.70
642.5  168302.05  270333.70  160.62
644.0  168022.50  269868.00  160.61
645.5  167376.15  268763.10  160.57
647.1  166094.20  266962.80  160.73
648.6  164646.95  264936.50  160.91
650.1  163702.88  263641.50  161.05
651.6  163775.33  264036.30  161.22
653.1  164283.38  264419.10  160.95
654.7  163295.68  261938.35  160.41
656.2  158723.18  254117.05  160.10
657.7  156279.20  250632.00  160.37
659.2  158198.30  254142.20  160.65
660.7  161084.63  258566.25  160.52
662.2  163732.40  262337.40  160.22
663.7  164996.48  263955.60  159.98
665.2  165360.85  264343.60  159.86
666.8  165454.95  264376.20  159.79
668.3  165355.35  264108.90  159.72
669.8  165181.78  263742.60  159.67
671.3  164804.15  262930.50  159.54
672.8  164569.60  262332.25  159.41
674.3  164370.60  261775.40  159.26
675.8  164301.75  261539.50  159.18
677.3  164133.20  261121.00  159.09
678.8  163914.85  260723.10  159.06
680.3  163542.10  259983.30  158.97
681.8  163015.83  259176.40  158.99
683.3  161970.60  257307.05  158.86
684.8  159866.70  253882.20  158.81
686.3  153277.60  243520.60  158.88
687.8  144690.00  230794.20  159.51
689.3  140864.33  225954.40  160.41
690.8  140842.80  226375.20  160.73
692.3  142811.48  229563.00  160.75
693.8  144040.20  231600.60  160.79
695.3  145116.40  233270.70  160.75
696.8  147159.70  236096.20  160.44
698.3  147840.00  236488.00  159.96
699.8  146997.95  234830.75  159.75
701.3  145642.25  232535.75  159.66
702.8  145664.25  232359.50  159.52
704.2  146685.70  233707.20  159.33
705.7  147802.00  235036.00  159.02
707.2  148510.83  235714.50  158.72
708.7  148905.90  235921.20  158.44
710.2  149259.13  236088.65  158.17
711.7  149131.25  235560.50  157.96
713.2  148659.60  234553.60  157.78
714.7  147299.10  232413.60  157.78
716.2  142704.50  225529.60  158.04
717.6  133488.00  212058.00  158.86
719.1  124389.00  199293.40  160.22
720.6  121937.60  196547.20  161.19
722.1  125241.00  201486.50  160.88
723.6  125837.35  201733.60  160.31
725.0  124375.95  199506.60  160.41
726.5  123614.78  198565.35  160.63
728.0  123375.15  198208.35  160.66
729.5  123543.20  198269.60  160.49
731.0  124880.60  200222.25  160.33
732.4  128300.70  204989.40  159.77
733.9  132816.95  210974.40  158.85
735.4  135846.70  214646.85  158.01
736.8  137427.00  216315.00  157.40
738.3  138270.85  217012.40  156.95
739.8  138773.25  217255.50  156.55
741.2  139087.80  217223.10  156.18
742.7  139838.80  217890.40  155.82
744.2  140973.00  219265.20  155.54
745.7  141637.13  219936.00  155.28
747.1  142115.85  220412.40  155.09
748.6  142074.30  220149.00  154.95
750.0  141526.78  219067.80  154.79
751.5  140866.05  218004.80  154.76
753.0  140549.43  217394.60  154.67
754.4  140399.00  217124.00  154.65
755.9  139968.75  216312.50  154.54
757.3  138741.53  214243.90  154.42
758.8  129400.45  199160.85  153.91
760.3  101845.50  156412.50  153.58
761.7  79110.95  124657.70  157.57
763.2  70950.00  115368.00  162.60
764.6  72627.30  119413.80  164.42
766.1  84571.20  137961.60  163.13
767.5  100791.18  161618.70  160.35
769.0  115080.00  181593.50  157.80
770.4  124650.00  194454.00  156.00
771.9  129990.00  201320.00  154.87
773.3  132620.88  204679.75  154.33
774.8  133633.50  205705.50  153.93
776.2  134080.35  206271.90  153.84
777.7  134157.10  206136.70  153.65
779.1  133829.00  205572.00  153.61
780.5  133560.90  205138.15  153.59
782.0  133306.38  204643.30  153.51
783.4  132787.20  203750.40  153.44
784.9  132260.00  202980.20  153.47
786.3  131635.40  202122.00  153.55
787.8  130554.75  200663.05  153.70
789.2  128993.83  198570.35  153.94
790.6  127423.65  196345.65  154.09
792.0  126199.50  194505.50  154.13
793.5  125165.70  192803.40  154.04
794.9  124756.43  192012.30  153.91
796.3  124561.10  191820.60  154.00
797.8  124667.85  192124.20  154.11
799.2  124698.40  192093.20  154.05
800.6  124072.20  191169.20  154.08
802.1  123337.78  190101.15  154.13
803.5  122743.50  189200.00  154.14
804.9  122510.70  188744.40  154.06
806.3  122774.00  188950.75  153.90
807.8  122846.28  188864.35  153.74
809.2  121967.35  187447.75  153.69
810.6  120628.50  185566.50  153.83
812.0  118602.98  182891.95  154.21
813.4  114537.50  177437.50  154.92
814.8  108698.30  169206.30  155.67
816.3  102858.23  161076.75  156.60
817.7  98998.90  155849.20  157.43
819.1  97909.48  154336.70  157.63
820.5  100138.50  157426.50  157.21
821.9  101507.75  158891.90  156.53
823.3  98762.13  154677.60  156.62
824.7  100375.75  157447.40  156.86
826.1  103796.00  162377.60  156.44
827.5  104834.25  163451.25  155.91
828.9  104090.50  162116.50  155.75
830.3  103981.63  161950.25  155.75
831.7  104290.05  162301.80  155.63
833.2  104643.83  162720.15  155.50
834.5  105985.95  164416.70  155.13
835.9  108074.20  167185.85  154.70
837.3  109937.88  169745.75  154.40
838.7  111375.63  171477.50  153.96
840.1  112490.50  172819.80  153.63
841.5  113121.20  173462.20  153.34
842.9  113315.33  173548.65  153.16
844.3  113246.25  173121.00  152.87
845.7  113548.40  173430.40  152.74
847.1  113738.00  173681.00  152.70
848.5  113230.25  172726.75  152.54
849.9  111161.60  169268.80  152.27
851.2  109714.28  167252.25  152.44
852.6  109045.88  166365.90  152.57
854.0  105576.90  160667.65  152.18
855.4  103427.55  157556.30  152.33
856.8  105659.23  161398.05  152.75
858.2  108148.05  165041.10  152.61
859.5  109422.50  166772.00  152.41
860.9  109850.40  167140.80  152.15
862.3  109988.00  167288.20  152.10
863.7  110092.58  167426.85  152.08
865.0  108686.50  165029.00  151.84
866.4  104660.85  158694.20  151.63
867.8  103200.08  156990.90  152.12
869.1  104445.45  159074.10  152.30
870.5  105786.30  160970.85  152.17
871.9  106604.95  162178.70  152.13
873.2  106656.50  162235.30  152.11
874.6  106280.65  161451.50  151.91
876.0  105916.80  161081.80  152.08
877.3  105841.15  160691.65  151.82
878.7  105626.95  160651.70  152.09
880.0  104932.80  159481.20  151.98
881.4  104215.88  158484.00  152.07
882.8  104377.05  158593.35  151.94
884.1  104448.75  158727.50  151.97
885.5  104063.18  158228.55  152.05
886.8  103178.08  156928.20  152.09
888.2  102864.48  156596.30  152.24
889.5  102898.95  156506.35  152.10
890.9  102669.20  156075.60  152.02
892.2  101536.83  154578.45  152.24
893.6  99377.05  151544.10  152.49
894.9  95760.00  146512.80  153.00
896.2  90303.00  139095.75  154.03
897.6  84993.00  131856.00  155.14
898.9  79964.75  124750.00  156.01
900.3  76487.13  119850.90  156.69
901.6  75066.60  118108.20  157.34
903.0  77171.50  121658.60  157.65
904.3  82309.43  128912.05  156.62
905.6  84806.15  132127.45  155.80
907.0  82678.38  128670.75  155.63
908.3  78674.38  122868.85  156.17
909.6  75605.13  118748.60  157.06
911.0  75080.40  118104.00  157.30
912.3  74878.13  118378.75  158.10
913.6  73707.75  116487.15  158.04
914.9  72713.60  115520.80  158.87
916.2  72146.70  114603.40  158.85
917.6  72366.45  114642.90  158.42
918.9  74456.60  117787.90  158.20
920.2  77968.80  122522.40  157.14
921.5  79654.40  124499.20  156.30
922.9  79659.00  124338.00  156.09
924.2  78702.20  122891.55  156.15
925.5  78049.13  122064.25  156.39
926.8  77402.60  121585.20  157.08
928.1  73564.10  115745.35  157.34
929.4  66551.70  105316.35  158.25
930.7  58208.40  92993.60  159.76
932.0  48538.40  78518.00  161.76
933.4  39409.20  64952.20  164.81
934.7  33761.03  56330.55  166.85
936.0  31477.75  53474.25  169.88
937.3  30615.45  52373.60  171.07
938.6  34258.40  58395.00  170.45
939.9  40675.50  68775.00  169.08
941.2  43581.00  72436.00  166.21
942.5  43367.10  71332.80  164.49
943.8  40754.38  67441.25  165.48
945.1  38933.25  64818.60  166.49
946.4  38252.30  64110.00  167.60
947.7  39042.00  65503.80  167.78
949.0  40167.40  67092.80  167.03
950.2  41262.00  68620.50  166.30
951.5  41938.20  69745.05  166.30
952.8  41910.55  69465.00  165.75
954.1  42616.45  71105.90  166.85
955.4  42870.50  70892.00  165.36
956.7  44046.35  72518.30  164.64
958.0  45484.80  75148.80  165.22
959.3  46051.95  74991.70  162.84
960.5  47597.40  77281.80  162.37
961.8  49717.30  80693.00  162.30
963.1  51419.70  83755.80  162.89
964.4  53106.28  86264.00  162.44
965.7  54580.73  88316.55  161.81
966.9  57261.63  92177.25  160.98
968.2  62321.93  100170.40  160.73
969.5  66897.60  105414.40  157.58
970.8  69620.00  109150.00  156.78
972.0  70693.88  110703.60  156.60
973.3  69052.50  108028.80  156.44
974.6  66976.65  104533.65  156.07
975.8  65400.13  103364.10  158.05
977.1  66361.20  104096.00  156.86
978.4  67360.48  105520.35  156.65
979.6  68003.33  106234.05  156.22
980.9  70111.13  109138.50  155.67
982.2  71884.50  112055.25  155.88
983.4  73728.25  113649.40  154.15
984.7  74847.60  115940.40  154.90
985.9  76089.48  116945.40  153.69
987.2  77003.10  118761.00  154.23
988.5  77873.68  119745.45  153.77
989.7  78068.25  120105.00  153.85
991.0  78585.60  119515.60  152.08
992.2  78701.50  120564.00  153.19
993.5  78825.60  119952.00  152.17
994.7  78862.50  120046.25  152.22
996.0  79353.53  120151.10  151.41
997.2  79145.80  120559.30  152.33
998.5  79401.00  120046.75  151.19
999.7  79568.70  119353.05  150.00
1001.0  78636.60  119448.00  151.90
1002.2  77850.23  119065.05  152.94
1003.4  77021.83  117858.90  153.02
1004.7  75843.35  115323.45  152.05
1005.9  74865.60  114378.00  152.78
1007.2  74617.20  113998.50  152.78
1008.4  74580.75  114185.70  153.10
1009.6  74846.90  114833.60  153.42
1010.9  74500.15  114301.60  153.42
1012.1  74354.15  114077.60  153.42
1013.3  74416.20  114172.80  153.42
1014.6  75087.60  113397.60  151.02
1015.8  74428.50  112926.00  151.72
1017.1  74383.20  112607.90  151.39
1018.3  74542.33  113637.95  152.45
1019.5  74497.35  114123.60  153.19
1020.8  74019.75  113711.50  153.62
1022.0  73639.13  113458.80  154.07
1023.2  74021.15  112423.10  151.88
1024.4  73849.75  112478.85  152.31
1025.7  74256.00  112544.25  151.56
1026.9  74325.00  111784.80  150.40
1028.1  74398.65  112207.80  150.82
1029.3  74354.18  112468.50  151.26
1030.6  73686.25  112772.00  153.04
1031.8  74588.48  112212.75  150.44
1033.0  74591.00  112564.60  150.91
1034.2  74592.38  111540.00  149.53
1035.4  73879.33  111894.90  151.46
1036.7  73715.00  112046.80  152.00
1037.9  74301.15  112209.90  151.02
1039.1  73983.63  112143.60  151.58
1040.3  74602.28  112304.50  150.54
1041.5  74072.25  111931.40  151.11
1042.7  74362.20  111543.30  150.00
1043.9  74671.65  112875.75  151.16
1045.2  73928.10  112228.20  151.81
1046.4  74062.35  111550.70  150.62
1047.6  74019.05  110560.10  149.37
1048.8  73973.90  111441.20  150.65
1050.0  74917.00  112375.50  150.00
1051.2  74886.15  111317.25  148.65
1052.4  74647.80  111971.70  150.00
1053.6  74187.75  110221.80  148.57
1054.8  73926.20  110889.30  150.00
1056.0  73652.70  111595.00  151.52
1057.2  74052.88  109370.40  147.69
1058.4  74473.60  109383.10  146.88
1059.7  73962.90  109751.40  148.39
1060.9  73177.50  109766.25  150.00
1062.1  72601.50  107650.50  148.28
1063.3  71996.40  107994.60  150.00
1064.5  72682.50  108363.00  149.09
1065.7  71787.18  108358.00  150.94
1066.9  73349.35  110716.00  150.94
1068.1  73854.30  107940.90  146.15
1069.3  72642.50  107510.90  148.00
1070.5  72855.65  107053.20  146.94
1071.7  71548.10  106561.00  148.94
1072.9  71739.30  106049.40  147.83
1074.1  70968.70  106453.05  150.00
1075.3  74170.80  107884.80  145.45
1076.5  72409.70  105323.20  145.45
