/*** Spectra Vista SIG Data ***/
name= 230505_1430_R930_T933.sig
instrument= HK: 9202056 (HR-512i)
integration= 10.0, 0.0, 0.0, 200.0, 0.0, 0.0
scan method= Time-based, Time-based
scan coadds= 500, 0, 0, 25, 0, 0
scan time= 5, 5
scan settings= AI, AI
external data set1= 0,0,0,0,0,0,0,0,0,0,0,0,0,0,0,0,0,0,0,0,0,0,0,0,0,0,0,0,0,0,0,0
external data set2= 0,0,0,0,0,0,0,0,0,0,0,0,0,0,0,0,0,0,0,0,0,0,0,0,0,0,0,0,0,0,0,0
external data dark= 0,0,0,0,0,0,0,0,0,0,0,0,0,0,0,0
external data mask= 0
optic= LENS 4(1), LENS 4(1)
temp= 25.1, 0.0, 0.0, 26.4, 0.0, 0.0
battery= 8.27, 8.28
error= 0, 0
units= Radiance, Radiance
time= 5/5/2023 2:29:13 PM, 5/5/2023 2:30:38 PM
longitude= 07745.5848W     , 07745.7101W     
latitude= 3411.3895N      , 3411.3012N      
gpstime= 153714.000      , 153840.000      
comm= 
memory slot= 930, 933
factors= 1.000, 1.000, 1.000 [Overlap: Preserve, Matching Type: None]
inclinometer x offset= 5, 6
inclinometer y offset= -14, 45
data= 
339.7  56113.20  6834.30  12.18
341.4  60656.20  7343.05  12.11
343.0  63251.00  7615.09  12.04
344.7  64901.25  7756.10  11.95
346.4  68588.80  8129.61  11.85
348.0  72054.50  8470.08  11.76
349.7  75956.40  8873.28  11.68
351.3  82203.10  9490.23  11.54
353.0  86771.30  9940.60  11.46
354.6  92891.40  10518.59  11.32
356.2  92492.40  10354.58  11.20
357.9  86673.00  9581.63  11.05
359.5  88170.40  9615.24  10.91
361.2  94660.20  10199.82  10.78
362.8  100040.85  10688.13  10.68
364.5  106788.00  11346.23  10.63
366.1  116811.90  12342.28  10.57
367.7  123373.80  12952.44  10.50
369.4  124840.10  13056.89  10.46
371.0  125989.50  13137.22  10.43
372.6  122813.25  12781.76  10.41
374.3  116983.50  12182.86  10.41
375.9  119662.95  12466.33  10.42
377.5  130891.80  13606.45  10.40
379.1  138454.25  14332.48  10.35
380.8  135340.80  13970.32  10.32
382.4  125235.00  12942.68  10.33
384.0  113495.85  11771.06  10.37
385.6  118850.40  12346.27  10.39
387.3  125892.00  13080.60  10.39
388.9  132512.60  13750.21  10.38
390.5  143427.35  14839.25  10.35
392.1  148268.25  15276.38  10.30
393.8  134080.00  13840.00  10.32
395.4  137126.85  14161.09  10.33
397.0  144549.60  14943.40  10.34
398.6  164712.90  16959.88  10.30
400.2  200717.20  20516.56  10.22
401.8  224164.50  22759.63  10.15
403.4  235743.20  23764.34  10.08
405.0  237060.00  23745.00  10.02
406.6  235562.25  23449.39  9.95
408.3  238182.00  23548.30  9.89
409.9  243236.80  23892.20  9.82
411.5  247416.75  24182.78  9.77
413.1  256450.00  24927.50  9.72
414.7  260433.60  25236.75  9.69
416.3  263296.00  25453.04  9.67
417.9  262740.00  25370.27  9.66
419.5  260755.35  25192.14  9.66
421.1  262963.20  25421.06  9.67
422.7  264176.00  25548.16  9.67
424.3  262496.20  25409.13  9.68
425.9  262139.35  25390.86  9.69
427.5  258211.50  25023.25  9.69
429.1  250175.85  24250.27  9.69
430.7  234962.25  22840.88  9.72
432.3  240492.85  23418.43  9.74
433.9  257665.10  25077.90  9.73
435.5  269546.20  26235.48  9.73
437.1  282910.00  27506.30  9.72
438.7  282483.20  27475.91  9.73
440.3  283950.45  27641.58  9.73
441.9  294180.75  28643.51  9.74
443.5  305908.20  29758.38  9.73
445.0  312557.50  30372.25  9.72
446.6  314313.45  30548.82  9.72
448.2  321646.90  31285.22  9.73
449.8  330324.15  32170.03  9.74
451.4  339015.70  33034.66  9.74
453.0  336697.90  32864.78  9.76
454.6  332524.35  32538.24  9.79
456.2  334400.15  32813.04  9.81
457.8  337862.60  33244.92  9.84
459.3  338045.40  33359.42  9.87
460.9  339600.80  33624.31  9.90
462.5  344066.40  34165.92  9.93
464.1  344025.60  34259.76  9.96
465.7  340802.40  34043.52  9.99
467.2  337654.50  33830.65  10.02
468.8  336500.70  33792.35  10.04
470.4  335218.50  33736.50  10.06
472.0  337245.30  33994.88  10.08
473.6  341074.25  34422.60  10.09
475.1  343570.00  34684.59  10.10
476.7  344000.50  34733.53  10.10
478.3  346726.05  35067.11  10.11
479.9  349335.45  35467.94  10.15
481.5  351344.80  35842.46  10.20
483.0  350478.20  35894.26  10.24
484.6  343219.20  35253.12  10.27
486.2  327059.95  33705.53  10.31
487.8  320052.60  33101.46  10.34
489.3  326887.50  33873.75  10.36
490.9  333684.00  34614.60  10.37
492.5  334376.90  34732.97  10.39
494.0  337296.50  35074.68  10.40
495.6  340312.00  35410.11  10.41
497.2  341063.55  35493.14  10.41
498.8  337193.95  35092.00  10.41
500.3  331836.10  34509.15  10.40
501.9  325854.50  33842.43  10.39
503.5  324851.80  33632.69  10.35
505.0  326496.50  33723.52  10.33
506.6  329025.60  33935.69  10.31
508.2  327564.00  33733.26  10.30
509.7  326848.50  33593.83  10.28
511.3  326416.30  33449.31  10.25
512.9  323013.15  32981.31  10.21
514.4  317108.50  32294.93  10.18
516.0  309540.00  31495.50  10.17
517.5  300022.65  30547.98  10.18
519.1  300673.10  30620.27  10.18
520.7  307538.00  31302.04  10.18
522.2  311130.50  31654.43  10.17
523.8  315284.60  32087.39  10.18
525.4  316573.05  32211.76  10.18
526.9  312631.00  31838.85  10.18
528.5  315670.80  32146.08  10.18
530.0  320851.35  32643.81  10.17
531.6  322624.00  32792.06  10.16
533.2  320741.10  32582.22  10.16
534.7  322672.00  32744.60  10.15
536.3  323008.20  32744.23  10.14
537.8  321541.85  32535.76  10.12
539.4  318642.00  32169.18  10.10
541.0  315854.40  31793.82  10.07
542.5  316213.20  31733.10  10.04
544.1  318577.70  31868.85  10.00
545.6  319652.25  31868.10  9.97
547.2  319272.40  31725.33  9.94
548.7  319536.00  31647.00  9.90
550.3  320149.95  31596.97  9.87
551.8  320553.45  31539.38  9.84
553.4  321578.40  31558.67  9.81
554.9  322986.40  31615.16  9.79
556.5  321667.20  31414.82  9.77
558.0  318806.50  31076.78  9.75
559.6  316361.50  30776.38  9.73
561.1  318229.50  30865.86  9.70
562.7  320253.20  30949.41  9.66
564.2  322536.75  31038.19  9.62
565.8  322007.00  30837.94  9.58
567.3  321859.30  30599.28  9.51
568.9  321325.80  30260.84  9.42
570.4  319659.75  29839.05  9.33
572.0  320415.00  29643.00  9.25
573.5  322861.35  29580.65  9.16
575.1  323547.20  29351.20  9.07
576.6  323025.50  29025.33  8.99
578.2  321855.65  28666.95  8.91
579.7  321827.20  28452.96  8.84
581.2  323719.90  28426.96  8.78
582.8  326639.70  28471.69  8.72
584.3  327406.00  28268.61  8.63
585.9  325750.80  27780.95  8.53
587.4  322056.00  26956.80  8.37
588.9  313777.75  25621.96  8.17
590.5  309021.60  24661.16  7.98
592.0  309947.70  24313.13  7.84
593.6  311467.00  24116.30  7.74
595.1  312049.10  23883.64  7.65
596.6  313005.60  23768.68  7.59
598.2  313514.50  23650.85  7.54
599.7  312961.45  23485.25  7.50
601.2  311928.40  23302.72  7.47
602.8  312008.80  23215.28  7.44
604.3  313407.00  23232.69  7.41
605.8  314614.20  23245.83  7.39
607.4  314381.25  23162.15  7.37
608.9  312624.50  22975.89  7.35
610.5  310792.90  22795.41  7.33
612.0  309145.20  22631.99  7.32
613.5  307014.50  22433.81  7.31
615.0  305067.70  22241.56  7.29
616.6  302604.80  22016.68  7.28
618.1  302929.20  21992.04  7.26
619.6  304570.00  22043.80  7.24
621.2  305447.20  22031.85  7.21
622.7  304204.80  21857.28  7.19
624.2  302169.60  21610.08  7.15
625.8  299642.35  21297.86  7.11
627.3  297946.75  20943.80  7.03
628.8  295952.65  20571.93  6.95
630.3  294711.15  20402.47  6.92
631.8  294149.70  20371.65  6.93
633.4  294993.60  20498.56  6.95
634.9  295888.40  20648.15  6.98
636.4  297099.75  20809.39  7.00
638.0  298738.80  20987.61  7.03
639.5  298620.00  21031.50  7.04
641.0  297847.55  21011.95  7.05
642.5  297362.80  20991.32  7.06
644.0  296958.00  20928.10  7.05
645.5  295739.00  20712.56  7.00
647.1  293646.00  20332.86  6.92
648.6  291364.30  19974.50  6.86
650.1  289970.25  19848.34  6.84
651.6  290511.85  19872.40  6.84
653.1  291174.15  19925.84  6.84
654.7  288596.00  19737.91  6.84
656.2  280041.60  19154.06  6.84
657.7  276544.80  18962.60  6.86
659.2  280524.40  19305.03  6.88
660.7  285497.25  19718.36  6.91
662.2  289802.50  20072.13  6.93
663.7  291765.90  20247.26  6.94
665.2  292394.80  20329.82  6.95
666.8  292562.65  20394.88  6.97
668.3  292422.00  20449.98  6.99
669.8  292084.65  20485.58  7.01
671.3  291212.10  20464.88  7.03
672.8  290766.00  20440.16  7.03
674.3  290218.40  20386.65  7.02
675.8  290122.50  20341.40  7.01
677.3  289737.00  20263.71  6.99
678.8  289313.20  20178.51  6.97
680.3  288591.40  20062.28  6.95
681.8  287662.55  19937.66  6.93
683.3  285689.25  19723.50  6.90
684.8  281696.80  19295.37  6.85
686.3  269374.00  18016.08  6.69
687.8  255091.20  16502.85  6.47
689.3  249582.90  15831.10  6.34
690.8  250111.20  15803.76  6.32
692.3  253739.20  16000.10  6.31
693.8  255997.20  16047.17  6.27
695.3  258034.40  16244.54  6.30
696.8  261330.00  16677.35  6.38
698.3  261856.00  16774.80  6.41
699.8  260115.95  16537.96  6.36
701.3  257838.70  16299.36  6.32
702.8  257948.80  16351.73  6.34
704.2  259585.00  16554.26  6.38
705.7  261246.40  16723.20  6.40
707.2  262118.80  16866.15  6.43
708.7  262514.40  16970.52  6.46
710.2  262813.65  17047.88  6.49
711.7  262257.00  17053.13  6.50
713.2  261192.80  16953.68  6.49
714.7  258619.20  16604.04  6.42
716.2  250331.40  15534.75  6.21
717.6  234576.00  13759.20  5.87
719.1  220106.20  12295.27  5.59
720.6  217436.80  12046.88  5.54
722.1  223068.50  12630.38  5.66
723.6  223066.60  12589.21  5.64
725.0  220533.30  12245.45  5.55
726.5  219539.40  12061.46  5.49
728.0  219019.95  11999.88  5.48
729.5  219230.80  12034.62  5.49
731.0  221612.80  12270.25  5.54
732.4  227317.20  12950.69  5.70
733.9  234246.95  13808.57  5.89
735.4  238439.85  14326.79  6.01
736.8  240483.00  14623.35  6.08
738.3  241386.15  14865.12  6.16
739.8  241741.50  15092.96  6.24
741.2  241836.30  15307.79  6.33
742.7  242827.20  15540.24  6.40
744.2  244490.40  15778.98  6.45
745.7  245295.00  15923.44  6.49
747.1  245844.60  16005.57  6.51
748.6  245532.30  16002.91  6.52
750.0  244358.85  15935.79  6.52
751.5  243239.10  15852.40  6.52
753.0  242630.10  15806.04  6.51
754.4  242358.00  15772.80  6.51
755.9  241437.50  15693.75  6.50
757.3  239022.55  15459.86  6.47
758.8  220483.60  13894.80  6.30
760.3  170989.50  9994.28  5.84
761.7  135824.00  7019.75  5.17
763.2  125070.00  5758.50  4.60
764.6  130003.20  5870.79  4.52
766.1  151670.40  7539.84  4.97
767.5  179056.15  9895.92  5.53
769.0  202006.50  11980.65  5.93
770.4  216891.00  13417.19  6.19
771.9  224910.00  14234.50  6.33
773.3  228805.50  14670.01  6.41
774.8  230087.00  14850.55  6.45
776.2  230781.60  14951.64  6.48
777.7  230715.10  14962.83  6.49
779.1  230140.00  14922.10  6.48
780.5  229646.80  14896.31  6.49
782.0  229142.85  14859.02  6.48
783.4  228172.80  14784.00  6.48
784.9  227331.60  14684.75  6.46
786.3  226392.40  14526.78  6.42
787.8  224538.20  14249.23  6.35
789.2  222126.80  13911.26  6.26
790.6  219565.80  13624.40  6.21
792.0  217579.60  13469.61  6.19
793.5  215645.40  13426.02  6.23
794.9  214875.00  13429.69  6.25
796.3  214706.30  13316.51  6.20
797.8  215097.50  13309.44  6.19
799.2  214978.60  13298.76  6.19
800.6  213886.00  13162.92  6.15
802.1  212712.30  13017.70  6.12
803.5  211714.80  12922.36  6.10
804.9  211351.40  12972.57  6.14
806.3  211628.75  13093.61  6.19
807.8  211516.15  13134.07  6.21
809.2  209880.85  12979.87  6.18
810.6  207863.25  12679.35  6.10
812.0  204617.55  12189.32  5.96
813.4  197943.75  11390.00  5.75
814.8  188331.15  10399.81  5.52
816.3  179108.55  9543.66  5.33
817.7  173290.00  9061.39  5.23
819.1  171838.80  9018.13  5.25
820.5  175675.50  9494.10  5.40
821.9  177081.15  9681.38  5.47
823.3  172222.05  9273.50  5.38
824.7  175763.70  9619.09  5.47
826.1  181227.20  10127.04  5.59
827.5  182489.25  10207.88  5.59
828.9  180949.50  10071.84  5.57
830.3  180950.00  10113.81  5.59
831.7  181311.30  10212.69  5.63
833.2  181879.35  10324.68  5.68
834.5  184141.30  10598.60  5.76
835.9  187346.90  10965.14  5.85
837.3  190354.75  11279.25  5.93
838.7  192241.25  11540.13  6.00
840.1  193741.60  11757.77  6.07
841.5  194545.20  11915.53  6.12
842.9  194781.45  12009.80  6.17
844.3  194350.00  12064.65  6.21
845.7  194806.00  12196.22  6.26
847.1  195045.30  12272.95  6.29
848.5  193908.75  12226.38  6.31
849.9  189953.70  11984.61  6.31
851.2  187898.70  11851.70  6.31
852.6  186796.80  11772.09  6.30
854.0  180237.20  11363.50  6.30
855.4  177209.20  11200.49  6.32
856.8  181636.05  11535.66  6.35
858.2  185543.10  11805.74  6.36
859.5  187359.00  11962.95  6.39
860.9  187814.40  12001.20  6.39
862.3  188221.40  12045.46  6.40
863.7  188243.05  12068.01  6.41
865.0  185385.00  11886.45  6.41
866.4  178208.80  11432.61  6.42
867.8  176568.15  11345.48  6.43
869.1  178887.60  11501.27  6.43
870.5  181020.60  11657.50  6.44
871.9  182475.20  11742.98  6.44
873.2  182392.40  11722.43  6.43
874.6  181459.60  11687.90  6.44
876.0  180941.20  11654.86  6.44
877.3  180803.50  11640.50  6.44
878.7  180604.60  11611.77  6.43
880.0  179468.40  11523.87  6.42
881.4  178294.50  11422.65  6.41
882.8  178230.75  11419.58  6.41
884.1  178622.50  11439.63  6.40
885.5  177925.05  11347.37  6.38
886.8  176433.40  11226.57  6.36
888.2  175890.40  11183.85  6.36
889.5  176041.25  11187.14  6.35
890.9  175642.60  11141.68  6.34
892.2  173696.75  10899.76  6.28
893.6  169956.00  10445.21  6.15
894.9  164228.40  9743.58  5.93
896.2  155602.75  8811.83  5.66
897.6  147108.00  8007.30  5.44
898.9  138971.50  7310.35  5.26
900.3  133504.80  6890.16  5.16
901.6  131686.80  6725.25  5.11
903.0  135925.60  7107.56  5.23
904.3  144139.95  7863.37  5.46
905.6  147546.75  8174.89  5.54
907.0  143507.00  7755.31  5.40
908.3  136551.35  7128.58  5.22
909.6  132343.65  6742.04  5.09
911.0  131882.80  6678.50  5.06
912.3  131785.50  6632.06  5.03
913.6  129783.45  6416.91  4.94
914.9  128421.60  6274.48  4.89
916.2  127667.00  6175.52  4.84
917.6  127581.60  6213.59  4.87
918.9  131519.65  6637.01  5.05
920.2  136754.80  7286.37  5.33
921.5  139238.40  7589.12  5.45
922.9  138966.00  7568.40  5.45
924.2  137406.30  7370.27  5.36
925.5  136790.50  7248.59  5.30
926.8  135537.60  7075.86  5.22
928.1  128568.45  6394.68  4.97
929.4  116637.00  5403.04  4.63
930.7  102083.20  4370.00  4.28
932.0  85656.00  3354.86  3.92
933.4  70425.70  2517.81  3.58
934.7  61180.20  2051.78  3.35
936.0  58404.50  1896.25  3.25
937.3  56994.80  1809.97  3.18
938.6  64623.80  2199.55  3.40
939.9  75456.00  2731.35  3.62
941.2  79600.00  2885.50  3.63
942.5  78628.20  2796.57  3.56
943.8  73647.50  2668.69  3.62
945.1  70711.20  2504.36  3.54
946.4  70093.60  2478.92  3.54
947.7  72010.80  2559.42  3.55
949.0  73272.40  2648.40  3.61
950.2  75348.00  2758.28  3.66
951.5  76582.80  2780.69  3.63
952.8  76411.50  2778.60  3.64
954.1  78169.40  2872.49  3.67
955.4  78077.00  2921.90  3.74
956.7  79818.80  3090.55  3.87
958.0  82564.80  3287.76  3.98
959.3  83044.50  3271.45  3.94
960.5  85982.40  3531.42  4.11
961.8  89543.20  3774.35  4.22
963.1  92767.50  4081.77  4.40
964.4  95968.70  4313.20  4.49
965.7  97641.90  4388.40  4.49
966.9  102791.60  4832.32  4.70
968.2  111553.40  5577.67  5.00
969.5  118156.80  6255.36  5.29
970.8  122130.00  6667.00  5.46
972.0  123338.25  6738.48  5.46
973.3  120304.80  6506.28  5.41
974.6  117052.65  6259.50  5.35
975.8  115487.05  6061.48  5.25
977.1  116457.40  6213.23  5.34
978.4  118793.35  6371.04  5.36
979.6  119767.05  6529.67  5.45
980.9  122262.75  6838.43  5.59
982.2  125445.50  7153.21  5.70
983.4  128035.40  7444.76  5.81
984.7  129882.60  7778.28  5.99
985.9  131188.75  8021.26  6.11
987.2  133318.80  8313.27  6.24
988.5  133833.15  8491.75  6.35
989.7  135318.30  8607.53  6.36
991.0  135887.60  8677.16  6.39
992.2  135634.50  8707.40  6.42
993.5  136231.20  8739.36  6.42
994.7  135818.75  8806.31  6.48
996.0  135394.15  8876.84  6.56
997.2  136204.40  8926.91  6.55
998.5  135170.75  8979.88  6.64
999.7  134878.65  8927.22  6.62
1001.0  134379.00  8859.06  6.59
1002.2  133312.15  8853.56  6.64
1003.4  132332.80  8736.03  6.60
1004.7  130907.70  8571.34  6.55
1005.9  128935.20  8578.35  6.65
1007.2  128507.40  8653.52  6.73
1008.4  128587.50  8692.52  6.76
1009.6  129187.80  8766.32  6.79
1010.9  128589.30  8878.79  6.90
1012.1  129355.85  8912.31  6.89
1013.3  129463.80  8970.72  6.93
1014.6  128721.60  9092.24  7.06
1015.8  128325.00  9188.07  7.16
1017.1  128104.40  9091.28  7.10
1018.3  127191.10  9070.19  7.13
1019.5  127860.70  9087.62  7.11
1020.8  127657.25  9064.74  7.10
1022.0  127641.15  9054.89  7.09
1023.2  126893.40  9071.77  7.15
1024.4  126112.65  9146.01  7.25
1025.7  127627.50  9223.99  7.23
1026.9  127244.40  9216.30  7.24
1028.1  126843.60  9208.36  7.26
1029.3  127464.30  9184.93  7.21
1030.6  126868.50  9162.73  7.22
1031.8  128054.55  9175.04  7.16
1033.0  126126.60  9154.35  7.26
1034.2  125482.50  9202.05  7.33
1035.4  126240.40  9109.39  7.22
1036.7  125315.50  9288.09  7.41
1037.9  125857.05  9173.92  7.29
1039.1  126161.55  9189.55  7.28
1040.3  126743.65  9225.01  7.28
1041.5  126745.85  9217.88  7.27
1042.7  126753.75  9210.77  7.27
1043.9  126768.15  9030.06  7.12
1045.2  126479.40  9085.14  7.18
1046.4  126180.30  9052.07  7.17
1047.6  125551.30  9182.11  7.31
1048.8  124891.00  9222.72  7.38
1050.0  126176.00  9167.48  7.27
1051.2  125484.90  9208.97  7.34
1052.4  126486.55  9019.94  7.13
1053.6  127179.00  9114.50  7.17
1054.8  126109.40  9023.35  7.16
1056.0  124986.40  8927.60  7.14
1057.2  125320.25  8886.35  7.09
1058.4  123346.90  8843.74  7.17
1059.7  124066.80  8827.83  7.12
1060.9  124401.75  8903.26  7.16
1062.1  122671.50  9012.60  7.35
1063.3  120851.10  8999.55  7.45
1064.5  121578.00  8986.20  7.39
1065.7  121902.75  8939.54  7.33
1066.9  121787.60  8995.68  7.39
1068.1  124984.20  8947.73  7.16
1069.3  124945.10  8862.39  7.09
1070.5  121921.70  9069.79  7.44
1071.7  121784.00  8981.57  7.38
1072.9  121644.90  8889.44  7.31
1074.1  122582.30  8709.80  7.11
1075.3  124741.80  9102.78  7.30
1076.5  121779.95  8886.65  7.30
