/*** Spectra Vista SIG Data ***/
name= 230505_1650_R941_T943.sig
instrument= HK: 9202056 (HR-512i)
integration= 20.0, 0.0, 0.0, 200.0, 0.0, 0.0
scan method= Time-based, Time-based
scan coadds= 250, 0, 0, 25, 0, 0
scan time= 5, 5
scan settings= AI, AI
external data set1= 0,0,0,0,0,0,0,0,0,0,0,0,0,0,0,0,0,0,0,0,0,0,0,0,0,0,0,0,0,0,0,0
external data set2= 0,0,0,0,0,0,0,0,0,0,0,0,0,0,0,0,0,0,0,0,0,0,0,0,0,0,0,0,0,0,0,0
external data dark= 0,0,0,0,0,0,0,0,0,0,0,0,0,0,0,0
external data mask= 0
optic= LENS 4(1), LENS 4(1)
temp= 25.7, 0.0, 0.0, 26.4, 0.0, 0.0
battery= 8.27, 8.28
error= 0, 0
units= Radiance, Radiance
time= 5/5/2023 4:49:27 PM, 5/5/2023 4:50:48 PM
longitude=                 ,                 
latitude=                 ,                 
gpstime=                 ,                 
comm= 
memory slot= 941, 943
factors= 1.000, 1.000, 1.000 [Overlap: Preserve, Matching Type: None]
inclinometer x offset= 5, 5
inclinometer y offset= -9, 18
data= 
339.7  36959.18  4271.44  11.56
341.4  39887.10  4588.32  11.50
343.0  41529.28  4768.79  11.48
344.7  42466.25  4847.56  11.42
346.4  44552.10  5067.61  11.37
348.0  46614.85  5279.10  11.32
349.7  48999.60  5517.72  11.26
351.3  52776.58  5919.44  11.22
353.0  55552.35  6190.31  11.14
354.6  59260.55  6531.02  11.02
356.2  58951.20  6441.44  10.93
357.9  55047.38  5961.90  10.83
359.5  55444.20  5955.80  10.74
361.2  59437.80  6322.91  10.64
362.8  62479.73  6608.32  10.58
364.5  66499.80  7007.96  10.54
366.1  72416.10  7605.51  10.50
367.7  76400.10  7995.78  10.47
369.4  76980.75  8056.13  10.47
371.0  77427.35  8109.47  10.47
372.6  75360.00  7906.91  10.49
374.3  71567.75  7518.70  10.51
375.9  72705.88  7667.17  10.55
377.5  79164.80  8366.28  10.57
379.1  83674.53  8827.14  10.55
380.8  81662.00  8597.12  10.53
382.4  75658.50  7969.50  10.53
384.0  68187.83  7225.20  10.60
385.6  71125.75  7578.66  10.66
387.3  75348.00  8040.24  10.67
388.9  79112.00  8441.61  10.67
390.5  85529.68  9109.93  10.65
392.1  88578.00  9403.09  10.62
393.8  80360.00  8500.00  10.58
395.4  81823.88  8665.28  10.59
397.0  86671.00  9159.22  10.57
398.6  98349.70  10358.71  10.53
400.2  120241.60  12559.99  10.45
401.8  134841.88  13937.44  10.34
403.4  142293.20  14562.63  10.23
405.0  143640.00  14541.00  10.12
406.6  143162.25  14356.65  10.03
408.3  144996.08  14396.66  9.93
409.9  148552.40  14611.36  9.84
411.5  151317.00  14764.28  9.76
413.1  157075.00  15225.00  9.69
414.7  159703.95  15405.29  9.65
416.3  161497.88  15537.36  9.62
417.9  161177.40  15492.60  9.61
419.5  159824.18  15373.71  9.62
421.1  160949.40  15506.44  9.63
422.7  161619.70  15597.67  9.65
424.3  160368.90  15503.15  9.67
425.9  159937.53  15495.89  9.69
427.5  157368.00  15272.68  9.71
429.1  152352.93  14804.90  9.72
430.7  142962.68  13922.33  9.74
432.3  145519.08  14239.36  9.79
433.9  155842.75  15269.54  9.80
435.5  162720.83  15952.46  9.80
437.1  170639.00  16735.20  9.81
438.7  170349.85  16721.07  9.82
440.3  170759.40  16799.35  9.84
441.9  176542.88  17403.75  9.86
443.5  183348.83  18086.88  9.86
445.0  187143.13  18466.31  9.87
446.6  187947.65  18562.42  9.88
448.2  191949.30  19002.12  9.90
449.8  196882.08  19535.56  9.92
451.4  201827.40  20070.88  9.94
453.0  200388.65  19972.62  9.97
454.6  197513.25  19757.38  10.00
456.2  198285.90  19921.63  10.05
457.8  200114.25  20185.79  10.09
459.3  199977.68  20245.73  10.12
460.9  200569.60  20390.70  10.17
462.5  202959.60  20720.28  10.21
464.1  202755.60  20775.36  10.25
465.7  200613.60  20632.56  10.28
467.2  198513.63  20497.25  10.33
468.8  197518.35  20471.34  10.36
470.4  196566.75  20436.30  10.40
472.0  197351.85  20580.52  10.43
473.6  199324.68  20837.85  10.45
475.1  200509.05  20989.73  10.47
476.7  200465.15  21017.18  10.48
478.3  201747.30  21214.24  10.52
479.9  203129.78  21452.24  10.56
481.5  204205.55  21678.97  10.62
483.0  203666.18  21715.50  10.66
484.6  199449.60  21336.96  10.70
486.2  190006.08  20391.18  10.73
487.8  185465.70  19988.64  10.78
489.3  189187.50  20450.63  10.81
490.9  193030.80  20900.82  10.83
492.5  193296.68  20965.81  10.85
494.0  194727.50  21160.88  10.87
495.6  196346.33  21370.44  10.88
497.2  196663.23  21427.43  10.90
498.8  194291.63  21191.94  10.91
500.3  191040.85  20852.97  10.92
501.9  187347.50  20454.10  10.92
503.5  186457.70  20332.39  10.90
505.0  187126.85  20390.19  10.90
506.6  188476.88  20532.89  10.89
508.2  187531.20  20412.00  10.88
509.7  187019.33  20332.98  10.87
511.3  186697.13  20247.21  10.84
512.9  184731.98  19968.26  10.81
514.4  181276.75  19556.60  10.79
516.0  177060.00  19093.50  10.78
517.5  171432.90  18516.62  10.80
519.1  171431.33  18554.54  10.82
520.7  175144.20  18978.96  10.84
522.2  177067.75  19204.33  10.85
523.8  179383.48  19475.41  10.86
525.4  180168.23  19577.90  10.87
526.9  177851.00  19348.26  10.88
528.5  179417.63  19539.80  10.89
530.0  182342.93  19861.61  10.89
531.6  183364.60  19960.94  10.89
533.2  182229.03  19830.27  10.88
534.7  183218.00  19931.80  10.88
536.3  183424.40  19942.33  10.87
537.8  182503.83  19816.76  10.86
539.4  180835.20  19596.00  10.84
541.0  179096.40  19357.26  10.81
542.5  179165.40  19320.00  10.78
544.1  180410.10  19402.47  10.75
545.6  180999.38  19397.25  10.72
547.2  180732.58  19302.84  10.68
548.7  180810.00  19240.20  10.64
550.3  181103.03  19202.52  10.60
551.8  181255.73  19151.84  10.57
553.4  181753.00  19156.28  10.54
554.9  182474.60  19186.71  10.51
556.5  181667.80  19063.22  10.49
558.0  179979.50  18850.50  10.47
559.6  178470.25  18650.28  10.45
561.1  179383.48  18703.12  10.43
562.7  180430.75  18748.71  10.39
564.2  181613.95  18799.99  10.35
565.8  181240.80  18667.30  10.30
567.3  180916.13  18506.75  10.23
568.9  180350.60  18280.77  10.14
570.4  179127.45  17995.03  10.05
572.0  179226.38  17847.30  9.96
573.5  180385.80  17788.89  9.86
575.1  180560.80  17627.44  9.76
576.6  180087.25  17394.15  9.66
578.2  179363.80  17139.48  9.56
579.7  179269.35  16955.16  9.46
581.2  180348.90  16881.08  9.36
582.8  182032.60  16844.62  9.25
584.3  182499.00  16659.23  9.13
585.9  181541.55  16301.99  8.98
587.4  179301.60  15767.46  8.79
588.9  174328.25  14924.18  8.56
590.5  171193.20  14292.58  8.35
592.0  171481.43  14028.93  8.18
593.6  172244.80  13847.86  8.04
595.1  172528.95  13633.18  7.90
596.6  173118.00  13477.92  7.79
598.2  173558.88  13317.94  7.67
599.7  173374.83  13126.23  7.57
601.2  172932.20  12932.80  7.48
602.8  173009.45  12800.13  7.40
604.3  173809.85  12751.68  7.34
605.8  174484.00  12711.63  7.29
607.4  174322.13  12633.57  7.25
608.9  173281.20  12506.81  7.22
610.5  172181.63  12385.29  7.19
612.0  171208.05  12282.08  7.17
613.5  169971.75  12152.81  7.15
615.0  168843.33  12034.56  7.13
616.6  167376.40  11894.76  7.11
618.1  167435.10  11863.53  7.09
619.6  168283.00  11882.60  7.06
621.2  168710.30  11863.01  7.03
622.7  167942.40  11754.24  7.00
624.2  166719.60  11613.87  6.97
625.8  165206.43  11431.83  6.92
627.3  164025.75  11235.31  6.85
628.8  162669.15  11024.56  6.78
630.3  161897.38  10922.33  6.75
631.8  161582.85  10897.12  6.74
633.4  162128.45  10952.37  6.76
634.9  162722.20  11017.82  6.77
636.4  163435.88  11085.94  6.78
638.0  164423.10  11165.18  6.79
639.5  164430.00  11172.00  6.79
641.0  164021.55  11144.40  6.79
642.5  163775.85  11116.95  6.79
644.0  163529.00  11074.65  6.77
645.5  162743.05  10954.90  6.73
647.1  161363.60  10745.22  6.66
648.6  159861.85  10544.78  6.60
650.1  159078.75  10462.91  6.58
651.6  159302.80  10468.86  6.57
653.1  159632.33  10480.98  6.57
654.7  158259.30  10367.91  6.55
656.2  153641.78  10031.06  6.53
657.7  151653.60  9907.28  6.53
659.2  153904.08  10066.52  6.54
660.7  156715.50  10259.09  6.55
662.2  159162.90  10413.65  6.54
663.7  160296.83  10484.58  6.54
665.2  160636.95  10511.90  6.54
666.8  160692.08  10534.50  6.56
668.3  160587.60  10550.18  6.57
669.8  160409.15  10560.96  6.58
671.3  159918.70  10546.68  6.60
672.8  159624.60  10527.91  6.60
674.3  159305.75  10488.98  6.58
675.8  159201.25  10456.03  6.57
677.3  158946.55  10406.52  6.55
678.8  158693.15  10360.68  6.53
680.3  158259.80  10297.87  6.51
681.8  157704.40  10229.12  6.49
683.3  156608.93  10115.16  6.46
684.8  154325.30  9899.20  6.41
686.3  147315.60  9243.81  6.27
687.8  138765.90  8454.81  6.09
689.3  135369.33  8124.36  6.00
690.8  135598.80  8119.92  5.99
692.3  137599.18  8231.55  5.98
693.8  138693.00  8254.74  5.95
695.3  139861.80  8345.87  5.97
696.8  141989.30  8573.31  6.04
698.3  142492.00  8624.00  6.05
699.8  141425.23  8497.71  6.01
701.3  140095.28  8386.04  5.99
702.8  140146.05  8417.96  6.01
704.2  141225.00  8532.68  6.04
705.7  142281.20  8624.24  6.06
707.2  142952.03  8707.01  6.09
708.7  143325.60  8768.28  6.12
710.2  143646.88  8829.94  6.15
711.7  143513.75  8848.90  6.17
713.2  142978.00  8811.84  6.16
714.7  141499.50  8645.70  6.11
716.2  136571.30  8104.97  5.93
717.6  127143.00  7168.50  5.64
719.1  118454.10  6403.73  5.41
720.6  116742.40  6296.80  5.39
722.1  120254.25  6654.45  5.53
723.6  120422.05  6635.11  5.51
725.0  118803.60  6450.75  5.43
726.5  118164.83  6369.29  5.39
728.0  117978.53  6354.18  5.39
729.5  118150.00  6385.66  5.40
731.0  119574.85  6517.70  5.45
732.4  123139.50  6914.33  5.62
733.9  127604.58  7421.30  5.82
735.4  130408.30  7729.89  5.93
736.8  131841.00  7911.60  6.00
738.3  132679.23  8066.28  6.08
739.8  133229.25  8220.71  6.17
741.2  133631.10  8370.81  6.26
742.7  134436.80  8529.32  6.34
744.2  135592.80  8690.64  6.41
745.7  136186.13  8783.81  6.45
747.1  136653.30  8850.53  6.48
748.6  136570.58  8869.12  6.49
750.0  136007.63  8842.77  6.50
751.5  135397.60  8810.62  6.51
753.0  135133.03  8798.57  6.51
754.4  135005.00  8788.50  6.51
755.9  134531.25  8753.13  6.51
757.3  133224.65  8631.55  6.48
758.8  123035.45  7762.12  6.31
760.3  94847.25  5508.30  5.81
761.7  73691.05  3800.46  5.16
763.2  66858.00  3118.50  4.66
764.6  69064.20  3173.49  4.59
766.1  81345.60  4136.16  5.08
767.5  97398.68  5489.07  5.64
769.0  111107.00  6678.75  6.01
770.4  120114.13  7492.85  6.24
771.9  125090.00  7962.50  6.37
773.3  127562.25  8210.54  6.44
774.8  128449.75  8322.60  6.48
776.2  128910.90  8379.57  6.50
777.7  128890.30  8393.96  6.51
779.1  128612.00  8376.80  6.51
780.5  128351.88  8356.93  6.51
782.0  128072.73  8339.71  6.51
783.4  127564.80  8290.56  6.50
784.9  127008.50  8231.24  6.48
786.3  126395.20  8136.10  6.44
787.8  125244.73  7977.02  6.37
789.2  123610.65  7775.25  6.29
790.6  122049.38  7606.04  6.23
792.0  120868.30  7517.83  6.22
793.5  119920.50  7499.79  6.25
794.9  119556.45  7520.63  6.29
796.3  119276.43  7446.59  6.24
797.8  119478.90  7433.06  6.22
799.2  119427.55  7428.75  6.22
800.6  118759.40  7346.32  6.19
802.1  118080.45  7253.25  6.14
803.5  117445.90  7194.33  6.13
804.9  117315.90  7219.81  6.15
806.3  117691.00  7316.59  6.22
807.8  117630.40  7346.93  6.25
809.2  116712.75  7250.34  6.21
810.6  115336.88  7064.06  6.12
812.0  113223.80  6778.81  5.99
813.4  109118.75  6305.94  5.78
814.8  103187.75  5721.25  5.54
816.3  97580.63  5217.13  5.35
817.7  94079.70  4947.15  5.26
819.1  93249.83  4926.73  5.28
820.5  95634.00  5214.83  5.45
821.9  96755.08  5339.43  5.52
823.3  93809.10  5078.34  5.41
824.7  95827.00  5294.75  5.53
826.1  99237.60  5617.92  5.66
827.5  99949.50  5642.51  5.65
828.9  99064.13  5548.10  5.60
830.3  99199.38  5570.68  5.62
831.7  99504.90  5630.75  5.66
833.2  99854.03  5701.19  5.71
834.5  101189.90  5863.34  5.79
835.9  103273.95  6082.60  5.89
837.3  105064.13  6259.29  5.96
838.7  106431.88  6419.81  6.03
840.1  107475.00  6548.81  6.09
841.5  108104.90  6637.51  6.14
842.9  108302.03  6701.60  6.19
844.3  108238.00  6734.98  6.22
845.7  108545.60  6814.42  6.28
847.1  108742.75  6885.76  6.33
848.5  108168.38  6853.00  6.34
849.9  106029.85  6710.75  6.33
851.2  104752.73  6642.08  6.34
852.6  104181.38  6591.40  6.33
854.0  100561.18  6372.44  6.34
855.4  98764.15  6270.61  6.35
856.8  101358.65  6476.16  6.39
858.2  103535.10  6646.07  6.42
859.5  104665.00  6729.70  6.43
860.9  104944.80  6762.72  6.44
862.3  105109.50  6758.94  6.43
863.7  105157.70  6774.24  6.44
865.0  103597.50  6670.23  6.44
866.4  99598.10  6415.89  6.44
867.8  98632.05  6367.27  6.46
869.1  100011.00  6481.85  6.48
870.5  101203.50  6559.13  6.48
871.9  101869.10  6591.53  6.47
873.2  101959.70  6614.66  6.49
874.6  101427.20  6576.92  6.48
876.0  101102.40  6539.56  6.47
877.3  101067.13  6551.59  6.48
878.7  100895.85  6530.98  6.47
880.0  100144.20  6495.84  6.49
881.4  99474.00  6417.34  6.45
882.8  99467.70  6424.85  6.46
884.1  99691.25  6433.44  6.45
885.5  99248.48  6401.36  6.45
886.8  98412.60  6328.11  6.43
888.2  98153.13  6304.24  6.42
889.5  98128.80  6303.41  6.42
890.9  97950.10  6261.44  6.39
892.2  96640.68  6096.87  6.31
893.6  94301.98  5806.83  6.16
894.9  90612.90  5386.50  5.94
896.2  85326.63  4842.86  5.68
897.6  80319.00  4415.70  5.50
898.9  75349.00  4041.90  5.36
900.3  72188.68  3754.82  5.20
901.6  71095.50  3663.66  5.15
903.0  73410.20  3865.06  5.27
904.3  78371.18  4332.08  5.53
905.6  80685.48  4492.87  5.57
907.0  78092.63  4221.59  5.41
908.3  74022.33  3872.15  5.23
909.6  71304.65  3634.60  5.10
911.0  70862.40  3627.48  5.12
912.3  70884.63  3622.68  5.11
913.6  69661.05  3483.05  5.00
914.9  68755.40  3430.44  4.99
916.2  68138.55  3354.97  4.92
917.6  68304.30  3339.99  4.89
918.9  70642.23  3585.51  5.08
920.2  74101.30  3944.85  5.32
921.5  75577.60  4123.84  5.46
922.9  75525.00  4134.00  5.47
924.2  74347.78  4015.75  5.40
925.5  73794.88  3927.00  5.32
926.8  73250.10  3836.91  5.24
928.1  69177.25  3441.99  4.98
929.4  62435.10  2898.77  4.64
930.7  54013.20  2307.36  4.27
932.0  44790.95  1713.12  3.82
933.4  36307.55  1277.15  3.52
934.7  31149.68  1063.19  3.41
936.0  29391.88  967.09  3.29
937.3  28689.95  924.24  3.22
938.6  32506.55  1128.97  3.47
939.9  38514.00  1414.80  3.67
941.2  40994.00  1492.50  3.64
942.5  40327.35  1459.08  3.62
943.8  37858.13  1365.38  3.61
945.1  36407.85  1304.79  3.58
946.4  35901.60  1260.83  3.51
947.7  36873.00  1279.71  3.47
949.0  37739.70  1368.34  3.63
950.2  38795.25  1435.20  3.70
951.5  39203.10  1458.72  3.72
952.8  39363.50  1435.61  3.65
954.1  40261.95  1459.79  3.63
955.4  40236.00  1460.95  3.63
956.7  41369.50  1581.78  3.82
958.0  42765.60  1755.12  4.10
959.3  43032.15  1786.72  4.15
960.5  44526.60  1816.89  4.08
961.8  46854.00  1952.25  4.17
963.1  48769.20  2093.90  4.29
964.4  50410.53  2183.56  4.33
965.7  51563.70  2249.06  4.36
966.9  54468.38  2458.06  4.51
968.2  59476.18  2959.58  4.98
969.5  63712.00  3301.44  5.18
970.8  66375.00  3628.50  5.47
972.0  67083.98  3670.07  5.47
973.3  65369.70  3467.97  5.31
974.6  63220.95  3223.64  5.10
975.8  61890.85  3158.35  5.10
977.1  62782.90  3253.00  5.18
978.4  63710.40  3351.43  5.26
979.6  64620.08  3417.08  5.29
980.9  66312.00  3660.98  5.52
982.2  68008.38  3876.13  5.70
983.4  69772.10  3992.12  5.72
984.7  71178.60  4182.66  5.88
985.9  72341.23  4310.49  5.96
987.2  73172.10  4443.96  6.07
988.5  73960.43  4578.50  6.19
989.7  74465.10  4684.10  6.29
991.0  74492.60  4706.95  6.32
992.2  74933.88  4772.33  6.37
993.5  74970.00  4755.24  6.34
994.7  75357.50  4863.19  6.45
996.0  75318.60  4886.74  6.49
997.2  75464.60  4831.58  6.40
998.5  75147.38  4868.04  6.48
999.7  75202.13  4851.75  6.45
1001.0  74655.00  4777.92  6.40
1002.2  73779.63  4782.96  6.48
1003.4  73403.35  4755.71  6.48
1004.7  72207.03  4779.17  6.62
1005.9  71226.30  4627.11  6.50
1007.2  71508.15  4663.58  6.52
1008.4  70980.30  4680.59  6.59
1009.6  71258.35  4767.65  6.69
1010.9  71438.50  4796.59  6.71
1012.1  71298.50  4838.11  6.79
1013.3  71358.00  4893.12  6.86
1014.6  71001.20  5056.92  7.12
1015.8  70835.40  4979.01  7.03
1017.1  71283.90  5010.54  7.03
1018.3  70893.40  4899.99  6.91
1019.5  70798.90  4913.66  6.94
1020.8  70265.13  5041.93  7.18
1022.0  69820.80  5018.37  7.19
1023.2  70125.30  5064.61  7.22
1024.4  69873.23  4999.06  7.15
1025.7  70195.13  4931.06  7.02
1026.9  70757.40  4994.64  7.06
1028.1  70739.70  5061.55  7.16
1029.3  70605.23  5061.08  7.17
1030.6  70482.50  5061.93  7.18
1031.8  70628.03  5016.57  7.10
1033.0  69844.30  5017.94  7.18
1034.2  70409.63  5019.30  7.13
1035.4  71010.23  5164.38  7.27
1036.7  70766.40  5012.62  7.08
1037.9  70510.28  4852.32  6.88
1039.1  70089.75  4906.28  7.00
1040.3  70591.40  5053.70  7.16
1041.5  70780.15  4938.15  6.98
1042.7  70137.08  5070.15  7.23
1043.9  70330.28  5036.00  7.16
1045.2  70365.30  5076.99  7.22
1046.4  70404.95  4846.06  6.88
1047.6  69334.30  4778.45  6.89
1048.8  70131.10  4803.50  6.85
1050.0  69988.25  4633.03  6.62
1051.2  69826.28  4857.48  6.96
1052.4  69463.93  4872.84  7.01
1053.6  68888.63  4769.21  6.92
1054.8  69577.60  4892.18  7.03
1056.0  69188.90  4686.99  6.77
1057.2  69495.78  4898.88  7.05
1058.4  68655.35  4538.24  6.61
1059.7  67998.15  4413.92  6.49
1060.9  67079.38  4512.61  6.73
1062.1  67594.50  4381.13  6.48
1063.3  66853.80  4499.78  6.73
1064.5  67396.50  4625.25  6.86
1065.7  67723.75  4740.66  7.00
1066.9  67813.55  4567.04  6.73
1068.1  68173.20  4544.88  6.67
1069.3  68283.95  4358.55  6.38
1070.5  66908.25  4311.87  6.44
1071.7  66981.20  4566.90  6.82
1072.9  67060.65  4366.74  6.51
1074.1  67742.85  4193.61  6.19
1075.3  67428.00  4045.68  6.00
1076.5  67472.68  4114.19  6.10
