/*** Spectra Vista SIG Data ***/
name= 230503_1823_R906_T908.sig
instrument= HK: 9202056 (HR-512i)
integration= 10.0, 0.0, 0.0, 500.0, 0.0, 0.0
scan method= Time-based, Time-based
scan coadds= 300, 0, 0, 6, 0, 0
scan time= 3, 3
scan settings= AI, AI
external data set1= 0,0,0,0,0,0,0,0,0,0,0,0,0,0,0,0,0,0,0,0,0,0,0,0,0,0,0,0,0,0,0,0
external data set2= 0,0,0,0,0,0,0,0,0,0,0,0,0,0,0,0,0,0,0,0,0,0,0,0,0,0,0,0,0,0,0,0
external data dark= 0,0,0,0,0,0,0,0,0,0,0,0,0,0,0,0
external data mask= 0
optic= LENS 4(1), LENS 4(1)
temp= 21.2, 0.0, 0.0, 22.8, 0.0, 0.0
battery= 8.28, 8.24
error= 0, 0
units= Radiance, Radiance
time= 5/3/2023 6:22:26 PM, 5/3/2023 6:23:05 PM
longitude= 07757.5909W     , 07757.6010W     
latitude= 3409.6846N      , 3409.6964N      
gpstime= 193119.000      , 193142.000      
comm= 
memory slot= 906, 908
factors= 1.000, 1.000, 1.000 [Overlap: Preserve, Matching Type: None]
inclinometer x offset= 3, 0
inclinometer y offset= -11, 3
data= 
339.7  56652.75  1773.32  3.13
341.4  61525.20  1901.37  3.09
343.0  64582.60  1964.11  3.04
344.7  66343.50  1999.92  3.01
346.4  69966.70  2079.10  2.97
348.0  73819.10  2161.64  2.93
349.7  77781.60  2246.40  2.89
351.3  84387.90  2406.01  2.85
353.0  89311.60  2508.21  2.81
354.6  96013.80  2659.24  2.77
356.2  96812.10  2632.48  2.72
357.9  91182.00  2434.86  2.67
359.5  91977.20  2409.34  2.62
361.2  99307.60  2563.41  2.58
362.8  105049.00  2662.87  2.53
364.5  112248.75  2817.75  2.51
366.1  122755.60  3051.91  2.49
367.7  130730.40  3217.61  2.46
369.4  132717.20  3239.16  2.44
371.0  134507.10  3257.98  2.42
372.6  131997.75  3176.90  2.41
374.3  125856.50  3016.82  2.40
375.9  127824.40  3059.97  2.39
377.5  139775.35  3333.02  2.38
379.1  149070.90  3535.24  2.37
380.8  146832.00  3451.62  2.35
382.4  137137.50  3214.71  2.34
384.0  123631.20  2890.08  2.34
385.6  128560.40  3019.81  2.35
387.3  136656.00  3201.12  2.34
388.9  143840.00  3346.08  2.33
390.5  155861.75  3614.61  2.32
392.1  162920.25  3752.91  2.30
393.8  148320.00  3396.80  2.29
395.4  149927.40  3435.45  2.29
397.0  158798.90  3640.18  2.29
398.6  178772.90  4075.99  2.28
400.2  219117.40  4957.94  2.26
401.8  246568.00  5524.47  2.24
403.4  261037.00  5787.67  2.22
405.0  263460.00  5793.60  2.20
406.6  262242.75  5720.72  2.18
408.3  264894.00  5736.40  2.17
409.9  271216.00  5828.46  2.15
411.5  275931.00  5888.12  2.13
413.1  286550.00  6080.00  2.12
414.7  291780.30  6164.05  2.11
416.3  295506.75  6223.36  2.11
417.9  295627.80  6217.88  2.10
419.5  293629.95  6167.94  2.10
421.1  296218.80  6225.69  2.10
422.7  298535.60  6271.67  2.10
424.3  296934.00  6241.34  2.10
425.9  297069.85  6245.73  2.10
427.5  293327.00  6169.11  2.10
429.1  285191.90  5995.96  2.10
430.7  268269.45  5647.58  2.11
432.3  272323.35  5748.67  2.11
433.9  292686.80  6185.64  2.11
435.5  306416.65  6468.50  2.11
437.1  322658.00  6799.72  2.11
438.7  323615.25  6809.43  2.10
440.3  324770.95  6838.01  2.11
441.9  336332.25  7082.37  2.11
443.5  350471.75  7372.40  2.10
445.0  359057.50  7535.33  2.10
446.6  361446.80  7575.70  2.10
448.2  369653.90  7748.02  2.10
449.8  380005.60  7965.69  2.10
451.4  390631.10  8186.55  2.10
453.0  389294.40  8161.69  2.10
454.6  384333.75  8064.35  2.10
456.2  386337.95  8125.60  2.10
457.8  390820.90  8235.71  2.11
459.3  391500.15  8266.58  2.11
460.9  393243.40  8323.15  2.12
462.5  398738.40  8466.82  2.12
464.1  399472.80  8501.09  2.13
465.7  396127.20  8448.86  2.13
467.2  392748.50  8401.84  2.14
468.8  391418.85  8397.48  2.15
470.4  390339.00  8392.41  2.15
472.0  392444.10  8453.33  2.15
473.6  397284.25  8570.42  2.16
475.1  400538.70  8655.57  2.16
476.7  401406.70  8689.54  2.16
478.3  404599.20  8778.41  2.17
479.9  407943.00  8872.96  2.18
481.5  410550.60  8958.67  2.18
483.0  410192.45  8976.08  2.19
484.6  402624.00  8838.14  2.20
486.2  384437.55  8466.25  2.20
487.8  374749.20  8297.86  2.21
489.3  382350.00  8500.50  2.22
490.9  390934.80  8715.22  2.23
492.5  392268.25  8765.14  2.23
494.0  395514.00  8864.39  2.24
495.6  399470.05  8978.61  2.25
497.2  400848.60  9039.41  2.26
498.8  396773.20  8975.90  2.26
500.3  390756.70  8870.71  2.27
501.9  383634.25  8742.66  2.28
503.5  382278.00  8742.03  2.29
505.0  384158.65  8813.07  2.29
506.6  387465.75  8916.80  2.30
508.2  386110.80  8918.42  2.31
509.7  385348.95  8935.78  2.32
511.3  385067.75  8962.09  2.33
512.9  381573.45  8915.08  2.34
514.4  374814.50  8792.54  2.35
516.0  366570.00  8647.20  2.36
517.5  355197.15  8419.69  2.37
519.1  354929.90  8456.85  2.38
520.7  362824.00  8672.66  2.39
522.2  367311.50  8804.13  2.40
523.8  372349.55  8956.70  2.41
525.4  374627.75  9045.03  2.41
526.9  370029.70  8969.32  2.42
528.5  373078.65  9086.25  2.44
530.0  379469.25  9280.88  2.45
531.6  382178.80  9379.95  2.45
533.2  380081.30  9366.63  2.46
534.7  382256.00  9464.00  2.48
536.3  383111.80  9523.17  2.49
537.8  381597.65  9522.66  2.50
539.4  378589.20  9485.02  2.51
541.0  375166.80  9438.65  2.52
542.5  375525.60  9483.36  2.53
544.1  378437.40  9593.62  2.54
545.6  379980.75  9666.99  2.54
547.2  379790.45  9697.93  2.55
548.7  380072.00  9745.68  2.56
550.3  380925.80  9806.33  2.57
551.8  381534.30  9860.13  2.58
553.4  382868.20  9931.64  2.59
554.9  384745.70  10020.79  2.60
556.5  383483.60  10027.86  2.61
558.0  380225.50  9978.08  2.62
559.6  377081.25  9937.69  2.64
561.1  379080.75  10031.29  2.65
562.7  381590.55  10132.65  2.66
564.2  384483.55  10239.12  2.66
565.8  384022.00  10257.75  2.67
567.3  383784.35  10281.01  2.68
568.9  383393.70  10292.69  2.68
570.4  381480.30  10264.51  2.69
572.0  382068.75  10310.48  2.70
573.5  385162.05  10415.12  2.70
575.1  386232.00  10468.54  2.71
576.6  385733.50  10477.36  2.72
578.2  384504.25  10473.11  2.72
579.7  384360.15  10498.87  2.73
581.2  386666.30  10594.53  2.74
582.8  390325.95  10725.08  2.75
584.3  391604.50  10784.21  2.75
585.9  390047.10  10756.07  2.76
587.4  386143.20  10656.36  2.76
588.9  377018.00  10396.16  2.76
590.5  371051.00  10228.56  2.76
592.0  372097.80  10265.81  2.76
593.6  374030.80  10325.22  2.76
595.1  374827.20  10345.94  2.76
596.6  375888.80  10379.17  2.76
598.2  376516.25  10390.95  2.76
599.7  375771.05  10360.08  2.76
601.2  374462.55  10309.47  2.75
602.8  374325.00  10297.15  2.75
604.3  375944.80  10342.07  2.75
605.8  377529.80  10387.23  2.75
607.4  377439.75  10397.00  2.75
608.9  375552.55  10360.96  2.76
610.5  373474.75  10319.47  2.76
612.0  371685.60  10291.75  2.77
613.5  369333.75  10248.97  2.77
615.0  367122.35  10211.12  2.78
616.6  364193.60  10155.76  2.79
618.1  364505.40  10183.32  2.79
619.6  366586.00  10268.36  2.80
621.2  367904.20  10323.93  2.81
622.7  366681.60  10309.63  2.81
624.2  364437.90  10266.34  2.82
625.8  361456.00  10202.56  2.82
627.3  359569.25  10162.61  2.83
628.8  357215.60  10112.14  2.83
630.3  355794.70  10097.76  2.84
631.8  355083.30  10099.18  2.84
633.4  356206.40  10164.42  2.85
634.9  357381.30  10230.48  2.86
636.4  358918.00  10309.38  2.87
638.0  361038.60  10403.32  2.88
639.5  361158.00  10435.32  2.89
641.0  360313.80  10440.97  2.90
642.5  359790.20  10453.81  2.91
644.0  359437.00  10470.50  2.91
645.5  358220.90  10451.75  2.92
647.1  356124.80  10400.34  2.92
648.6  353614.50  10337.57  2.92
650.1  351920.25  10307.60  2.93
651.6  352408.00  10345.69  2.94
653.1  353203.50  10380.59  2.94
654.7  350625.40  10300.44  2.94
656.2  340547.90  9997.18  2.94
657.7  335544.80  9842.14  2.93
659.2  339931.80  9967.35  2.93
660.7  345996.50  10132.55  2.93
662.2  351466.70  10276.08  2.92
663.7  354024.15  10348.92  2.92
665.2  354779.50  10379.92  2.93
666.8  355090.65  10404.07  2.93
668.3  355014.00  10427.44  2.94
669.8  354740.65  10449.85  2.95
671.3  353912.80  10449.46  2.95
672.8  353468.60  10456.70  2.96
674.3  353092.40  10465.03  2.96
675.8  352995.00  10477.74  2.97
677.3  352743.30  10480.61  2.97
678.8  352335.50  10481.66  2.97
680.3  351612.90  10467.32  2.98
681.8  350659.75  10456.90  2.98
683.3  348535.55  10403.25  2.98
684.8  344104.80  10284.41  2.99
686.3  329969.60  9852.48  2.99
687.8  311766.00  9298.38  2.98
689.3  304423.00  9077.74  2.98
690.8  304869.60  9100.27  2.98
692.3  309799.15  9245.73  2.98
693.8  313312.50  9328.64  2.98
695.3  316058.60  9387.85  2.97
696.8  320171.40  9498.92  2.97
698.3  321328.00  9496.48  2.96
699.8  319669.25  9398.78  2.94
701.3  316970.00  9267.55  2.92
702.8  316809.60  9208.90  2.91
704.2  318603.60  9204.10  2.89
705.7  320635.20  9189.18  2.87
707.2  321715.55  9143.16  2.84
708.7  322108.80  9063.05  2.81
710.2  322463.85  8972.12  2.78
711.7  321909.50  8841.41  2.75
713.2  320635.20  8671.41  2.70
714.7  317796.60  8448.08  2.66
716.2  309027.20  8035.57  2.60
717.6  291276.00  7375.32  2.53
719.1  273547.40  6754.40  2.47
720.6  269062.40  6499.71  2.42
722.1  275443.00  6538.91  2.37
723.6  276180.30  6420.69  2.32
725.0  273182.40  6204.80  2.27
726.5  271947.00  6036.78  2.22
728.0  271325.70  5885.92  2.17
729.5  271494.80  5742.37  2.12
731.0  274000.10  5646.44  2.06
732.4  280331.70  5649.27  2.02
733.9  288342.95  5698.11  1.98
735.4  293447.00  5696.72  1.94
736.8  295773.00  5649.84  1.91
738.3  296728.90  5607.68  1.89
739.8  296950.50  5568.26  1.88
741.2  296809.65  5542.61  1.87
742.7  297664.80  5549.17  1.86
744.2  299527.20  5577.77  1.86
745.7  300397.50  5590.83  1.86
747.1  301067.10  5593.89  1.86
748.6  300750.00  5585.53  1.86
750.0  299368.40  5555.54  1.86
751.5  297923.60  5528.33  1.86
753.0  297040.30  5500.11  1.85
754.4  296732.00  5495.68  1.85
755.9  295687.50  5471.25  1.85
757.3  293119.45  5413.47  1.85
758.8  273313.10  5011.80  1.83
760.3  214075.50  3845.49  1.80
761.7  167168.00  2947.64  1.76
763.2  152196.00  2662.44  1.75
764.6  156643.20  2739.92  1.75
766.1  182448.00  3237.70  1.77
767.5  216305.80  3901.38  1.80
769.0  245298.50  4468.94  1.82
770.4  264327.25  4843.35  1.83
771.9  274680.00  5055.40  1.84
773.3  279816.25  5159.09  1.84
774.8  281567.00  5206.63  1.85
776.2  282403.80  5233.07  1.85
777.7  282359.00  5231.69  1.85
779.1  281644.00  5237.72  1.86
780.5  281062.50  5242.00  1.87
782.0  280493.30  5242.75  1.87
783.4  279321.60  5233.15  1.87
784.9  278290.60  5228.16  1.88
786.3  277218.40  5219.71  1.88
787.8  275322.80  5179.07  1.88
789.2  272558.65  5133.85  1.88
790.6  269616.30  5087.10  1.89
792.0  267059.80  5066.31  1.90
793.5  264713.40  5048.93  1.91
794.9  263608.65  5053.86  1.92
796.3  263360.25  5064.55  1.92
797.8  263882.50  5093.15  1.93
799.2  263902.90  5114.08  1.94
800.6  262525.60  5102.12  1.94
802.1  261191.35  5087.97  1.95
803.5  260055.40  5076.24  1.95
804.9  259355.20  5073.59  1.96
806.3  259624.00  5100.60  1.96
807.8  259502.20  5104.60  1.97
809.2  257677.50  5062.61  1.96
810.6  255333.75  5014.20  1.96
812.0  251933.40  4925.86  1.96
813.4  244800.00  4738.75  1.94
814.8  233820.20  4475.43  1.91
816.3  222648.75  4215.48  1.89
817.7  215326.80  4031.51  1.87
819.1  212980.10  3973.20  1.87
820.5  216793.50  4051.74  1.87
821.9  219092.45  4074.39  1.86
823.3  213278.45  3907.52  1.83
824.7  216641.80  3939.82  1.82
826.1  223361.60  4026.18  1.80
827.5  225199.50  3995.48  1.77
828.9  223451.00  3878.58  1.74
830.3  223344.00  3812.88  1.71
831.7  223787.70  3749.46  1.68
833.2  224189.25  3701.45  1.65
834.5  226562.70  3704.44  1.64
835.9  230274.85  3752.42  1.63
837.3  233800.75  3784.82  1.62
838.7  236028.75  3805.28  1.61
840.1  237734.70  3828.98  1.61
841.5  238746.80  3832.74  1.61
842.9  238721.55  3833.70  1.61
844.3  238303.00  3806.27  1.60
845.7  238618.40  3808.19  1.60
847.1  238849.80  3796.39  1.59
848.5  237674.50  3766.04  1.58
849.9  232902.50  3688.54  1.58
851.2  230151.90  3636.34  1.58
852.6  229117.95  3615.95  1.58
854.0  221349.70  3486.34  1.58
855.4  216681.55  3394.29  1.57
856.8  221774.75  3480.94  1.57
858.2  226888.80  3540.01  1.56
859.5  229225.00  3570.72  1.56
860.9  229862.40  3567.07  1.55
862.3  230265.20  3576.38  1.55
863.7  230593.25  3581.82  1.55
865.0  227369.25  3522.32  1.55
866.4  218710.80  3376.39  1.54
867.8  215909.10  3330.00  1.54
869.1  218892.00  3377.73  1.54
870.5  221502.00  3414.19  1.54
871.9  223068.20  3425.28  1.54
873.2  223293.70  3401.27  1.52
874.6  222466.30  3395.43  1.53
876.0  221663.00  3350.02  1.51
877.3  221433.50  3360.10  1.52
878.7  221127.50  3348.80  1.51
880.0  219859.20  3322.87  1.51
881.4  218337.00  3283.49  1.50
882.8  218572.80  3265.79  1.49
884.1  218628.75  3269.70  1.50
885.5  217974.60  3247.73  1.49
886.8  216108.75  3205.06  1.48
888.2  215600.35  3158.85  1.47
889.5  215792.50  3157.39  1.46
890.9  215467.20  3162.95  1.47
892.2  213332.25  3110.22  1.46
893.6  209376.35  3030.88  1.45
894.9  203011.20  2911.10  1.43
896.2  192986.25  2718.80  1.41
897.6  183270.00  2563.32  1.40
898.9  173402.50  2395.20  1.38
900.3  166375.30  2295.88  1.38
901.6  163968.00  2249.44  1.37
903.0  167831.80  2319.04  1.38
904.3  177746.35  2457.47  1.38
905.6  182638.95  2530.89  1.39
907.0  178304.75  2470.91  1.39
908.3  170210.30  2347.92  1.38
909.6  164805.30  2252.89  1.37
911.0  163658.40  2227.10  1.36
912.3  163733.50  2207.84  1.35
913.6  161289.90  2156.31  1.34
914.9  159794.00  2111.04  1.32
916.2  158544.60  2102.05  1.33
917.6  158875.20  2088.25  1.31
918.9  162644.95  2160.46  1.33
920.2  169241.80  2258.62  1.33
921.5  171852.80  2289.28  1.33
922.9  171720.00  2302.32  1.34
924.2  169983.85  2264.30  1.33
925.5  168861.00  2231.85  1.32
926.8  168093.20  2212.45  1.32
928.1  160963.65  2071.94  1.29
929.4  147854.55  1831.89  1.24
930.7  130400.80  1608.16  1.23
932.0  110639.00  1349.08  1.22
933.4  91589.90  1087.40  1.19
934.7  79459.65  932.63  1.17
936.0  75091.50  864.69  1.15
937.3  73169.00  870.33  1.19
938.6  80974.40  957.68  1.18
939.9  94713.00  1123.98  1.19
941.2  101092.00  1146.24  1.13
942.5  100109.10  1142.95  1.14
943.8  94335.00  1084.03  1.15
945.1  90072.60  1027.00  1.14
946.4  89326.60  1034.31  1.16
947.7  91098.00  1067.15  1.17
949.0  93135.40  1050.53  1.13
950.2  95530.50  1076.40  1.13
951.5  97096.05  1066.69  1.10
952.8  96787.90  1111.44  1.15
954.1  98889.00  1139.58  1.15
955.4  99153.00  1159.18  1.17
956.7  101233.60  1187.55  1.17
958.0  104812.80  1216.22  1.16
959.3  104686.40  1207.92  1.15
960.5  107989.80  1259.03  1.17
961.8  111929.00  1301.50  1.16
963.1  116091.90  1357.06  1.17
964.4  119691.30  1401.79  1.17
965.7  122326.65  1448.17  1.18
966.9  127372.20  1508.36  1.18
968.2  137165.15  1696.07  1.24
969.5  145379.20  1772.35  1.22
970.8  150450.00  1840.80  1.22
972.0  152217.45  1841.05  1.21
973.3  149153.40  1829.12  1.23
974.6  145220.40  1777.70  1.22
975.8  142285.15  1722.74  1.21
977.1  143782.60  1756.62  1.22
978.4  146003.00  1778.58  1.22
979.6  146833.05  1826.96  1.24
980.9  149892.75  1906.47  1.27
982.2  154340.25  1945.11  1.26
983.4  156807.40  1970.88  1.26
984.7  159234.60  1981.26  1.24
985.9  160425.10  2009.06  1.25
987.2  163200.60  2099.39  1.29
988.5  164356.50  2160.11  1.31
989.7  164143.50  2177.90  1.33
991.0  165357.20  2210.22  1.34
992.2  164938.25  2160.11  1.31
993.5  165362.40  2142.00  1.30
994.7  165611.25  2120.53  1.28
996.0  164983.60  2169.89  1.32
997.2  165654.00  2171.91  1.31
998.5  164473.50  2174.08  1.32
999.7  164959.50  2192.99  1.33
1001.0  164241.00  2130.16  1.30
1002.2  163841.65  2177.77  1.33
1003.4  161280.60  2233.12  1.38
1004.7  158959.35  2119.46  1.33
1005.9  155970.00  2038.01  1.31
1007.2  156488.85  2114.15  1.35
1008.4  156362.40  2180.84  1.39
1009.6  156870.90  2255.66  1.44
1010.9  156144.15  2265.62  1.45
1012.1  156856.70  2240.81  1.43
1013.3  155968.20  2263.07  1.45
1014.6  155283.20  2267.95  1.46
1015.8  155016.60  2237.99  1.44
1017.1  153931.90  2252.16  1.46
1018.3  155339.95  2293.61  1.48
1019.5  155334.90  2240.20  1.44
1020.8  154476.00  2188.41  1.42
1022.0  153823.95  2269.18  1.48
1023.2  153607.80  2248.46  1.46
1024.4  153380.25  2249.58  1.47
1025.7  153153.00  2436.53  1.59
1026.9  153406.80  2330.83  1.52
1028.1  154895.55  2414.91  1.56
1029.3  153706.95  2249.37  1.46
1030.6  153780.00  2306.70  1.50
1031.8  154457.55  2323.46  1.50
1033.0  153250.60  2332.66  1.52
1034.2  153367.50  2230.80  1.45
1035.4  153496.85  2295.28  1.50
1036.7  153327.20  2299.91  1.50
1037.9  153151.35  2426.16  1.58
1039.1  154197.45  2429.78  1.58
1040.3  154017.60  2438.61  1.58
1041.5  153082.65  2403.23  1.57
1042.7  153794.55  2366.07  1.54
1043.9  154552.95  2361.71  1.53
1045.2  153200.40  2422.70  1.58
1046.4  153610.80  2413.88  1.57
1047.6  153659.80  2323.64  1.51
1048.8  153712.00  2382.54  1.55
1050.0  153777.00  2444.66  1.59
1051.2  153820.20  2388.26  1.55
1052.4  153442.70  2197.96  1.43
1053.6  152614.80  2289.22  1.50
1054.8  154375.30  2348.24  1.52
1056.0  154001.10  2410.45  1.57
1057.2  152662.85  2415.26  1.58
1058.4  151274.50  2420.39  1.60
1059.7  152697.60  2433.62  1.59
1060.9  151233.50  2390.47  1.58
1062.1  150210.00  2453.43  1.63
1063.3  149135.40  2468.45  1.66
1064.5  150651.00  2484.42  1.65
1065.7  148992.25  2654.77  1.78
1066.9  149466.60  2380.39  1.59
1068.1  150549.15  2272.44  1.51
1069.3  148190.70  2266.45  1.53
1070.5  148685.00  2438.43  1.64
1071.7  146140.80  2374.79  1.63
1072.9  149716.80  2557.66  1.71
1074.1  148389.10  2580.68  1.74
1075.3  151713.00  2629.69  1.73
1076.5  148110.75  2567.25  1.73
