/*** Spectra Vista SIG Data ***/
name= 230505_1713_R953_T958.sig
instrument= HK: 9202056 (HR-512i)
integration= 10.0, 0.0, 0.0, 70.0, 0.0, 0.0
scan method= Time-based, Time-based
scan coadds= 500, 0, 0, 71, 0, 0
scan time= 5, 5
scan settings= AI, AI
external data set1= 0,0,0,0,0,0,0,0,0,0,0,0,0,0,0,0,0,0,0,0,0,0,0,0,0,0,0,0,0,0,0,0
external data set2= 0,0,0,0,0,0,0,0,0,0,0,0,0,0,0,0,0,0,0,0,0,0,0,0,0,0,0,0,0,0,0,0
external data dark= 0,0,0,0,0,0,0,0,0,0,0,0,0,0,0,0
external data mask= 0
optic= LENS 4(1), LENS 4(1)
temp= 24.8, 0.0, 0.0, 26.1, 0.0, 0.0
battery= 8.24, 8.25
error= 0, 0
units= Radiance, Radiance
time= 5/5/2023 5:11:29 PM, 5/5/2023 5:13:54 PM
longitude=                 , 07748.7620W     
latitude=                 , 3411.0080N      
gpstime=                 , 182152.000      
comm= 
memory slot= 953, 958
factors= 1.000, 1.000, 1.000 [Overlap: Preserve, Matching Type: None]
inclinometer x offset= 3, 4
inclinometer y offset= -16, 0
data= 
339.7  44782.65  42136.29  94.09
341.4  48316.40  45312.14  93.78
343.0  50434.35  47034.01  93.26
344.7  51440.25  47662.93  92.66
346.4  54044.30  49713.76  91.99
348.0  56614.25  51698.58  91.32
349.7  59529.60  53833.37  90.43
351.3  64178.50  57565.58  89.70
353.0  67518.50  60050.40  88.94
354.6  72075.40  63433.04  88.01
356.2  71783.25  62617.50  87.23
357.9  67134.00  57722.36  85.98
359.5  67662.80  57312.51  84.70
361.2  72523.90  60765.63  83.79
362.8  76465.90  63326.05  82.82
364.5  81425.85  66829.18  82.07
366.1  88670.30  72156.17  81.38
367.7  93585.60  75547.29  80.73
369.4  94405.85  75548.55  80.03
371.0  94994.90  75323.30  79.29
372.6  92551.50  72651.75  78.50
374.3  87912.75  68298.75  77.69
375.9  89431.10  68674.41  76.79
377.5  97494.15  74217.00  76.12
379.1  103101.90  77928.40  75.58
380.8  100654.40  75452.80  74.96
382.4  93357.00  69330.21  74.26
384.0  84193.65  61872.94  73.49
385.6  87778.40  63794.70  72.68
387.3  92944.80  67017.60  72.10
388.9  97631.40  69775.24  71.47
390.5  105519.70  74692.75  70.79
392.1  109307.25  76780.29  70.24
393.8  99120.00  68937.14  69.55
395.4  100871.40  69094.50  68.50
397.0  106649.40  72274.80  67.77
398.6  120775.40  80734.53  66.85
400.2  147403.80  97479.66  66.13
401.8  164918.25  108012.25  65.49
403.4  173692.40  112531.60  64.79
405.0  174840.00  111908.57  64.01
406.6  173769.75  109791.00  63.18
408.3  175464.45  109407.90  62.35
409.9  179131.20  110377.71  61.62
411.5  181953.00  110870.68  60.93
413.1  188400.00  113614.29  60.30
414.7  191219.70  114250.20  59.75
416.3  193030.75  114363.86  59.25
417.9  192389.10  113120.57  58.80
419.5  190611.15  111237.45  58.36
421.1  191829.60  111145.49  57.94
422.7  192572.60  110841.66  57.56
424.3  191043.90  109238.06  57.18
425.9  190511.75  108244.40  56.82
427.5  187467.00  105837.43  56.46
429.1  181545.95  101820.86  56.09
430.7  170352.45  95036.76  55.79
432.3  173495.40  96028.40  55.35
433.9  185828.65  102214.75  55.00
435.5  194055.00  106175.81  54.71
437.1  203528.00  110688.57  54.38
438.7  203263.10  109964.50  54.10
440.3  203835.45  109610.40  53.77
441.9  210795.75  112635.32  53.43
443.5  219011.20  116294.77  53.10
445.0  223626.25  118026.96  52.78
446.6  224615.60  117869.64  52.48
448.2  229449.85  119691.46  52.16
449.8  235402.05  122122.00  51.88
451.4  241417.85  124518.44  51.58
453.0  239775.80  123071.22  51.33
454.6  236410.65  120721.44  51.06
456.2  237360.60  120569.89  50.80
457.8  239609.95  121099.68  50.54
459.3  239509.80  120480.79  50.30
460.9  240292.80  120280.13  50.06
462.5  243168.00  121146.86  49.82
464.1  243045.60  120517.37  49.59
465.7  240516.00  118739.66  49.37
467.2  238061.50  116981.61  49.14
468.8  236948.85  115852.50  48.89
470.4  235872.00  114765.43  48.66
472.0  236894.85  114668.94  48.40
473.6  239374.30  115264.91  48.15
475.1  240858.55  115369.89  47.90
476.7  240939.30  114789.71  47.64
478.3  242538.60  114979.84  47.41
479.9  244256.85  115352.68  47.23
481.5  245536.80  115599.69  47.08
483.0  244886.40  114928.54  46.93
484.6  239808.00  112149.94  46.77
486.2  228518.50  106503.90  46.61
487.8  223095.60  103539.60  46.41
489.3  227550.00  105155.36  46.21
490.9  232239.60  106880.91  46.02
492.5  232597.20  106691.28  45.87
494.0  234366.50  107085.79  45.69
495.6  236379.85  107573.20  45.51
497.2  236787.30  107357.43  45.34
498.8  234028.70  105706.09  45.17
500.3  230165.10  103544.80  44.99
501.9  225810.25  101159.82  44.80
503.5  224803.80  100245.97  44.59
505.0  225679.45  100207.22  44.40
506.6  227354.85  100586.70  44.24
508.2  226281.60  99801.26  44.10
509.7  225694.80  99250.39  43.98
511.3  225330.10  98823.61  43.86
512.9  222970.05  97514.74  43.73
514.4  218868.00  95430.14  43.60
516.0  213810.00  92918.57  43.46
517.5  207070.20  89735.01  43.34
519.1  207098.45  89428.58  43.18
520.7  211596.00  91066.80  43.04
522.2  214018.50  91826.79  42.91
523.8  216840.80  92760.06  42.78
525.4  217838.55  92918.86  42.65
526.9  215091.30  91516.46  42.55
528.5  217038.15  92036.19  42.41
530.0  220633.65  93251.66  42.27
531.6  221917.60  93529.31  42.15
533.2  220583.40  92726.10  42.04
534.7  221788.00  92976.00  41.92
536.3  222094.20  92848.03  41.81
537.8  221034.10  92161.40  41.70
539.4  219033.60  91076.06  41.58
541.0  216963.60  89948.40  41.46
542.5  217101.60  89731.54  41.33
544.1  218636.10  90116.01  41.22
545.6  219363.75  90175.61  41.11
547.2  219095.95  89852.06  41.01
548.7  219240.00  89680.00  40.90
550.3  219626.30  89625.58  40.81
551.8  219854.25  89500.95  40.71
553.4  220506.00  89534.34  40.60
554.9  221402.90  89660.19  40.50
556.5  220460.00  89043.31  40.39
558.0  218477.00  87998.50  40.28
559.6  216669.25  87035.75  40.17
561.1  217832.45  87239.44  40.05
562.7  219157.35  87507.72  39.93
564.2  220639.20  87829.95  39.81
565.8  220239.60  87422.09  39.69
567.3  219961.30  86995.19  39.55
568.9  219381.70  86405.89  39.39
570.4  218033.10  85525.01  39.23
572.0  218232.75  85274.14  39.07
573.5  219727.20  85512.30  38.92
575.1  220035.20  85319.77  38.78
576.6  219539.00  84846.64  38.65
578.2  218657.10  84291.88  38.55
579.7  218572.25  84097.10  38.48
581.2  219845.90  84503.14  38.44
582.8  221879.75  85211.53  38.40
584.3  222408.75  85334.93  38.37
585.9  221233.20  84744.00  38.31
587.4  218570.40  83453.14  38.18
588.9  212645.75  80812.96  38.00
590.5  208960.30  79014.43  37.81
592.0  209397.00  78879.88  37.67
593.6  210371.20  79043.71  37.57
595.1  210703.90  79024.31  37.50
596.6  211422.40  79203.54  37.46
598.2  211870.75  79329.29  37.44
599.7  211631.90  79207.99  37.43
601.2  211039.50  78941.60  37.41
602.8  211083.65  78908.73  37.38
604.3  212025.40  79169.76  37.34
605.8  212856.00  79360.74  37.28
607.4  212649.30  79169.40  37.23
608.9  211433.85  78577.60  37.16
610.5  210118.70  77953.54  37.10
612.0  208924.95  77381.57  37.04
613.5  207408.00  76676.46  36.97
615.0  206012.45  76018.15  36.90
616.6  204280.80  75237.60  36.83
618.1  204384.60  75119.40  36.75
619.6  205390.00  75343.14  36.68
621.2  205898.00  75384.97  36.61
622.7  204979.20  74890.97  36.54
624.2  203523.30  74193.43  36.45
625.8  201722.05  73331.72  36.35
627.3  200410.50  72550.82  36.20
628.8  198857.40  71653.30  36.03
630.3  197912.30  71139.54  35.94
631.8  197510.30  70933.76  35.91
633.4  198046.20  71166.86  35.93
634.9  198682.00  71438.73  35.96
636.4  199513.75  71765.88  35.97
638.0  200618.70  72182.70  35.98
639.5  200592.00  72192.00  35.99
641.0  200061.40  71988.95  35.98
642.5  199750.60  71845.80  35.97
644.0  199391.00  71668.71  35.94
645.5  198443.90  71222.31  35.89
647.1  196854.00  70457.60  35.79
648.6  195091.60  69669.30  35.71
650.1  194080.50  69263.89  35.69
651.6  194408.75  69357.85  35.68
653.1  194791.50  69528.92  35.69
654.7  193115.70  68956.51  35.71
656.2  187400.15  66918.54  35.71
657.7  184976.80  66026.06  35.69
659.2  187617.30  66992.62  35.71
660.7  191047.75  68200.64  35.70
662.2  193987.30  69209.03  35.68
663.7  195350.40  69622.65  35.64
665.2  195676.60  69696.66  35.62
666.8  195741.95  69653.12  35.58
668.3  195648.90  69556.76  35.55
669.8  195359.45  69411.10  35.53
671.3  194779.70  69146.83  35.50
672.8  194437.40  68926.24  35.45
674.3  194011.20  68669.53  35.39
675.8  193920.00  68499.64  35.32
677.3  193669.00  68313.40  35.27
678.8  193358.00  68103.67  35.22
680.3  192830.10  67833.10  35.18
681.8  192162.60  67519.65  35.14
683.3  190832.95  66931.39  35.07
684.8  188138.60  65835.83  34.99
686.3  179781.40  62508.09  34.77
687.8  169696.80  58336.20  34.38
689.3  165729.20  56535.70  34.11
690.8  165986.40  56509.03  34.04
692.3  168346.20  57351.14  34.07
693.8  169717.90  57792.73  34.05
695.3  171054.00  58295.71  34.08
696.8  173489.40  59299.03  34.18
698.3  173992.00  59560.00  34.23
699.8  172726.75  59054.25  34.19
701.3  171109.15  58444.27  34.16
702.8  171226.50  58482.10  34.15
704.2  172429.00  58980.17  34.21
705.7  173664.00  59465.37  34.24
707.2  174407.35  59802.91  34.29
708.7  174831.60  60021.60  34.33
710.2  175102.20  60199.97  34.38
711.7  174945.00  60187.50  34.40
713.2  174307.20  59970.74  34.41
714.7  172484.40  59292.47  34.38
716.2  166672.40  56981.89  34.19
717.6  155412.00  52526.57  33.80
719.1  145039.20  48447.06  33.40
720.6  142908.80  47584.46  33.30
722.1  147095.50  49244.64  33.48
723.6  147252.40  49347.21  33.51
725.0  145375.20  48555.13  33.40
726.5  144671.40  48208.07  33.32
728.0  144352.80  48099.15  33.32
729.5  144560.00  48213.14  33.35
731.0  146271.15  48860.77  33.40
732.4  150404.10  50554.11  33.61
733.9  155695.05  52751.65  33.88
735.4  158959.90  54165.49  34.07
736.8  160626.00  54907.29  34.18
738.3  161612.30  55391.91  34.27
739.8  162104.25  55737.00  34.38
741.2  162423.90  56034.84  34.50
742.7  163286.40  56464.46  34.58
744.2  164640.00  57027.60  34.64
745.7  165307.50  57328.61  34.68
747.1  165786.90  57525.21  34.70
748.6  165653.10  57494.81  34.71
750.0  164907.35  57227.61  34.70
751.5  164175.70  56936.47  34.68
753.0  163784.55  56784.27  34.67
754.4  163618.00  56676.86  34.64
755.9  163062.50  56428.57  34.61
757.3  161471.05  55808.26  34.56
758.8  149322.90  51329.18  34.37
760.3  115519.50  38801.36  33.59
761.7  90375.20  29030.51  32.12
763.2  82368.00  25447.71  30.90
764.6  85114.80  26059.63  30.62
766.1  99792.00  31401.60  31.47
767.5  118873.20  38703.58  32.56
769.0  135082.00  45063.21  33.36
770.4  145702.00  49315.89  33.85
771.9  151480.00  51700.00  34.13
773.3  154305.75  52900.79  34.28
774.8  155369.50  53359.43  34.34
776.2  155878.80  53574.30  34.37
777.7  155809.50  53577.15  34.39
779.1  155474.00  53406.86  34.35
780.5  155071.55  53289.45  34.36
782.0  154734.00  53138.34  34.34
783.4  154137.60  52871.31  34.30
784.9  153499.40  52592.80  34.26
786.3  152714.40  52255.66  34.22
787.8  151395.60  51674.36  34.13
789.2  149514.65  50871.29  34.02
790.6  147607.95  50097.39  33.94
792.0  146191.50  49551.60  33.89
793.5  145089.00  49200.94  33.91
794.9  144567.90  49065.17  33.94
796.3  144302.20  48866.09  33.86
797.8  144581.00  48873.70  33.80
799.2  144520.40  48859.94  33.81
800.6  143628.80  48508.74  33.77
802.1  142738.70  48146.73  33.73
803.5  142089.20  47854.09  33.68
804.9  141798.80  47811.40  33.72
806.3  142226.25  48023.18  33.77
807.8  142169.85  48042.82  33.79
809.2  141065.80  47623.42  33.76
810.6  139431.75  46927.39  33.66
812.0  137038.40  45868.47  33.47
813.4  132175.00  43866.07  33.19
814.8  125121.90  41120.74  32.86
816.3  118416.15  38545.33  32.55
817.7  114259.60  36973.86  32.36
819.1  113309.05  36644.01  32.34
820.5  116077.50  37768.50  32.54
821.9  117350.00  38356.69  32.69
823.3  113859.90  37049.65  32.54
824.7  116205.40  37897.59  32.61
826.1  120243.20  39441.60  32.80
827.5  121116.75  39811.61  32.87
828.9  120124.00  39374.79  32.78
830.3  120202.50  39384.32  32.76
831.7  120612.00  39573.47  32.81
833.2  120942.45  39762.94  32.88
834.5  122535.70  40433.50  33.00
835.9  124943.65  41399.71  33.13
837.3  126996.00  42232.54  33.26
838.7  128537.50  42859.29  33.34
840.1  129829.80  43358.49  33.40
841.5  130569.20  43661.54  33.44
842.9  130640.70  43771.59  33.51
844.3  130513.50  43803.50  33.56
845.7  130830.80  43985.66  33.62
847.1  131106.10  44089.94  33.63
848.5  130362.75  43877.00  33.66
849.9  127899.00  43039.03  33.65
851.2  126439.50  42481.84  33.60
852.6  125666.25  42274.82  33.64
854.0  121364.10  40807.09  33.62
855.4  119083.25  40043.38  33.63
856.8  122102.60  41054.23  33.62
858.2  124891.35  41955.88  33.59
859.5  126117.00  42434.43  33.65
860.9  126494.40  42548.57  33.64
862.3  126663.60  42601.34  33.63
863.7  126871.15  42657.83  33.62
865.0  124862.25  42036.18  33.67
866.4  120033.20  40449.40  33.70
867.8  118768.65  40006.84  33.68
869.1  120390.60  40543.54  33.68
870.5  121826.10  41026.97  33.68
871.9  122745.50  41283.36  33.63
873.2  122703.90  41264.74  33.63
874.6  122227.70  41063.30  33.60
876.0  121764.20  40951.06  33.63
877.3  121686.85  40891.19  33.60
878.7  121568.70  40846.14  33.60
880.0  120756.00  40569.26  33.60
881.4  119916.75  40223.14  33.54
882.8  119958.90  40220.08  33.53
884.1  120235.00  40222.50  33.45
885.5  119492.10  40049.55  33.52
886.8  118582.75  39643.69  33.43
888.2  118008.10  39517.65  33.49
889.5  118118.00  39524.10  33.46
890.9  117862.40  39429.97  33.45
892.2  116575.00  38902.74  33.37
893.6  113776.10  37801.72  33.22
894.9  109645.20  36046.80  32.88
896.2  103411.50  33638.21  32.53
897.6  97170.00  31347.43  32.26
898.9  91566.50  29227.14  31.92
900.3  87738.95  27777.38  31.66
901.6  86339.40  27303.60  31.62
903.0  89233.60  28311.66  31.73
904.3  95043.10  30493.31  32.08
905.6  97566.95  31446.26  32.23
907.0  94682.25  30366.14  32.07
908.3  90030.85  28576.88  31.74
909.6  86564.40  27388.28  31.64
911.0  86328.40  27196.06  31.50
912.3  86145.50  27139.50  31.50
913.6  84691.65  26510.01  31.30
914.9  83562.00  26052.91  31.18
916.2  82835.10  25872.71  31.23
917.6  83048.40  25920.39  31.21
918.9  85747.15  26940.39  31.42
920.2  90035.40  28509.00  31.66
921.5  91884.80  29344.00  31.94
922.9  91584.00  29392.29  32.09
924.2  90314.00  28845.19  31.94
925.5  89666.50  28611.00  31.91
926.8  89029.60  28237.00  31.72
928.1  84025.05  26369.31  31.38
929.4  75814.05  23376.41  30.83
930.7  65724.80  19927.20  30.32
932.0  54605.70  16111.49  29.51
933.4  44517.80  12771.50  28.69
934.7  38424.15  10765.16  28.02
936.0  36028.75  10077.21  27.97
937.3  35044.10  9737.53  27.79
938.6  39708.60  11178.47  28.15
939.9  47160.00  13530.43  28.69
941.2  50148.00  14441.71  28.80
942.5  49851.90  14127.60  28.34
943.8  46753.75  13299.11  28.45
945.1  44615.40  12627.00  28.30
946.4  44022.20  12455.66  28.29
947.7  45115.20  12828.09  28.43
949.0  46347.00  13178.94  28.44
950.2  47541.00  13455.00  28.30
951.5  48320.10  13805.74  28.57
952.8  48162.40  13760.69  28.57
954.1  49444.50  14194.27  28.71
955.4  49337.00  14233.14  28.85
956.7  50616.80  14740.06  29.12
958.0  52900.80  15538.29  29.37
959.3  52846.50  15458.50  29.25
960.5  54762.60  16085.14  29.37
961.8  57266.00  16807.94  29.35
963.1  59371.20  17644.76  29.72
964.4  60923.95  18331.10  30.09
965.7  63083.25  18885.79  29.94
966.9  65920.70  20031.59  30.39
968.2  72282.05  22278.16  30.82
969.5  77612.80  24160.91  31.13
970.8  80240.00  25370.00  31.62
972.0  81222.75  25613.10  31.53
973.3  79180.20  24990.43  31.56
974.6  76365.90  24054.36  31.50
975.8  75289.90  23425.55  31.11
977.1  76120.20  23700.43  31.14
978.4  76983.40  24270.63  31.53
979.6  77814.75  24552.73  31.55
980.9  80127.00  25557.75  31.90
982.2  83160.50  26277.11  31.60
983.4  84877.40  26922.37  31.72
984.7  85854.60  27569.91  32.11
985.9  87709.05  28379.61  32.36
987.2  88879.20  28896.69  32.51
988.5  89222.10  29069.86  32.58
989.7  89678.40  29168.36  32.53
991.0  90864.60  29352.66  32.30
992.2  90423.00  29542.96  32.67
993.5  90820.80  29620.80  32.61
994.7  90253.75  29792.50  33.01
996.0  91458.30  29717.54  32.49
997.2  91109.70  29712.54  32.61
998.5  90744.00  29842.89  32.89
999.7  91212.90  29803.61  32.67
1001.0  90581.40  29577.60  32.65
1002.2  89553.20  29221.09  32.63
1003.4  88911.10  29095.49  32.72
1004.7  87271.80  28645.34  32.82
1005.9  86303.40  28223.14  32.70
1007.2  86017.05  28277.55  32.87
1008.4  86410.80  28215.77  32.65
1009.6  86125.20  28268.99  32.82
1010.9  86746.75  28138.02  32.44
1012.1  86576.75  28373.89  32.77
1013.3  85629.60  28397.57  33.16
1014.6  85814.40  28312.91  32.99
1015.8  85207.80  28304.83  33.22
1017.1  85747.30  28336.46  33.05
1018.3  85489.10  28148.85  32.93
1019.5  85592.70  28228.99  32.98
1020.8  84747.25  28198.00  33.27
1022.0  85094.10  28053.00  32.97
1023.2  85708.70  28145.53  32.84
1024.4  85211.25  27916.83  32.76
1025.7  84698.25  28011.75  33.07
1026.9  85622.40  28031.14  32.74
1028.1  84155.85  28226.19  33.54
1029.3  84976.20  28027.86  32.98
1030.6  84579.00  28009.93  33.12
1031.8  85809.75  28100.34  32.75
1033.0  85440.60  28092.71  32.88
1034.2  86443.50  28283.36  32.72
1035.4  86073.00  27871.26  32.38
1036.7  85509.40  28011.70  32.76
1037.9  84915.60  28160.79  33.16
1039.1  85665.25  28035.90  32.73
1040.3  85030.55  28190.72  33.15
1041.5  83948.55  27747.70  33.05
1042.7  84502.50  28006.54  33.14
1043.9  85090.95  27288.64  32.07
1045.2  85507.20  27738.94  32.44
1046.4  85948.90  27691.74  32.22
1047.6  86199.40  27840.80  32.30
1048.8  86463.00  27723.06  32.06
1050.0  84774.50  27882.64  32.89
1051.2  85005.90  27757.03  32.65
1052.4  85015.55  27844.81  32.75
1053.6  84786.00  27555.45  32.50
1054.8  84797.70  27334.06  32.23
1056.0  84812.20  27420.49  32.33
1057.2  84306.35  27342.60  32.43
1058.4  86110.10  27262.66  31.66
1059.7  83506.50  27608.27  33.06
1060.9  82934.50  26831.75  32.35
1062.1  82615.50  26823.21  32.47
1063.3  82281.60  26814.99  32.59
1064.5  81933.00  26430.00  32.26
1065.7  83977.45  26702.51  31.80
1066.9  83037.00  26888.17  32.38
1068.1  82375.95  26782.33  32.51
1069.3  84265.30  26566.40  31.53
1070.5  83263.60  25913.67  31.12
1071.7  82204.20  26096.57  31.75
1072.9  84215.70  26289.56  31.22
1074.1  83872.10  26267.64  31.32
1075.3  80913.60  26489.57  32.74
1076.5  82283.75  26330.80  32.00
