/*** Spectra Vista SIG Data ***/
name= 230505_1714_R953_T959.sig
instrument= HK: 9202056 (HR-512i)
integration= 10.0, 0.0, 0.0, 50.0, 0.0, 0.0
scan method= Time-based, Time-based
scan coadds= 500, 0, 0, 100, 0, 0
scan time= 5, 5
scan settings= AI, AI
external data set1= 0,0,0,0,0,0,0,0,0,0,0,0,0,0,0,0,0,0,0,0,0,0,0,0,0,0,0,0,0,0,0,0
external data set2= 0,0,0,0,0,0,0,0,0,0,0,0,0,0,0,0,0,0,0,0,0,0,0,0,0,0,0,0,0,0,0,0
external data dark= 0,0,0,0,0,0,0,0,0,0,0,0,0,0,0,0
external data mask= 0
optic= LENS 4(1), LENS 4(1)
temp= 24.8, 0.0, 0.0, 25.7, 0.0, 0.0
battery= 8.24, 8.24
error= 0, 0
units= Radiance, Radiance
time= 5/5/2023 5:11:29 PM, 5/5/2023 5:14:17 PM
longitude=                 , 07748.8316W     
latitude=                 , 3411.0292N      
gpstime=                 , 182216.000      
comm= 
memory slot= 953, 959
factors= 1.000, 1.000, 1.000 [Overlap: Preserve, Matching Type: None]
inclinometer x offset= 3, 3
inclinometer y offset= -16, 12
data= 
339.7  44782.65  43271.91  96.63
341.4  48316.40  46613.16  96.47
343.0  50434.35  48403.66  95.97
344.7  51440.25  49100.60  95.45
346.4  54044.30  51196.64  94.73
348.0  56614.25  53320.33  94.18
349.7  59529.60  55570.32  93.35
351.3  64178.50  59481.18  92.68
353.0  67518.50  62090.28  91.96
354.6  72075.40  65674.48  91.12
356.2  71783.25  64846.32  90.34
357.9  67134.00  59844.45  89.14
359.5  67662.80  59484.32  87.91
361.2  72523.90  63082.34  86.98
362.8  76465.90  65789.99  86.04
364.5  81425.85  69533.55  85.39
366.1  88670.30  75133.22  84.73
367.7  93585.60  78775.92  84.18
369.4  94405.85  78866.48  83.54
371.0  94994.90  78764.14  82.91
372.6  92551.50  76090.05  82.21
374.3  87912.75  71567.75  81.41
375.9  89431.10  71958.70  80.46
377.5  97494.15  77837.89  79.84
379.1  103101.90  81824.82  79.36
380.8  100654.40  79374.40  78.86
382.4  93357.00  73050.30  78.25
384.0  84193.65  65167.29  77.40
385.6  87778.40  67212.62  76.57
387.3  92944.80  70668.00  76.03
388.9  97631.40  73664.06  75.45
390.5  105519.70  78958.44  74.83
392.1  109307.25  81301.95  74.38
393.8  99120.00  73072.00  73.72
395.4  100871.40  73200.75  72.57
397.0  106649.40  76608.35  71.83
398.6  120775.40  85569.16  70.85
400.2  147403.80  103459.00  70.19
401.8  164918.25  114814.70  69.62
403.4  173692.40  119802.90  68.97
405.0  174840.00  119256.00  68.21
406.6  173769.75  117082.35  67.38
408.3  175464.45  116731.44  66.53
409.9  179131.20  117866.40  65.80
411.5  181953.00  118445.40  65.10
413.1  188400.00  121460.00  64.47
414.7  191219.70  122256.96  63.94
416.3  193030.75  122475.65  63.45
417.9  192389.10  121240.92  63.02
419.5  190611.15  119315.46  62.60
421.1  191829.60  119292.16  62.19
422.7  192572.60  119096.56  61.85
424.3  191043.90  117481.16  61.49
425.9  190511.75  116515.30  61.16
427.5  187467.00  114060.20  60.84
429.1  181545.95  109916.90  60.54
430.7  170352.45  102627.81  60.24
432.3  173495.40  103629.37  59.73
433.9  185828.65  110390.84  59.40
435.5  194055.00  114751.19  59.13
437.1  203528.00  119783.60  58.85
438.7  203263.10  119142.16  58.61
440.3  203835.45  118791.47  58.28
441.9  210795.75  122139.90  57.94
443.5  219011.20  126223.66  57.63
445.0  223626.25  128254.75  57.35
446.6  224615.60  128169.91  57.06
448.2  229449.85  130224.89  56.76
449.8  235402.05  132978.17  56.49
451.4  241417.85  135734.12  56.22
453.0  239775.80  134301.75  56.01
454.6  236410.65  131815.38  55.76
456.2  237360.60  131721.38  55.49
457.8  239609.95  132428.19  55.27
459.3  239509.80  131860.47  55.05
460.9  240292.80  131721.48  54.82
462.5  243168.00  132779.52  54.60
464.1  243045.60  132224.64  54.40
465.7  240516.00  130372.32  54.21
467.2  238061.50  128525.50  53.99
468.8  236948.85  127364.58  53.75
470.4  235872.00  126238.50  53.52
472.0  236894.85  126214.80  53.28
473.6  239374.30  126962.33  53.04
475.1  240858.55  127176.83  52.80
476.7  240939.30  126603.30  52.55
478.3  242538.60  126886.98  52.32
479.9  244256.85  127394.10  52.16
481.5  245536.80  127770.94  52.04
483.0  244886.40  127158.50  51.93
484.6  239808.00  124247.04  51.81
486.2  228518.50  118089.51  51.68
487.8  223095.60  114768.36  51.44
489.3  227550.00  116587.50  51.24
490.9  232239.60  118615.92  51.07
492.5  232597.20  118480.12  50.94
494.0  234366.50  118975.40  50.76
495.6  236379.85  119606.69  50.60
497.2  236787.30  119463.15  50.45
498.8  234028.70  117696.26  50.29
500.3  230165.10  115384.44  50.13
501.9  225810.25  112771.55  49.94
503.5  224803.80  111790.12  49.73
505.0  225679.45  111795.87  49.54
506.6  227354.85  112307.58  49.40
508.2  226281.60  111501.36  49.28
509.7  225694.80  110949.57  49.16
511.3  225330.10  110532.27  49.05
512.9  222970.05  109159.38  48.96
514.4  218868.00  106865.90  48.83
516.0  213810.00  104100.00  48.69
517.5  207070.20  100556.28  48.56
519.1  207098.45  100246.77  48.41
520.7  211596.00  102163.60  48.28
522.2  214018.50  103090.00  48.17
523.8  216840.80  104165.32  48.04
525.4  217838.55  104391.72  47.92
526.9  215091.30  102819.56  47.80
528.5  217038.15  103397.82  47.64
530.0  220633.65  104807.43  47.50
531.6  221917.60  105170.88  47.39
533.2  220583.40  104290.12  47.28
534.7  221788.00  104596.80  47.16
536.3  222094.20  104500.20  47.05
537.8  221034.10  103764.92  46.95
539.4  219033.60  102589.20  46.84
541.0  216963.60  101319.60  46.70
542.5  217101.60  101082.24  46.56
544.1  218636.10  101548.20  46.45
545.6  219363.75  101648.25  46.34
547.2  219095.95  101318.30  46.24
548.7  219240.00  101158.40  46.14
550.3  219626.30  101126.06  46.04
551.8  219854.25  101016.72  45.95
553.4  220506.00  101089.56  45.84
554.9  221402.90  101271.38  45.74
556.5  220460.00  100634.88  45.65
558.0  218477.00  99503.50  45.54
559.6  216669.25  98436.80  45.43
561.1  217832.45  98696.22  45.31
562.7  219157.35  99050.26  45.20
564.2  220639.20  99478.91  45.09
565.8  220239.60  99054.44  44.98
567.3  219961.30  98620.91  44.84
568.9  219381.70  98019.08  44.68
570.4  218033.10  97068.51  44.52
572.0  218232.75  96813.30  44.36
573.5  219727.20  97135.50  44.21
575.1  220035.20  96969.92  44.07
576.6  219539.00  96465.40  43.94
578.2  218657.10  95860.94  43.84
579.7  218572.25  95659.68  43.77
581.2  219845.90  96142.54  43.73
582.8  221879.75  96985.51  43.71
584.3  222408.75  97186.75  43.70
585.9  221233.20  96569.64  43.65
587.4  218570.40  95165.28  43.54
588.9  212645.75  92178.15  43.35
590.5  208960.30  90078.34  43.11
592.0  209397.00  89913.60  42.94
593.6  210371.20  90131.08  42.84
595.1  210703.90  90133.12  42.78
596.6  211422.40  90375.68  42.75
598.2  211870.75  90565.45  42.75
599.7  211631.90  90464.05  42.75
601.2  211039.50  90213.20  42.75
602.8  211083.65  90187.37  42.73
604.3  212025.40  90525.44  42.70
605.8  212856.00  90782.36  42.65
607.4  212649.30  90600.12  42.61
608.9  211433.85  89953.76  42.54
610.5  210118.70  89265.44  42.48
612.0  208924.95  88638.42  42.43
613.5  207408.00  87872.75  42.37
615.0  206012.45  87153.64  42.31
616.6  204280.80  86261.92  42.23
618.1  204384.60  86146.20  42.15
619.6  205390.00  86427.20  42.08
621.2  205898.00  86515.36  42.02
622.7  204979.20  86000.64  41.96
624.2  203523.30  85225.14  41.87
625.8  201722.05  84241.06  41.76
627.3  200410.50  83343.45  41.59
628.8  198857.40  82335.19  41.40
630.3  197912.30  81761.67  41.31
631.8  197510.30  81526.90  41.28
633.4  198046.20  81807.00  41.31
634.9  198682.00  82141.05  41.34
636.4  199513.75  82542.87  41.37
638.0  200618.70  83041.38  41.39
639.5  200592.00  83067.60  41.41
641.0  200061.40  82862.01  41.42
642.5  199750.60  82709.90  41.41
644.0  199391.00  82517.00  41.38
645.5  198443.90  82027.52  41.34
647.1  196854.00  81148.32  41.22
648.6  195091.60  80222.86  41.12
650.1  194080.50  79729.65  41.08
651.6  194408.75  79840.19  41.07
653.1  194791.50  80071.74  41.11
654.7  193115.70  79495.08  41.16
656.2  187400.15  77152.59  41.17
657.7  184976.80  76076.96  41.13
659.2  187617.30  77153.70  41.12
660.7  191047.75  78577.40  41.13
662.2  193987.30  79778.66  41.13
663.7  195350.40  80320.41  41.12
665.2  195676.60  80423.18  41.10
666.8  195741.95  80397.33  41.07
668.3  195648.90  80274.24  41.03
669.8  195359.45  80150.73  41.03
671.3  194779.70  79866.06  41.00
672.8  194437.40  79634.28  40.96
674.3  194011.20  79370.94  40.91
675.8  193920.00  79204.20  40.84
677.3  193669.00  78990.38  40.79
678.8  193358.00  78759.78  40.73
680.3  192830.10  78450.00  40.68
681.8  192162.60  78091.16  40.64
683.3  190832.95  77421.52  40.57
684.8  188138.60  76191.56  40.50
686.3  179781.40  72378.68  40.26
687.8  169696.80  67496.52  39.77
689.3  165729.20  65335.55  39.42
690.8  165986.40  65268.48  39.32
692.3  168346.20  66262.75  39.36
693.8  169717.90  66784.30  39.35
695.3  171054.00  67348.32  39.37
696.8  173489.40  68519.04  39.49
698.3  173992.00  68857.60  39.58
699.8  172726.75  68303.31  39.54
701.3  171109.15  67558.33  39.48
702.8  171226.50  67581.72  39.47
704.2  172429.00  68143.08  39.52
705.7  173664.00  68693.76  39.56
707.2  174407.35  69068.09  39.60
708.7  174831.60  69302.52  39.64
710.2  175102.20  69495.69  39.69
711.7  174945.00  69464.40  39.71
713.2  174307.20  69197.60  39.70
714.7  172484.40  68403.06  39.66
716.2  166672.40  65743.60  39.44
717.6  155412.00  60566.40  38.97
719.1  145039.20  55782.64  38.46
720.6  142908.80  54672.00  38.26
722.1  147095.50  56538.30  38.44
723.6  147252.40  56702.02  38.51
725.0  145375.20  55756.44  38.35
726.5  144671.40  55325.25  38.24
728.0  144352.80  55172.88  38.22
729.5  144560.00  55266.40  38.23
731.0  146271.15  55984.04  38.27
732.4  150404.10  57895.20  38.49
733.9  155695.05  60395.93  38.79
735.4  158959.90  62009.09  39.01
736.8  160626.00  62859.60  39.13
738.3  161612.30  63406.16  39.23
739.8  162104.25  63779.10  39.34
741.2  162423.90  64087.20  39.46
742.7  163286.40  64567.04  39.54
744.2  164640.00  65173.92  39.59
745.7  165307.50  65518.65  39.63
747.1  165786.90  65741.64  39.65
748.6  165653.10  65683.80  39.65
750.0  164907.35  65380.70  39.65
751.5  164175.70  65034.84  39.61
753.0  163784.55  64836.77  39.59
754.4  163618.00  64728.00  39.56
755.9  163062.50  64450.00  39.52
757.3  161471.05  63768.77  39.49
758.8  149322.90  58787.14  39.37
760.3  115519.50  44569.50  38.58
761.7  90375.20  33289.94  36.84
763.2  82368.00  29092.80  35.32
764.6  85114.80  29690.28  34.88
766.1  99792.00  35723.52  35.80
767.5  118873.20  44075.36  37.08
769.0  135082.00  51361.30  38.02
770.4  145702.00  56244.85  38.60
771.9  151480.00  58996.00  38.95
773.3  154305.75  60378.05  39.13
774.8  155369.50  60903.70  39.20
776.2  155878.80  61122.42  39.21
777.7  155809.50  61138.77  39.24
779.1  155474.00  60976.00  39.22
780.5  155071.55  60829.42  39.23
782.0  154734.00  60664.83  39.21
783.4  154137.60  60380.16  39.17
784.9  153499.40  60061.60  39.13
786.3  152714.40  59683.12  39.08
787.8  151395.60  59009.15  38.98
789.2  149514.65  58105.91  38.86
790.6  147607.95  57205.26  38.75
792.0  146191.50  56594.02  38.71
793.5  145089.00  56157.48  38.71
794.9  144567.90  56022.21  38.75
796.3  144302.20  55816.65  38.68
797.8  144581.00  55827.78  38.61
799.2  144520.40  55825.96  38.63
800.6  143628.80  55436.32  38.60
802.1  142738.70  55011.16  38.54
803.5  142089.20  54697.72  38.50
804.9  141798.80  54603.12  38.51
806.3  142226.25  54837.75  38.56
807.8  142169.85  54880.94  38.60
809.2  141065.80  54425.53  38.58
810.6  139431.75  53635.50  38.47
812.0  137038.40  52454.79  38.28
813.4  132175.00  50192.50  37.97
814.8  125121.90  47088.19  37.63
816.3  118416.15  44111.94  37.25
817.7  114259.60  42282.76  37.01
819.1  113309.05  41868.66  36.95
820.5  116077.50  43127.70  37.15
821.9  117350.00  43865.43  37.38
823.3  113859.90  42345.38  37.19
824.7  116205.40  43304.10  37.27
826.1  120243.20  45041.92  37.46
827.5  121116.75  45490.80  37.56
828.9  120124.00  45046.50  37.50
830.3  120202.50  45056.55  37.48
831.7  120612.00  45203.28  37.48
833.2  120942.45  45449.88  37.58
834.5  122535.70  46177.18  37.68
835.9  124943.65  47234.46  37.80
837.3  126996.00  48236.20  37.98
838.7  128537.50  48957.25  38.09
840.1  129829.80  49553.14  38.17
841.5  130569.20  49901.28  38.22
842.9  130640.70  50044.53  38.31
844.3  130513.50  50052.60  38.35
845.7  130830.80  50240.24  38.40
847.1  131106.10  50352.12  38.41
848.5  130362.75  50151.50  38.47
849.9  127899.00  49170.06  38.44
851.2  126439.50  48527.16  38.38
852.6  125666.25  48320.70  38.45
854.0  121364.10  46638.02  38.43
855.4  119083.25  45734.63  38.41
856.8  122102.60  46884.70  38.40
858.2  124891.35  47940.51  38.39
859.5  126117.00  48474.60  38.44
860.9  126494.40  48635.52  38.45
862.3  126663.60  48714.04  38.46
863.7  126871.15  48738.62  38.42
865.0  124862.25  48054.70  38.49
866.4  120033.20  46172.28  38.47
867.8  118768.65  45680.25  38.46
869.1  120390.60  46269.24  38.43
870.5  121826.10  46859.13  38.46
871.9  122745.50  47165.20  38.43
873.2  122703.90  47163.70  38.44
874.6  122227.70  46949.70  38.41
876.0  121764.20  46739.80  38.39
877.3  121686.85  46683.87  38.36
878.7  121568.70  46652.76  38.38
880.0  120756.00  46303.68  38.34
881.4  119916.75  45985.65  38.35
882.8  119958.90  45977.13  38.33
884.1  120235.00  45974.75  38.24
885.5  119492.10  45739.65  38.28
886.8  118582.75  45349.59  38.24
888.2  118008.10  45184.09  38.29
889.5  118118.00  45202.85  38.27
890.9  117862.40  45027.12  38.20
892.2  116575.00  44438.39  38.12
893.6  113776.10  43197.15  37.97
894.9  109645.20  41320.44  37.69
896.2  103411.50  38548.70  37.28
897.6  97170.00  35916.00  36.96
898.9  91566.50  33532.80  36.62
900.3  87738.95  31859.10  36.31
901.6  86339.40  31307.64  36.26
903.0  89233.60  32425.00  36.34
904.3  95043.10  34866.64  36.69
905.6  97566.95  35942.92  36.84
907.0  94682.25  34797.75  36.75
908.3  90030.85  32728.54  36.35
909.6  86564.40  31351.85  36.22
911.0  86328.40  31100.72  36.03
912.3  86145.50  31035.20  36.03
913.6  84691.65  30408.06  35.90
914.9  83562.00  29965.04  35.86
916.2  82835.10  29690.00  35.84
917.6  83048.40  29668.74  35.72
918.9  85747.15  30820.15  35.94
920.2  90035.40  32610.76  36.22
921.5  91884.80  33555.20  36.52
922.9  91584.00  33580.80  36.67
924.2  90314.00  33029.12  36.57
925.5  89666.50  32725.00  36.50
926.8  89029.60  32489.16  36.49
928.1  84025.05  30303.01  36.06
929.4  75814.05  26895.12  35.48
930.7  65724.80  23003.68  35.00
932.0  54605.70  18630.18  34.12
933.4  44517.80  14596.00  32.79
934.7  38424.15  12236.04  31.84
936.0  36028.75  11377.50  31.58
937.3  35044.10  11013.86  31.43
938.6  39708.60  12691.18  31.96
939.9  47160.00  15484.20  32.83
941.2  50148.00  16556.80  33.02
942.5  49851.90  16455.18  33.01
943.8  46753.75  15391.50  32.92
945.1  44615.40  14563.14  32.64
946.4  44022.20  14275.16  32.43
947.7  45115.20  14662.44  32.50
949.0  46347.00  15095.88  32.57
950.2  47541.00  15607.80  32.83
951.5  48320.10  15863.58  32.83
952.8  48162.40  15745.40  32.69
954.1  49444.50  16293.14  32.95
955.4  49337.00  16381.80  33.20
956.7  50616.80  16937.16  33.46
958.0  52900.80  17798.40  33.64
959.3  52846.50  17716.16  33.52
960.5  54762.60  18424.80  33.64
961.8  57266.00  19366.32  33.82
963.1  59371.20  20249.82  34.11
964.4  60923.95  21134.68  34.69
965.7  63083.25  21722.58  34.43
966.9  65920.70  23128.11  35.08
968.2  72282.05  25611.75  35.43
969.5  77612.80  27685.76  35.67
970.8  80240.00  29146.00  36.32
972.0  81222.75  29480.85  36.30
973.3  79180.20  28603.08  36.12
974.6  76365.90  27666.99  36.23
975.8  75289.90  27053.32  35.93
977.1  76120.20  27585.44  36.24
978.4  76983.40  28006.03  36.38
979.6  77814.75  28419.30  36.52
980.9  80127.00  29287.80  36.55
982.2  83160.50  30304.25  36.44
983.4  84877.40  30929.90  36.44
984.7  85854.60  31700.16  36.92
985.9  87709.05  32534.81  37.09
987.2  88879.20  33099.84  37.24
988.5  89222.10  33340.89  37.37
989.7  89678.40  33629.40  37.50
991.0  90864.60  33890.04  37.30
992.2  90423.00  33992.35  37.59
993.5  90820.80  34100.64  37.55
994.7  90253.75  34173.75  37.86
996.0  91458.30  34072.70  37.25
997.2  91109.70  34051.10  37.37
998.5  90744.00  34218.05  37.71
999.7  91212.90  34156.32  37.45
1001.0  90581.40  34042.68  37.58
1002.2  89553.20  33785.98  37.73
1003.4  88911.10  33496.74  37.67
1004.7  87271.80  32830.82  37.62
1005.9  86303.40  32233.80  37.35
1007.2  86017.05  32541.39  37.83
1008.4  86410.80  32506.92  37.62
1009.6  86125.20  32399.48  37.62
1010.9  86746.75  32453.49  37.41
1012.1  86576.75  32389.89  37.41
1013.3  85629.60  32620.80  38.10
1014.6  85814.40  32486.88  37.86
1015.8  85207.80  32645.88  38.31
1017.1  85747.30  32645.96  38.07
1018.3  85489.10  32527.56  38.05
1019.5  85592.70  32546.36  38.02
1020.8  84747.25  32611.60  38.48
1022.0  85094.10  32292.12  37.95
1023.2  85708.70  32279.90  37.66
1024.4  85211.25  32039.43  37.60
1025.7  84698.25  32022.90  37.81
1026.9  85622.40  32108.40  37.50
1028.1  84155.85  32198.76  38.26
1029.3  84976.20  32240.97  37.94
1030.6  84579.00  32550.10  38.48
1031.8  85809.75  32475.69  37.85
1033.0  85440.60  32277.56  37.78
1034.2  86443.50  32346.60  37.42
1035.4  86073.00  32133.92  37.33
1036.7  85509.40  32139.74  37.59
1037.9  84915.60  32146.62  37.86
1039.1  85665.25  32397.04  37.82
1040.3  85030.55  32407.87  38.11
1041.5  83948.55  32591.79  38.82
1042.7  84502.50  32448.96  38.40
1043.9  85090.95  32299.83  37.96
1045.2  85507.20  32421.48  37.92
1046.4  85948.90  32185.12  37.45
1047.6  86199.40  32231.08  37.39
1048.8  86463.00  31895.24  36.89
1050.0  84774.50  31938.30  37.67
1051.2  85005.90  31978.41  37.62
1052.4  85015.55  32347.38  38.05
1053.6  84786.00  32218.68  38.00
1054.8  84797.70  31744.78  37.44
1056.0  84812.20  32139.36  37.89
1057.2  84306.35  31443.99  37.30
1058.4  86110.10  31651.28  36.76
1059.7  83506.50  31493.88  37.71
1060.9  82934.50  31222.40  37.65
1062.1  82615.50  30542.70  36.97
1063.3  82281.60  31369.86  38.13
1064.5  81933.00  31187.40  38.06
1065.7  83977.45  30882.03  36.77
1066.9  83037.00  31000.48  37.33
1068.1  82375.95  31246.05  37.93
1069.3  84265.30  31381.56  37.24
1070.5  83263.60  30926.48  37.14
1071.7  82204.20  31054.92  37.78
1072.9  84215.70  31191.00  37.04
1074.1  83872.10  30968.16  36.92
1075.3  80913.60  30342.60  37.50
1076.5  82283.75  30280.42  36.80
