/*** Spectra Vista SIG Data ***/
name= 230505_1711_R953_T954.sig
instrument= HK: 9202056 (HR-512i)
integration= 10.0, 0.0, 0.0, 30.0, 0.0, 0.0
scan method= Time-based, Time-based
scan coadds= 500, 0, 0, 166, 0, 0
scan time= 5, 5
scan settings= AI, AI
external data set1= 0,0,0,0,0,0,0,0,0,0,0,0,0,0,0,0,0,0,0,0,0,0,0,0,0,0,0,0,0,0,0,0
external data set2= 0,0,0,0,0,0,0,0,0,0,0,0,0,0,0,0,0,0,0,0,0,0,0,0,0,0,0,0,0,0,0,0
external data dark= 0,0,0,0,0,0,0,0,0,0,0,0,0,0,0,0
external data mask= 0
optic= LENS 4(1), LENS 4(1)
temp= 24.8, 0.0, 0.0, 24.4, 0.0, 0.0
battery= 8.24, 8.20
error= 0, 0
units= Radiance, Radiance
time= 5/5/2023 5:11:29 PM, 5/5/2023 5:11:56 PM
longitude=                 , 07748.4398W     
latitude=                 , 3410.8416N      
gpstime=                 , 181953.890      
comm= 
memory slot= 953, 954
factors= 1.000, 1.000, 1.000 [Overlap: Preserve, Matching Type: None]
inclinometer x offset= 3, 2
inclinometer y offset= -16, -19
data= 
339.7  44782.65  46581.15  104.02
341.4  48316.40  50286.13  104.08
343.0  50434.35  52598.20  104.29
344.7  51440.25  53844.00  104.67
346.4  54044.30  56595.97  104.72
348.0  56614.25  59359.18  104.85
349.7  59529.60  62337.60  104.72
351.3  64178.50  67273.63  104.82
353.0  67518.50  70905.57  105.02
354.6  72075.40  75631.47  104.93
356.2  71783.25  75340.65  104.96
357.9  67134.00  70390.50  104.85
359.5  67662.80  71101.20  105.08
361.2  72523.90  76233.67  105.12
362.8  76465.90  80252.55  104.95
364.5  81425.85  85511.30  105.02
366.1  88670.30  93117.97  105.02
367.7  93585.60  98289.00  105.03
369.4  94405.85  99140.07  105.01
371.0  94994.90  99805.77  105.06
372.6  92551.50  97143.75  104.96
374.3  87912.75  92310.33  105.00
375.9  89431.10  93799.20  104.88
377.5  97494.15  102292.02  104.92
379.1  103101.90  108136.60  104.88
380.8  100654.40  105513.33  104.83
382.4  93357.00  97704.00  104.66
384.0  84193.65  88140.75  104.69
385.6  87778.40  91856.60  104.65
387.3  92944.80  97250.40  104.63
388.9  97631.40  102066.47  104.54
390.5  105519.70  110240.17  104.47
392.1  109307.25  114024.75  104.32
393.8  99120.00  103146.67  104.06
395.4  100871.40  104882.75  103.98
397.0  106649.40  110738.12  103.83
398.6  120775.40  125344.90  103.78
400.2  147403.80  152750.87  103.63
401.8  164918.25  170637.83  103.47
403.4  173692.40  179444.77  103.31
405.0  174840.00  180360.00  103.16
406.6  173769.75  179025.00  103.02
408.3  175464.45  180602.80  102.93
409.9  179131.20  184258.93  102.86
411.5  181953.00  187059.00  102.81
413.1  188400.00  193616.67  102.77
414.7  191219.70  196403.90  102.71
416.3  193030.75  198235.58  102.70
417.9  192389.10  197553.30  102.68
419.5  190611.15  195709.35  102.67
421.1  191829.60  196994.13  102.69
422.7  192572.60  197714.00  102.67
424.3  191043.90  196101.87  102.65
425.9  190511.75  195570.65  102.66
427.5  187467.00  192404.50  102.63
429.1  181545.95  186245.92  102.59
430.7  170352.45  174772.85  102.59
432.3  173495.40  178097.40  102.65
433.9  185828.65  190788.15  102.67
435.5  194055.00  199305.90  102.71
437.1  203528.00  208987.33  102.68
438.7  203263.10  208653.52  102.65
440.3  203835.45  209290.90  102.68
441.9  210795.75  216520.50  102.72
443.5  219011.20  224958.13  102.72
445.0  223626.25  229645.42  102.69
446.6  224615.60  230668.35  102.69
448.2  229449.85  235706.50  102.73
449.8  235402.05  241851.78  102.74
451.4  241417.85  247916.38  102.69
453.0  239775.80  246119.50  102.65
454.6  236410.65  242678.35  102.65
456.2  237360.60  243711.25  102.68
457.8  239609.95  245989.82  102.66
459.3  239509.80  245851.20  102.65
460.9  240292.80  246669.13  102.65
462.5  243168.00  249628.00  102.66
464.1  243045.60  249396.80  102.61
465.7  240516.00  246785.60  102.61
467.2  238061.50  244269.08  102.61
468.8  236948.85  243114.10  102.60
470.4  235872.00  242001.00  102.60
472.0  236894.85  243095.30  102.62
473.6  239374.30  245624.32  102.61
475.1  240858.55  247144.02  102.61
476.7  240939.30  247211.90  102.60
478.3  242538.60  248916.35  102.63
479.9  244256.85  250664.40  102.62
481.5  245536.80  251955.30  102.61
483.0  244886.40  251212.12  102.58
484.6  239808.00  245875.20  102.53
486.2  228518.50  234241.00  102.50
487.8  223095.60  228803.40  102.56
489.3  227550.00  233475.00  102.60
490.9  232239.60  238253.60  102.59
492.5  232597.20  238665.17  102.61
494.0  234366.50  240522.83  102.63
495.6  236379.85  242568.43  102.62
497.2  236787.30  242966.63  102.61
498.8  234028.70  240074.50  102.58
500.3  230165.10  236075.67  102.57
501.9  225810.25  231609.92  102.57
503.5  224803.80  230628.67  102.59
505.0  225679.45  231582.40  102.62
506.6  227354.85  233267.85  102.60
508.2  226281.60  232146.00  102.59
509.7  225694.80  231531.00  102.59
511.3  225330.10  231156.33  102.59
512.9  222970.05  228714.30  102.58
514.4  218868.00  224459.67  102.55
516.0  213810.00  219160.00  102.50
517.5  207070.20  212276.10  102.51
519.1  207098.45  212393.78  102.56
520.7  211596.00  217027.07  102.57
522.2  214018.50  219488.17  102.56
523.8  216840.80  222400.05  102.56
525.4  217838.55  223363.33  102.54
526.9  215091.30  220589.93  102.56
528.5  217038.15  222625.50  102.57
530.0  220633.65  226258.60  102.55
531.6  221917.60  227521.87  102.53
533.2  220583.40  226147.72  102.52
534.7  221788.00  227406.67  102.53
536.3  222094.20  227663.47  102.51
537.8  221034.10  226527.23  102.49
539.4  219033.60  224443.20  102.47
541.0  216963.60  222354.80  102.48
542.5  217101.60  222492.80  102.48
544.1  218636.10  224065.30  102.48
545.6  219363.75  224775.00  102.47
547.2  219095.95  224480.28  102.46
548.7  219240.00  224597.33  102.44
550.3  219626.30  224984.18  102.44
551.8  219854.25  225221.85  102.44
553.4  220506.00  225873.27  102.43
554.9  221402.90  226749.40  102.41
556.5  220460.00  225774.40  102.41
558.0  218477.00  223718.17  102.40
559.6  216669.25  221915.17  102.42
561.1  217832.45  223111.23  102.42
562.7  219157.35  224438.25  102.41
564.2  220639.20  225924.83  102.40
565.8  220239.60  225535.73  102.40
567.3  219961.30  225213.45  102.39
568.9  219381.70  224608.80  102.38
570.4  218033.10  223218.45  102.38
572.0  218232.75  223470.50  102.40
573.5  219727.20  224974.75  102.39
575.1  220035.20  225264.00  102.38
576.6  219539.00  224724.00  102.36
578.2  218657.10  223836.95  102.37
579.7  218572.25  223755.05  102.37
581.2  219845.90  225049.97  102.37
582.8  221879.75  227100.45  102.35
584.3  222408.75  227605.17  102.34
585.9  221233.20  226390.60  102.33
587.4  218570.40  223592.40  102.30
588.9  212645.75  217525.50  102.29
590.5  208960.30  213781.87  102.31
592.0  209397.00  214202.65  102.29
593.6  210371.20  215170.80  102.28
595.1  210703.90  215523.37  102.29
596.6  211422.40  216215.47  102.27
598.2  211870.75  216701.00  102.28
599.7  211631.90  216433.75  102.27
601.2  211039.50  215811.75  102.26
602.8  211083.65  215908.28  102.29
604.3  212025.40  216871.90  102.29
605.8  212856.00  217694.73  102.27
607.4  212649.30  217472.85  102.27
608.9  211433.85  216186.13  102.25
610.5  210118.70  214835.50  102.24
612.0  208924.95  213617.95  102.25
613.5  207408.00  212064.25  102.24
615.0  206012.45  210631.28  102.24
616.6  204280.80  208830.40  102.23
618.1  204384.60  208958.40  102.24
619.6  205390.00  210000.67  102.24
621.2  205898.00  210532.93  102.25
622.7  204979.20  209587.20  102.25
624.2  203523.30  208064.10  102.23
625.8  201722.05  206201.30  102.22
627.3  200410.50  204819.58  102.20
628.8  198857.40  203234.27  102.20
630.3  197912.30  202280.17  102.21
631.8  197510.30  201862.70  102.20
633.4  198046.20  202482.50  102.24
634.9  198682.00  203156.45  102.25
636.4  199513.75  203993.33  102.25
638.0  200618.70  205136.20  102.25
639.5  200592.00  205128.00  102.26
641.0  200061.40  204550.50  102.24
642.5  199750.60  204234.10  102.24
644.0  199391.00  203891.67  102.26
645.5  198443.90  202932.67  102.26
647.1  196854.00  201286.67  102.25
648.6  195091.60  199496.23  102.26
650.1  194080.50  198520.25  102.29
651.6  194408.75  198828.83  102.27
653.1  194791.50  199258.35  102.29
654.7  193115.70  197535.22  102.29
656.2  187400.15  191744.43  102.32
657.7  184976.80  189272.00  102.32
659.2  187617.30  192030.15  102.35
660.7  191047.75  195504.42  102.33
662.2  193987.30  198508.70  102.33
663.7  195350.40  199872.40  102.31
665.2  195676.60  200286.87  102.36
666.8  195741.95  200350.13  102.35
668.3  195648.90  200229.20  102.34
669.8  195359.45  199977.07  102.36
671.3  194779.70  199395.10  102.37
672.8  194437.40  199019.77  102.36
674.3  194011.20  198618.63  102.37
675.8  193920.00  198481.83  102.35
677.3  193669.00  198199.87  102.34
678.8  193358.00  197924.83  102.36
680.3  192830.10  197397.63  102.37
681.8  192162.60  196778.17  102.40
683.3  190832.95  195421.05  102.40
684.8  188138.60  192639.87  102.39
686.3  179781.40  184099.33  102.40
687.8  169696.80  173810.00  102.42
689.3  165729.20  169740.55  102.42
690.8  165986.40  170052.80  102.45
692.3  168346.20  172486.47  102.46
693.8  169717.90  173858.27  102.44
695.3  171054.00  175227.87  102.44
696.8  173489.40  177723.13  102.44
698.3  173992.00  178210.67  102.42
699.8  172726.75  176903.98  102.42
701.3  171109.15  175244.33  102.42
702.8  171226.50  175374.17  102.42
704.2  172429.00  176661.27  102.45
705.7  173664.00  177916.27  102.45
707.2  174407.35  178665.53  102.44
708.7  174831.60  179103.60  102.44
710.2  175102.20  179449.47  102.48
711.7  174945.00  179260.67  102.47
713.2  174307.20  178577.33  102.45
714.7  172484.40  176762.50  102.48
716.2  166672.40  170725.33  102.43
717.6  155412.00  159174.00  102.42
719.1  145039.20  148544.13  102.42
720.6  142908.80  146499.20  102.51
722.1  147095.50  150765.17  102.49
723.6  147252.40  150953.77  102.51
725.0  145375.20  149016.90  102.51
726.5  144671.40  148249.65  102.47
728.0  144352.80  147969.00  102.51
729.5  144560.00  148192.53  102.51
731.0  146271.15  149938.63  102.51
732.4  150404.10  154293.70  102.59
733.9  155695.05  159677.12  102.56
735.4  158959.90  163057.58  102.58
736.8  160626.00  164768.00  102.58
738.3  161612.30  165722.38  102.54
739.8  162104.25  166281.50  102.58
741.2  162423.90  166661.55  102.61
742.7  163286.40  167608.00  102.65
744.2  164640.00  168932.40  102.61
745.7  165307.50  169672.25  102.64
747.1  165786.90  170164.90  102.64
748.6  165653.10  170024.00  102.64
750.0  164907.35  169314.58  102.67
751.5  164175.70  168554.53  102.67
753.0  163784.55  168175.12  102.68
754.4  163618.00  167999.33  102.68
755.9  163062.50  167395.83  102.66
757.3  161471.05  165737.43  102.64
758.8  149322.90  153163.12  102.57
760.3  115519.50  118422.00  102.51
761.7  90375.20  92747.77  102.63
763.2  82368.00  84568.00  102.67
764.6  85114.80  87490.20  102.79
766.1  99792.00  102636.80  102.85
767.5  118873.20  122220.47  102.82
769.0  135082.00  138849.50  102.79
770.4  145702.00  149718.50  102.76
771.9  151480.00  155680.00  102.77
773.3  154305.75  158621.50  102.80
774.8  155369.50  159683.33  102.78
776.2  155878.80  160192.70  102.77
777.7  155809.50  160198.50  102.82
779.1  155474.00  159790.67  102.78
780.5  155071.55  159443.63  102.82
782.0  154734.00  159108.02  102.83
783.4  154137.60  158438.40  102.79
784.9  153499.40  157778.40  102.79
786.3  152714.40  157022.13  102.82
787.8  151395.60  155627.65  102.80
789.2  149514.65  153724.05  102.82
790.6  147607.95  151819.85  102.85
792.0  146191.50  150356.50  102.85
793.5  145089.00  149149.80  102.80
794.9  144567.90  148693.50  102.85
796.3  144302.20  148407.65  102.85
797.8  144581.00  148631.63  102.80
799.2  144520.40  148604.93  102.83
800.6  143628.80  147750.80  102.87
802.1  142738.70  146894.93  102.91
803.5  142089.20  146220.07  102.91
804.9  141798.80  145967.47  102.94
806.3  142226.25  146331.75  102.89
807.8  142169.85  146309.43  102.91
809.2  141065.80  145141.48  102.89
810.6  139431.75  143439.00  102.87
812.0  137038.40  140903.05  102.82
813.4  132175.00  135893.75  102.81
814.8  125121.90  128723.57  102.88
816.3  118416.15  121824.60  102.88
817.7  114259.60  117501.80  102.84
819.1  113309.05  116529.13  102.84
820.5  116077.50  119427.00  102.89
821.9  117350.00  120714.03  102.87
823.3  113859.90  117122.13  102.87
824.7  116205.40  119601.80  102.92
826.1  120243.20  123774.93  102.94
827.5  121116.75  124749.00  103.00
828.9  120124.00  123602.17  102.90
830.3  120202.50  123692.25  102.90
831.7  120612.00  124064.30  102.86
833.2  120942.45  124490.45  102.93
834.5  122535.70  126138.37  102.94
835.9  124943.65  128692.42  103.00
837.3  126996.00  130895.00  103.07
838.7  128537.50  132492.50  103.08
840.1  129829.80  133698.90  102.98
841.5  130569.20  134398.07  102.93
842.9  130640.70  134621.85  103.05
844.3  130513.50  134500.17  103.05
845.7  130830.80  134924.00  103.13
847.1  131106.10  135102.30  103.05
848.5  130362.75  134360.33  103.07
849.9  127899.00  131688.60  102.96
851.2  126439.50  130174.00  102.95
852.6  125666.25  129503.80  103.05
854.0  121364.10  124927.18  102.94
855.4  119083.25  122691.83  103.03
856.8  122102.60  125869.12  103.08
858.2  124891.35  128650.05  103.01
859.5  126117.00  129923.00  103.02
860.9  126494.40  130348.80  103.05
862.3  126663.60  130566.40  103.08
863.7  126871.15  130699.42  103.02
865.0  124862.25  128800.17  103.15
866.4  120033.20  123776.57  103.12
867.8  118768.65  122497.65  103.14
869.1  120390.60  124101.70  103.08
870.5  121826.10  125645.10  103.13
871.9  122745.50  126547.07  103.10
873.2  122703.90  126617.90  103.19
874.6  122227.70  126057.63  103.13
876.0  121764.20  125642.47  103.19
877.3  121686.85  125478.98  103.12
878.7  121568.70  125339.87  103.10
880.0  120756.00  124434.20  103.05
881.4  119916.75  123569.75  103.05
882.8  119958.90  123658.70  103.08
884.1  120235.00  123767.08  102.94
885.5  119492.10  123285.50  103.17
886.8  118582.75  122203.03  103.05
888.2  118008.10  121896.83  103.30
889.5  118118.00  121903.83  103.21
890.9  117862.40  121622.33  103.19
892.2  116575.00  120149.97  103.07
893.6  113776.10  117316.85  103.11
894.9  109645.20  112837.20  102.91
896.2  103411.50  106324.50  102.82
897.6  97170.00  100122.00  103.04
898.9  91566.50  94144.67  102.82
900.3  87738.95  90183.17  102.79
901.6  86339.40  88816.00  102.87
903.0  89233.60  91827.60  102.91
904.3  95043.10  97931.15  103.04
905.6  97566.95  100491.30  103.00
907.0  94682.25  97469.67  102.94
908.3  90030.85  92493.70  102.74
909.6  86564.40  89153.93  102.99
911.0  86328.40  88765.47  102.82
912.3  86145.50  88617.67  102.87
913.6  84691.65  87004.05  102.73
914.9  83562.00  86103.07  103.04
916.2  82835.10  85408.23  103.11
917.6  83048.40  85555.90  103.02
918.9  85747.15  88188.35  102.85
920.2  90035.40  92510.60  102.75
921.5  91884.80  94393.60  102.73
922.9  91584.00  94340.00  103.01
924.2  90314.00  92894.40  102.86
925.5  89666.50  92284.50  102.92
926.8  89029.60  91576.47  102.86
928.1  84025.05  86499.68  102.95
929.4  75814.05  77872.35  102.71
930.7  65724.80  67705.87  103.01
932.0  54605.70  56152.27  102.83
933.4  44517.80  45490.87  102.19
934.7  38424.15  39170.25  101.94
936.0  36028.75  36913.67  102.46
937.3  35044.10  35942.67  102.56
938.6  39708.60  40746.73  102.61
939.9  47160.00  48470.00  102.78
941.2  50148.00  51474.67  102.65
942.5  49851.90  50797.60  101.90
943.8  46753.75  47719.17  102.06
945.1  44615.40  45597.50  102.20
946.4  44022.20  45019.47  102.27
947.7  45115.20  46127.40  102.24
949.0  46347.00  47229.80  101.90
950.2  47541.00  48587.50  102.20
951.5  48320.10  49535.70  102.52
952.8  48162.40  49242.97  102.24
954.1  49444.50  50386.30  101.90
955.4  49337.00  50454.67  102.27
956.7  50616.80  51914.67  102.56
958.0  52900.80  54054.40  102.18
959.3  52846.50  54020.87  102.22
960.5  54762.60  55956.80  102.18
961.8  57266.00  58307.20  101.82
963.1  59371.20  60784.80  102.38
964.4  60923.95  63080.55  103.54
965.7  63083.25  64546.05  102.32
966.9  65920.70  67969.08  103.11
968.2  72282.05  74179.22  102.62
969.5  77612.80  79350.40  102.24
970.8  80240.00  82403.33  102.70
972.0  81222.75  83228.25  102.47
973.3  79180.20  81226.20  102.58
974.6  76365.90  78869.70  103.28
975.8  75289.90  77204.05  102.54
977.1  76120.20  78072.00  102.56
978.4  76983.40  79416.78  103.16
979.6  77814.75  80295.80  103.19
980.9  80127.00  82659.75  103.16
982.2  83160.50  85274.75  102.54
983.4  84877.40  86795.53  102.26
984.7  85854.60  88300.60  102.85
985.9  87709.05  89958.00  102.56
987.2  88879.20  91177.80  102.59
988.5  89222.10  91570.05  102.63
989.7  89678.40  92347.40  102.98
991.0  90864.60  92501.80  101.80
992.2  90423.00  93213.83  103.09
993.5  90820.80  93391.20  102.83
994.7  90253.75  93466.67  103.56
996.0  91458.30  93251.60  101.96
997.2  91109.70  92950.30  102.02
998.5  90744.00  92949.58  102.43
999.7  91212.90  92830.15  101.77
1001.0  90581.40  92240.40  101.83
1002.2  89553.20  91588.50  102.27
1003.4  88911.10  90978.80  102.33
1004.7  87271.80  89349.70  102.38
1005.9  86303.40  88383.00  102.41
1007.2  86017.05  88089.75  102.41
1008.4  86410.80  88125.30  101.98
1009.6  86125.20  88517.57  102.78
1010.9  86746.75  88107.48  101.57
1012.1  86576.75  88613.85  102.35
1013.3  85629.60  88348.00  103.17
1014.6  85814.40  87857.60  102.38
1015.8  85207.80  87603.20  102.81
1017.1  85747.30  87469.13  102.01
1018.3  85489.10  87226.68  102.03
1019.5  85592.70  87706.10  102.47
1020.8  84747.25  87607.92  103.38
1022.0  85094.10  86912.35  102.14
1023.2  85708.70  86821.80  101.30
1024.4  85211.25  86726.12  101.78
1025.7  84698.25  87018.75  102.74
1026.9  85622.40  87208.00  101.85
1028.1  84155.85  87001.70  103.38
1029.3  84976.20  87058.95  102.45
1030.6  84579.00  87142.00  103.03
1031.8  85809.75  87569.95  102.05
1033.0  85440.60  87248.87  102.12
1034.2  86443.50  86908.25  100.54
1035.4  86073.00  86551.18  100.56
1036.7  85509.40  86983.70  101.72
1037.9  84915.60  86937.40  102.38
1039.1  85665.25  86184.43  100.61
1040.3  85030.55  86100.12  101.26
1041.5  83948.55  86691.97  103.27
1042.7  84502.50  86755.90  102.67
1043.9  85090.95  87406.35  102.72
1045.2  85507.20  86694.80  101.39
1046.4  85948.90  86558.47  100.71
1047.6  86199.40  85574.77  99.28
1048.8  86463.00  85822.53  99.26
1050.0  84774.50  86088.83  101.55
1051.2  85005.90  86355.20  101.59
1052.4  85015.55  86397.92  101.63
1053.6  84786.00  86199.10  101.67
1054.8  84797.70  85522.47  100.85
1056.0  84812.20  86300.13  101.75
1057.2  84306.35  85825.38  101.80
1058.4  86110.10  85334.33  99.10
1059.7  83506.50  84301.80  100.95
1060.9  82934.50  83747.58  100.98
1062.1  82615.50  83450.00  101.01
1063.3  82281.60  83138.70  101.04
1064.5  81933.00  84576.00  103.23
1065.7  83977.45  83977.45  100.00
1066.9  83037.00  83959.63  101.11
1068.1  82375.95  84269.65  102.30
1069.3  84265.30  84265.30  100.00
1070.5  83263.60  83263.60  100.00
1071.7  82204.20  83219.07  101.23
1072.9  84215.70  82136.30  97.53
1074.1  83872.10  81721.53  97.44
1075.3  80913.60  82037.40  101.39
1076.5  82283.75  81186.63  98.67
