/*** Spectra Vista SIG Data ***/
name= 230505_1325_R918_T919.sig
instrument= HK: 9202056 (HR-512i)
integration= 70.0, 0.0, 0.0, 20.0, 0.0, 0.0
scan method= Time-based, Time-based
scan coadds= 71, 0, 0, 250, 0, 0
scan time= 5, 5
scan settings= AI, AI
external data set1= 0,0,0,0,0,0,0,0,0,0,0,0,0,0,0,0,0,0,0,0,0,0,0,0,0,0,0,0,0,0,0,0
external data set2= 0,0,0,0,0,0,0,0,0,0,0,0,0,0,0,0,0,0,0,0,0,0,0,0,0,0,0,0,0,0,0,0
external data dark= 0,0,0,0,0,0,0,0,0,0,0,0,0,0,0,0
external data mask= 0
optic= LENS 4(1), LENS 4(1)
temp= 24.1, 0.0, 0.0, 25.1, 0.0, 0.0
battery= 8.31, 8.26
error= 0, 0
units= Radiance, Radiance
time= 5/5/2023 1:24:32 PM, 5/5/2023 1:25:37 PM
longitude= 07746.1433W     , 07746.2245W     
latitude= 3411.2556N      , 3411.1876N      
gpstime= 143234.883      , 143339.883      
comm= 
memory slot= 918, 919
factors= 1.000, 1.000, 1.000 [Overlap: Preserve, Matching Type: None]
inclinometer x offset= 9, 9
inclinometer y offset= -38, -23
data= 
339.7  3982.39  36059.93  905.48
341.4  4171.20  39105.00  937.50
343.0  4256.36  41113.15  965.92
344.7  4326.75  42225.88  975.93
346.4  4439.90  44475.55  1001.72
348.0  4579.56  46835.43  1022.71
349.7  4733.49  49420.80  1044.07
351.3  4993.83  53595.88  1073.24
353.0  5252.50  56688.80  1079.27
354.6  5538.54  60821.75  1098.15
356.2  5572.05  61174.58  1097.88
357.9  5385.75  57489.75  1067.44
359.5  5508.46  58084.40  1054.46
361.2  5905.34  62556.45  1059.32
362.8  6299.45  66144.23  1050.00
364.5  6760.93  70686.38  1045.51
366.1  7399.30  77328.75  1045.08
367.7  7907.91  82128.60  1038.56
369.4  8184.00  83306.30  1017.92
371.0  8483.80  84347.90  994.22
372.6  8578.93  82542.75  962.16
374.3  8539.43  78747.88  922.17
375.9  8998.94  80120.15  890.33
377.5  10024.11  87598.55  873.88
379.1  10882.46  93196.68  856.39
380.8  11096.00  91610.40  825.62
382.4  10882.29  85335.75  784.17
384.0  10522.41  77018.63  731.95
385.6  11568.77  80301.70  694.12
387.3  12930.17  85316.40  659.82
388.9  14409.69  89810.10  623.26
390.5  16591.54  97359.63  586.80
392.1  18338.79  101481.75  553.37
393.8  18000.00  92120.00  511.78
395.4  19950.90  93551.33  468.91
397.0  22727.53  98937.15  435.32
398.6  27698.20  111812.15  403.68
400.2  35837.54  136855.70  381.88
401.8  42337.25  153651.75  362.92
403.4  46858.50  162260.35  346.28
405.0  49371.43  163560.00  331.28
406.6  51059.25  162739.50  318.73
408.3  53296.80  164445.75  308.55
409.9  55889.49  168250.40  301.04
411.5  57967.39  171137.25  295.23
413.1  61042.86  177625.00  290.98
414.7  62755.50  180738.60  288.00
416.3  64020.79  182979.50  285.81
417.9  64364.83  182898.75  284.16
419.5  64210.95  181623.38  282.85
421.1  65007.09  183205.40  281.82
422.7  65608.09  184442.50  281.13
424.3  65369.89  183354.70  280.49
425.9  65473.18  183365.05  280.06
427.5  64661.50  180870.50  279.72
429.1  62854.17  175683.98  279.51
430.7  59196.28  165128.93  278.95
432.3  60384.81  168107.23  278.39
433.9  64914.95  180506.73  278.07
435.5  67995.35  188899.23  277.81
437.1  71537.71  198702.00  277.76
438.7  71659.02  198944.43  277.63
440.3  72016.30  199734.33  277.35
441.9  74636.68  206875.13  277.18
443.5  77740.41  215377.68  277.05
445.0  79575.89  220410.00  276.98
446.6  80108.29  221745.43  276.81
448.2  81982.91  226852.75  276.71
449.8  84290.24  233122.18  276.57
451.4  86600.19  239520.23  276.58
453.0  86190.58  238390.63  276.59
454.6  85115.44  235361.55  276.52
456.2  85597.98  236612.28  276.42
457.8  86562.66  239245.00  276.38
459.3  86659.99  239509.80  276.38
460.9  87057.30  240577.70  276.34
462.5  88232.91  243841.20  276.36
464.1  88302.86  244086.00  276.42
465.7  87504.34  241923.60  276.47
467.2  86721.82  239793.38  276.51
468.8  86404.48  238940.70  276.54
470.4  86108.79  238140.00  276.56
472.0  86562.28  239436.90  276.61
473.6  87572.89  242245.03  276.62
475.1  88209.60  244074.53  276.70
476.7  88309.81  244413.05  276.77
478.3  88971.02  246325.80  276.86
479.9  89675.87  248328.45  276.92
481.5  90225.77  249913.05  276.99
483.0  90065.54  249582.38  277.11
484.6  88287.09  244819.20  277.30
486.2  84207.95  233573.38  277.38
487.8  82247.40  228066.30  277.29
489.3  83973.21  232837.50  277.28
490.9  85777.89  237894.00  277.34
492.5  85997.37  238566.90  277.41
494.0  86703.14  240571.50  277.47
495.6  87513.95  242868.85  277.52
497.2  87729.56  243560.80  277.63
498.8  86735.14  240935.68  277.78
500.3  85337.21  237174.50  277.93
501.9  83751.04  232797.25  277.96
503.5  83408.74  231884.90  278.01
505.0  83775.20  232933.08  278.05
506.6  84438.58  234861.08  278.14
508.2  84078.00  233928.00  278.23
509.7  83896.14  233506.58  278.33
511.3  83796.80  233343.80  278.46
512.9  82961.16  231136.20  278.61
514.4  81435.00  227011.50  278.76
516.0  79555.71  221940.00  278.97
517.5  77063.40  214999.65  278.99
519.1  77073.29  215010.90  278.97
520.7  78764.40  219742.60  278.99
522.2  79670.36  222345.00  279.08
523.8  80722.89  225435.10  279.27
525.4  81092.75  226629.78  279.47
526.9  80089.46  223910.60  279.58
528.5  80791.18  225969.23  279.70
530.0  82123.18  229815.98  279.84
531.6  82591.26  231303.80  280.06
533.2  82097.46  230055.88  280.22
534.7  82544.00  231448.00  280.39
536.3  82653.37  231893.70  280.56
537.8  82258.75  230932.80  280.74
539.4  81518.57  228969.60  280.88
541.0  80745.77  226941.00  281.06
542.5  80789.14  227189.40  281.21
544.1  81354.90  228898.95  281.36
545.6  81624.64  229783.88  281.51
547.2  81516.95  229637.18  281.70
548.7  81552.00  229894.00  281.90
550.3  81695.32  230435.90  282.07
551.8  81781.65  230811.53  282.23
553.4  82012.54  231588.50  282.38
554.9  82331.97  232630.55  282.55
556.5  81972.74  231775.00  282.75
558.0  81209.29  229790.25  282.96
559.6  80516.25  227959.38  283.12
561.1  80920.36  229236.43  283.29
562.7  81385.69  230690.35  283.45
564.2  81924.38  232362.20  283.63
565.8  81761.11  232077.40  283.85
567.3  81621.74  231865.13  284.07
568.9  81380.00  231322.65  284.25
570.4  80845.33  229925.25  284.40
572.0  80885.68  230148.38  284.54
573.5  81401.55  231739.73  284.69
575.1  81489.37  232119.20  284.85
576.6  81265.07  231662.75  285.07
578.2  80920.38  230840.48  285.27
579.7  80875.48  230835.13  285.42
581.2  81348.71  232317.00  285.58
582.8  82097.98  234585.55  285.74
584.3  82305.07  235331.00  285.93
585.9  81859.59  234265.80  286.18
587.4  80847.26  231643.80  286.52
588.9  78651.46  225549.25  286.77
590.5  77236.49  221703.80  287.05
592.0  77355.51  222225.08  287.28
593.6  77686.89  223316.60  287.46
595.1  77786.97  223747.15  287.64
596.6  78014.29  224580.40  287.87
598.2  78167.64  225180.00  288.07
599.7  78056.35  224985.95  288.24
601.2  77815.45  224437.15  288.42
602.8  77829.04  224595.00  288.57
604.3  78164.56  225739.20  288.80
605.8  78450.57  226702.50  288.97
607.4  78362.29  226646.10  289.23
608.9  77907.43  225489.13  289.43
610.5  77411.32  224250.68  289.69
612.0  76968.73  223133.63  289.90
613.5  76405.07  221674.75  290.13
615.0  75884.40  220337.08  290.36
616.6  75221.49  218606.40  290.62
618.1  75232.80  218824.20  290.86
619.6  75592.86  220039.00  291.08
621.2  75777.89  220738.70  291.30
622.7  75423.09  219897.60  291.55
624.2  74867.91  218422.80  291.74
625.8  74155.24  216581.48  292.06
627.3  73610.57  215207.75  292.36
628.8  72975.40  213530.45  292.61
630.3  72600.56  212593.93  292.83
631.8  72436.37  212300.40  293.09
633.4  72649.50  213044.15  293.25
634.9  72875.48  213870.50  293.47
636.4  73165.87  214895.95  293.71
638.0  73558.80  216214.50  293.93
639.5  73530.00  216321.00  294.19
641.0  73307.85  215857.95  294.45
642.5  73157.30  215592.30  294.70
644.0  73007.86  215344.00  294.96
645.5  72632.66  214464.90  295.27
647.1  71996.06  212811.60  295.59
648.6  71312.41  210983.40  295.86
650.1  70901.14  209966.25  296.14
651.6  70943.94  210321.05  296.46
653.1  71048.57  210816.90  296.72
654.7  70408.86  209114.98  297.00
656.2  68303.16  203044.28  297.27
657.7  67361.14  200434.80  297.55
659.2  68287.33  203370.70  297.82
660.7  69517.18  207139.50  297.97
662.2  70576.44  210461.55  298.20
663.7  71041.54  212017.20  298.44
665.2  71164.61  212551.15  298.68
666.8  71174.45  212692.90  298.83
668.3  71107.59  212666.10  299.08
669.8  70998.48  212491.95  299.29
671.3  70767.13  211989.25  299.56
672.8  70621.66  211720.18  299.79
674.3  70473.06  211426.30  300.01
675.8  70411.43  211393.00  300.23
677.3  70299.00  211221.85  300.46
678.8  70164.29  211013.55  300.74
680.3  69947.51  210585.95  301.06
681.8  69686.50  209999.48  301.35
683.3  69187.33  208678.53  301.61
684.8  68187.66  205838.80  301.87
686.3  65063.23  196664.70  302.27
687.8  61245.60  185367.00  302.66
689.3  59707.10  180950.35  303.06
690.8  59836.80  181387.20  303.14
692.3  60749.44  184260.35  303.31
693.8  61285.91  185954.45  303.42
695.3  61809.43  187628.35  303.56
696.8  62743.29  190489.90  303.60
698.3  62936.00  191212.00  303.82
699.8  62460.46  189916.25  304.06
701.3  61848.19  188159.95  304.23
702.8  61882.67  188322.10  304.32
704.2  62315.77  189752.60  304.50
705.7  62742.63  191191.20  304.72
707.2  63002.28  192099.30  304.91
708.7  63118.80  192613.80  305.16
710.2  63231.35  193034.68  305.28
711.7  63145.29  192894.25  305.48
713.2  62865.14  192236.40  305.79
714.7  62199.94  190366.50  306.06
716.2  60025.43  184022.90  306.57
717.6  55866.86  171585.00  307.13
719.1  52008.77  159971.30  307.59
720.6  51229.26  157596.80  307.63
722.1  52740.43  162301.00  307.74
723.6  52808.94  162623.10  307.95
725.0  52068.73  160555.05  308.35
726.5  51778.46  159782.63  308.59
728.0  51657.36  159518.70  308.80
729.5  51723.89  159794.40  308.94
731.0  52339.43  161741.60  309.02
732.4  53864.01  166448.70  309.02
733.9  55762.35  172374.65  309.12
735.4  56957.53  176096.53  309.17
736.8  57553.71  178011.00  309.30
738.3  57874.34  179075.38  309.42
739.8  58055.25  179718.00  309.56
741.2  58174.39  180187.20  309.74
742.7  58458.40  181186.00  309.94
744.2  58900.80  182632.80  310.07
745.7  59131.50  183438.00  310.22
747.1  59290.63  184055.10  310.43
748.6  59204.79  183938.70  310.68
750.0  58925.81  183193.33  310.89
751.5  58638.54  182383.50  311.03
753.0  58472.50  182034.13  311.32
754.4  58386.29  181877.00  311.51
755.9  58151.79  181281.25  311.74
757.3  57546.64  179534.88  311.98
758.8  53111.38  166031.03  312.61
760.3  40782.43  127903.50  313.62
761.7  31483.93  99125.40  314.84
763.2  28464.86  89793.00  315.45
764.6  29418.17  92807.10  315.48
766.1  34790.40  109502.40  314.75
767.5  41756.83  131255.83  314.33
769.0  47685.79  149775.25  314.09
770.4  51551.68  161941.13  314.13
771.9  53670.00  168665.00  314.26
773.3  54689.75  171993.25  314.49
774.8  55044.79  173208.75  314.67
776.2  55206.21  173809.20  314.84
777.7  55176.00  173840.98  315.07
779.1  54992.57  173419.00  315.35
780.5  54852.69  173097.03  315.57
782.0  54698.69  172748.38  315.82
783.4  54440.23  172070.40  316.07
784.9  54182.14  171393.40  316.33
786.3  53887.94  170602.00  316.59
787.8  53374.02  169122.30  316.86
789.2  52663.76  167121.28  317.34
790.6  51996.26  165043.58  317.41
792.0  51455.60  163476.25  317.70
793.5  51001.71  162135.90  317.90
794.9  50796.45  161671.95  318.27
796.3  50663.00  161422.80  318.62
797.8  50723.73  161655.75  318.70
799.2  50674.81  161639.40  318.97
800.6  50353.83  160712.20  319.17
802.1  50034.31  159859.90  319.50
803.5  49746.09  159069.90  319.76
804.9  49639.20  158826.20  319.96
806.3  49740.79  159234.75  320.13
807.8  49703.39  159158.70  320.22
809.2  49269.09  157991.68  320.67
810.6  48659.46  156231.38  321.07
812.0  47748.57  153489.28  321.45
813.4  45991.07  148006.25  321.82
814.8  43482.41  140248.90  322.54
816.3  41074.18  132654.68  322.96
817.7  39545.26  127899.20  323.42
819.1  39193.01  126776.58  323.47
820.5  40161.00  129937.50  323.54
821.9  40619.86  131490.68  323.71
823.3  39351.40  127525.48  324.07
824.7  40150.30  130154.90  324.17
826.1  41588.80  134719.20  323.93
827.5  41869.29  135771.00  324.27
828.9  41465.32  134566.88  324.53
830.3  41433.86  134678.50  325.04
831.7  41558.70  135164.10  325.24
833.2  41682.66  135644.48  325.42
834.5  42228.40  137464.25  325.53
835.9  43045.51  140167.30  325.63
837.3  43764.29  142592.00  325.82
838.7  44271.79  144286.88  325.91
840.1  44689.13  145736.10  326.11
841.5  44907.83  146490.50  326.20
842.9  44930.12  146712.75  326.54
844.3  44871.36  146584.75  326.68
845.7  44960.23  147052.00  327.07
847.1  45034.10  147244.60  326.96
848.5  44744.75  146482.88  327.37
849.9  43828.53  143610.05  327.66
851.2  43282.09  141884.33  327.81
852.6  43039.24  141151.58  327.96
854.0  41511.88  136246.83  328.21
855.4  40733.37  133822.93  328.53
856.8  41728.83  137196.78  328.78
858.2  42614.87  140267.85  329.15
859.5  43027.57  141687.00  329.29
860.9  43124.23  142087.20  329.48
862.3  43158.89  142274.80  329.65
863.7  43170.54  142483.30  330.05
865.0  42503.54  140492.75  330.54
866.4  40870.20  134945.30  330.18
867.8  40406.38  133591.43  330.62
869.1  40920.94  135392.25  330.86
870.5  41354.31  137006.63  331.30
871.9  41669.96  138016.20  331.21
873.2  41656.14  138066.35  331.44
874.6  41487.80  137481.40  331.38
876.0  41294.94  137009.80  331.78
877.3  41239.45  136923.10  332.02
878.7  41169.39  136790.50  332.26
880.0  40836.94  135850.50  332.67
881.4  40524.21  134985.38  333.10
882.8  40525.01  134900.40  332.88
884.1  40531.43  135156.25  333.46
885.5  40393.46  134592.75  333.20
886.8  39960.33  133433.30  333.91
888.2  39838.15  133151.73  334.23
889.5  39816.15  133223.48  334.60
890.9  39725.94  132940.50  334.64
892.2  39235.81  131380.03  334.85
893.6  38273.82  128411.20  335.51
894.9  36765.00  123530.40  336.00
896.2  34609.21  116398.63  336.32
897.6  32507.14  109593.00  337.14
898.9  30545.93  102918.75  336.93
900.3  29222.24  98611.50  337.45
901.6  28767.60  97099.80  337.53
903.0  29682.77  100258.10  337.77
904.3  31656.03  106989.13  337.97
905.6  32585.61  110061.90  337.76
907.0  31599.29  106821.00  338.05
908.3  29906.04  101250.50  338.56
909.6  28696.26  97523.68  339.85
911.0  28602.06  96873.40  338.69
912.3  28565.75  96985.00  339.51
913.6  28037.85  95241.98  339.69
914.9  27686.46  94117.20  339.94
916.2  27442.04  93375.05  340.26
917.6  27424.89  93579.90  341.22
918.9  28335.36  96579.98  340.85
920.2  29746.60  101173.80  340.12
921.5  30374.40  103331.20  340.19
922.9  30346.29  103191.00  340.04
924.2  29904.99  101925.80  340.83
925.5  29686.25  101120.25  340.63
926.8  29375.97  100324.40  341.52
928.1  27767.31  94823.45  341.49
929.4  24895.63  85419.45  343.11
930.7  21575.31  74115.20  343.52
932.0  17845.00  61386.80  344.00
933.4  14335.36  49626.40  346.18
934.7  12363.94  42527.70  343.97
936.0  11594.21  40200.50  346.73
937.3  11222.91  38895.10  346.57
938.6  12846.90  43990.90  342.42
939.9  15270.86  52662.00  344.85
941.2  16261.14  55919.00  343.88
942.5  15980.40  55323.45  346.20
943.8  15013.21  51925.63  345.87
945.1  14310.60  49666.20  347.06
946.4  14104.20  48937.30  346.97
947.7  14501.31  50103.90  345.51
949.0  14818.43  51423.10  347.02
950.2  15249.00  52923.00  347.06
951.5  15433.78  54018.23  350.00
952.8  15348.46  53719.60  350.00
954.1  15741.51  55095.30  350.00
955.4  15738.57  54845.50  348.48
956.7  16269.69  56457.20  347.01
958.0  16950.86  58833.60  347.08
959.3  16896.50  58886.10  348.51
960.5  17474.31  61160.10  350.00
961.8  18221.00  63773.50  350.00
963.1  18932.14  66527.55  351.40
964.4  19717.49  69011.20  350.00
965.7  20217.99  70488.68  348.64
966.9  21388.31  74300.45  347.39
968.2  23416.46  81103.88  346.35
969.5  24905.60  86880.00  348.84
970.8  25875.71  90270.00  348.86
972.0  26214.75  91450.80  348.85
973.3  25516.54  89307.90  350.00
974.6  24680.31  86381.10  350.00
975.8  24337.05  84860.65  348.69
977.1  24536.91  85879.20  350.00
978.4  24934.28  86938.15  348.67
979.6  25132.71  87964.50  350.00
980.9  25755.11  90488.25  351.34
982.2  26579.14  93379.38  351.33
983.4  26922.37  95307.25  354.01
984.7  27569.91  96494.70  350.00
985.9  28058.33  98578.98  351.34
987.2  28458.86  99989.10  351.35
988.5  28734.44  100961.85  351.36
989.7  28825.20  101288.55  351.39
991.0  28884.89  101506.40  351.42
992.2  29064.54  102144.50  351.44
993.5  29008.80  101959.20  351.48
994.7  29041.43  102083.13  351.51
996.0  29205.17  102218.10  350.00
997.2  29055.19  102153.30  351.58
998.5  29032.68  102559.63  353.26
999.7  28971.88  101886.75  351.67
1001.0  28724.40  101530.80  353.47
1002.2  28494.20  100747.35  353.57
1003.4  28357.03  100283.45  353.65
1004.7  27606.39  98180.78  355.65
1005.9  27480.43  97221.30  353.78
1007.2  27537.30  96898.73  351.88
1008.4  27480.99  97212.15  353.74
1009.6  27683.10  97403.50  351.85
1010.9  27409.06  97462.53  355.59
1012.1  27500.85  97271.53  353.70
1013.3  27378.17  97352.70  355.59
1014.6  27291.31  97052.00  355.61
1015.8  27131.57  97013.70  357.57
1017.1  27008.19  96594.85  357.65
1018.3  27106.30  95914.60  353.85
1019.5  27021.33  96159.70  355.87
1020.8  26972.00  95474.75  353.98
1022.0  26962.05  96003.60  356.07
1023.2  26873.41  95170.05  354.14
1024.4  26780.68  95436.60  356.36
1025.7  26851.50  95720.63  356.48
1026.9  27011.83  95730.60  354.40
1028.1  27180.77  96352.35  354.49
1029.3  27135.26  96223.05  354.61
1030.6  26911.50  95471.75  354.76
1031.8  26968.78  96370.95  357.34
1033.0  26736.51  95612.10  357.61
1034.2  26689.93  95506.13  357.84
1035.4  26846.58  95397.58  355.34
1036.7  26748.01  95829.50  358.27
1037.9  26861.06  95530.05  355.65
1039.1  26923.36  95789.33  355.79
1040.3  26815.56  96261.00  358.97
1041.5  26807.10  95470.90  356.14
1042.7  26799.36  96332.85  359.46
1043.9  27040.56  96378.53  356.42
1045.2  26721.00  95304.90  356.67
1046.4  26646.77  96006.75  360.29
1047.6  26502.30  95568.90  360.61
1048.8  26625.11  95109.30  357.22
1050.0  26756.07  94632.00  353.68
1051.2  26600.49  95125.65  357.61
1052.4  26363.71  94346.53  357.87
1053.6  26647.03  94324.43  353.98
1054.8  26402.21  94582.05  358.24
1056.0  26463.96  94855.75  358.43
1057.2  26040.57  94559.83  363.13
1058.4  26265.24  94255.65  358.86
1059.7  25904.06  94243.05  363.82
1060.9  25786.36  92691.50  359.46
1062.1  25750.29  93881.25  364.58
1063.3  25345.67  92566.80  365.22
1064.5  25297.29  92505.00  365.67
1065.7  25928.52  93458.78  360.45
1066.9  26097.34  92724.65  355.30
1068.1  25564.95  92317.88  361.11
1069.3  26151.30  92982.40  355.56
1070.5  25913.67  92184.70  355.74
1071.7  25661.63  92860.30  361.86
1072.9  25398.39  92013.45  362.28
1074.1  25806.80  91936.73  356.25
1075.3  25044.69  92713.50  370.19
1076.5  25390.41  92157.80  362.96
