/*** Spectra Vista SIG Data ***/
name= 230503_1519_R874_T878.sig
instrument= HK: 9202056 (HR-512i)
integration= 10.0, 0.0, 0.0, 100.0, 0.0, 0.0
scan method= Time-based, Time-based
scan coadds= 500, 0, 0, 50, 0, 0
scan time= 5, 5
scan settings= AI, AI
external data set1= 0,0,0,0,0,0,0,0,0,0,0,0,0,0,0,0,0,0,0,0,0,0,0,0,0,0,0,0,0,0,0,0
external data set2= 0,0,0,0,0,0,0,0,0,0,0,0,0,0,0,0,0,0,0,0,0,0,0,0,0,0,0,0,0,0,0,0
external data dark= 0,0,0,0,0,0,0,0,0,0,0,0,0,0,0,0
external data mask= 0
optic= LENS 4(1), LENS 4(1)
temp= 22.5, 0.0, 0.0, 24.1, 0.0, 0.0
battery= 8.35, 8.35
error= 0, 0
units= Radiance, Radiance
time= 5/3/2023 3:17:24 PM, 5/3/2023 3:19:18 PM
longitude= 07756.4134W     , 07756.3875W     
latitude= 3402.4272N      , 3402.3858N      
gpstime= 162621.000      , 162815.000      
comm= 
memory slot= 874, 878
factors= 1.000, 1.000, 1.000 [Overlap: Preserve, Matching Type: None]
inclinometer x offset= 8, 8
inclinometer y offset= -13, 12
data= 
339.7  92622.75  41149.68  44.43
341.4  100282.60  44249.48  44.12
343.0  105029.95  45856.98  43.66
344.7  107527.75  46232.13  43.00
346.4  112834.70  47920.30  42.47
348.0  118522.30  49688.20  41.92
349.7  124534.80  51428.52  41.30
351.3  134638.30  54879.45  40.76
353.0  141989.40  56982.94  40.13
354.6  151826.70  59924.06  39.47
356.2  152205.90  59179.89  38.88
357.9  142409.25  54233.25  38.08
359.5  143184.80  53111.00  37.09
361.2  154098.00  56160.16  36.44
362.8  162215.20  58106.76  35.82
364.5  172802.40  60966.24  35.28
366.1  188136.30  65344.31  34.73
367.7  199472.40  68331.96  34.26
369.4  201462.80  67910.15  33.71
371.0  203239.40  67419.17  33.17
372.6  198408.75  64774.28  32.65
374.3  188434.50  60441.48  32.08
375.9  190931.95  59980.91  31.41
377.5  208032.50  64332.65  30.92
379.1  221089.00  67563.49  30.56
380.8  216417.60  65244.48  30.15
382.4  201307.50  59854.05  29.73
384.0  180730.35  52723.89  29.17
385.6  187403.00  53638.04  28.62
387.3  198619.20  56122.56  28.26
388.9  208298.30  58048.43  27.87
390.5  224682.70  61774.79  27.49
392.1  233766.00  63586.35  27.20
393.8  211840.00  56968.00  26.89
395.4  213087.00  56046.48  26.30
397.0  225418.05  58488.24  25.95
398.6  252517.60  64268.26  25.45
400.2  308085.40  77449.34  25.14
401.8  344729.00  85767.85  24.88
403.4  362710.60  89176.22  24.59
405.0  364080.00  88284.00  24.25
406.6  360533.25  86082.15  23.88
408.3  362281.50  85077.72  23.48
409.9  369036.00  85347.28  23.13
411.5  373479.75  85092.53  22.78
413.1  386000.00  86640.00  22.45
414.7  391326.60  86664.69  22.15
416.3  394663.50  86216.35  21.85
417.9  393385.20  84819.72  21.56
419.5  389484.90  82850.15  21.27
421.1  391705.60  82171.72  20.98
422.7  393630.60  81530.90  20.71
424.3  390390.50  79816.35  20.45
425.9  389575.45  78601.66  20.18
427.5  383703.00  76428.55  19.92
429.1  372167.25  73171.47  19.66
430.7  349494.30  67898.12  19.43
432.3  354047.20  67607.22  19.10
433.9  380012.15  71577.03  18.84
435.5  397013.70  73851.25  18.60
437.1  417126.00  76581.40  18.36
438.7  417484.60  75799.41  18.16
440.3  418162.15  74903.71  17.91
441.9  432416.25  76373.78  17.66
443.5  449826.55  78388.02  17.43
445.0  460040.00  79135.25  17.20
446.6  462234.85  78490.50  16.98
448.2  471924.55  79034.48  16.75
449.8  484324.75  80081.11  16.53
451.4  496938.05  81142.45  16.33
453.0  494447.25  79814.19  16.14
454.6  487226.25  77685.86  15.94
456.2  489121.40  76984.44  15.74
457.8  494061.20  76813.87  15.55
459.3  494182.05  75950.46  15.37
460.9  495644.60  75262.44  15.18
462.5  501880.80  75304.56  15.00
464.1  502084.80  74484.48  14.84
465.7  497107.20  72913.68  14.67
467.2  492178.50  71353.25  14.50
468.8  489954.45  70165.97  14.32
470.4  488025.00  69068.70  14.15
472.0  490091.10  68494.13  13.98
473.6  495611.60  68419.62  13.81
475.1  499175.25  68054.83  13.63
476.7  499862.70  67295.47  13.46
478.3  503303.10  66930.87  13.30
479.9  506835.90  66695.94  13.16
481.5  509356.60  66375.07  13.03
483.0  508092.90  65585.19  12.91
484.6  497971.20  63663.36  12.78
486.2  474891.20  60147.29  12.67
487.8  462483.00  57871.80  12.51
489.3  471562.50  58290.00  12.36
490.9  481665.60  58891.32  12.23
492.5  482771.85  58433.05  12.10
494.0  486289.50  58217.50  11.97
495.6  490676.55  58123.42  11.85
497.2  491863.05  57660.31  11.72
498.8  486370.55  56440.36  11.60
500.3  478651.80  54950.92  11.48
501.9  469704.50  53337.53  11.36
503.5  468028.60  52515.06  11.22
505.0  470168.30  52162.74  11.09
506.6  473894.10  52044.26  10.98
508.2  471711.60  51331.32  10.88
509.7  470208.15  50688.68  10.78
511.3  469306.25  50126.64  10.68
512.9  464508.00  49180.10  10.59
514.4  455792.00  47820.95  10.49
516.0  445530.00  46335.00  10.40
517.5  431386.20  44465.22  10.31
519.1  430693.90  43924.79  10.20
520.7  439947.20  44416.68  10.10
522.2  444995.00  44520.85  10.00
523.8  450930.30  44708.39  9.91
525.4  453585.70  44587.67  9.83
526.9  447879.80  43654.07  9.75
528.5  451562.10  43558.17  9.65
530.0  459288.15  43877.48  9.55
531.6  462380.40  43784.28  9.47
533.2  459661.35  43148.32  9.39
534.7  462056.00  42977.20  9.30
536.3  462870.00  42684.12  9.22
537.8  460731.95  42130.31  9.14
539.4  456862.80  41427.60  9.07
541.0  452667.60  40663.08  8.98
542.5  453054.00  40312.56  8.90
544.1  456440.60  40245.33  8.82
545.6  458180.25  40046.03  8.74
547.2  457798.30  39675.11  8.67
548.7  457968.00  39348.40  8.59
550.3  458845.00  39083.46  8.52
551.8  459411.75  38796.98  8.44
553.4  460860.40  38581.40  8.37
554.9  462891.30  38405.21  8.30
556.5  461155.60  37936.64  8.23
558.0  457102.50  37282.10  8.16
559.6  453330.50  36637.13  8.08
561.1  455828.45  36486.71  8.00
562.7  458861.65  36392.69  7.93
564.2  462472.35  36341.30  7.86
565.8  462082.40  35978.12  7.79
567.3  461969.05  35598.26  7.71
568.9  461737.60  35199.98  7.62
570.4  459508.95  34673.54  7.55
572.0  460143.00  34356.98  7.47
573.5  463692.60  34271.48  7.39
575.1  464694.40  34029.76  7.32
576.6  463661.00  33641.50  7.26
578.2  461742.25  33221.54  7.19
579.7  461022.40  32916.95  7.14
581.2  463110.10  32841.60  7.09
582.8  466875.25  32899.85  7.05
584.3  467868.00  32756.48  7.00
585.9  465578.40  32366.43  6.95
587.4  461084.40  31771.44  6.89
588.9  450902.00  30748.98  6.82
590.5  444400.60  29962.12  6.74
592.0  446055.75  29760.47  6.67
593.6  448323.20  29649.36  6.61
595.1  449028.80  29455.58  6.56
596.6  449814.40  29301.92  6.51
598.2  449908.25  29120.50  6.47
599.7  448254.45  28835.64  6.43
601.2  445975.60  28509.78  6.39
602.8  445197.20  28266.89  6.35
604.3  446775.50  28159.96  6.30
605.8  448300.80  28051.38  6.26
607.4  447897.60  27818.64  6.21
608.9  445297.50  27454.52  6.17
610.5  442531.65  27081.07  6.12
612.0  440116.95  26727.87  6.07
613.5  437017.00  26339.48  6.03
615.0  434157.85  25967.83  5.98
616.6  430482.40  25556.72  5.94
618.1  430617.60  25363.80  5.89
619.6  432896.00  25292.80  5.84
621.2  434257.60  25173.80  5.80
622.7  432652.80  24887.04  5.75
624.2  429840.90  24539.67  5.71
625.8  426346.70  24141.21  5.66
627.3  424331.75  23801.20  5.61
628.8  421879.85  23433.38  5.55
630.3  420114.20  23159.02  5.51
631.8  419039.40  22962.94  5.48
633.4  419901.90  22910.03  5.46
634.9  420885.65  22881.27  5.44
636.4  422183.50  22862.42  5.42
638.0  424172.40  22884.96  5.40
639.5  423990.00  22793.40  5.38
641.0  422653.00  22653.02  5.36
642.5  421833.30  22519.98  5.34
644.0  421271.00  22390.10  5.31
645.5  419966.70  22195.58  5.29
647.1  417949.60  21961.32  5.25
648.6  415557.40  21730.50  5.23
650.1  413649.00  21567.45  5.21
651.6  414124.35  21576.00  5.21
653.1  414772.35  21615.87  5.21
654.7  411343.00  21410.45  5.21
656.2  399313.35  20744.35  5.20
657.7  393034.40  20338.48  5.17
659.2  397868.25  20526.87  5.16
660.7  404394.75  20776.03  5.14
662.2  410293.00  20937.93  5.10
663.7  412939.35  20940.09  5.07
665.2  413511.70  20838.73  5.04
666.8  413564.10  20707.52  5.01
668.3  413205.00  20547.78  4.97
669.8  412697.45  20407.26  4.94
671.3  411507.10  20229.20  4.92
672.8  410731.70  20037.14  4.88
674.3  410028.30  19830.26  4.84
675.8  409807.50  19639.45  4.79
677.3  409311.00  19474.21  4.76
678.8  408740.20  19299.61  4.72
680.3  407730.80  19120.88  4.69
681.8  406469.35  18925.59  4.66
683.3  403859.50  18651.16  4.62
684.8  398711.80  18254.34  4.58
686.3  383302.40  17338.58  4.52
687.8  363636.00  16161.60  4.44
689.3  355746.30  15556.35  4.37
690.8  356316.00  15395.28  4.32
692.3  362143.95  15503.82  4.28
693.8  366840.20  15568.15  4.24
695.3  370058.00  15579.33  4.21
696.8  373954.80  15662.94  4.19
698.3  374640.00  15618.40  4.17
699.8  372790.35  15431.74  4.14
701.3  369652.60  15203.63  4.11
702.8  369124.30  15110.13  4.09
704.2  370628.20  15133.94  4.08
705.7  372412.80  15168.80  4.07
707.2  373027.55  15153.08  4.06
708.7  372892.20  15117.54  4.05
710.2  372813.75  15078.25  4.04
711.7  371771.50  15001.40  4.04
713.2  370054.40  14895.44  4.03
714.7  367146.90  14708.43  4.01
716.2  358738.40  14235.48  3.97
717.6  341766.00  13332.60  3.90
719.1  324278.60  12433.48  3.83
720.6  319654.40  12163.84  3.81
722.1  325528.50  12431.45  3.82
723.6  326176.10  12433.31  3.81
725.0  323415.90  12248.19  3.79
726.5  322317.75  12138.53  3.77
728.0  321583.50  12077.37  3.76
729.5  321201.20  12037.40  3.75
731.0  323594.90  12113.87  3.74
732.4  329250.90  12370.05  3.76
733.9  336409.50  12718.20  3.78
735.4  340749.75  12927.53  3.79
736.8  342456.00  13001.70  3.80
738.3  342666.25  13024.19  3.80
739.8  342053.25  12999.53  3.80
741.2  341043.75  12968.37  3.80
742.7  341348.00  12976.48  3.80
744.2  342980.40  13012.44  3.79
745.7  343709.25  13011.30  3.79
747.1  344170.50  12984.75  3.77
748.6  343636.95  12920.22  3.76
750.0  341884.05  12809.28  3.75
751.5  340082.60  12708.80  3.74
753.0  339140.50  12623.91  3.72
754.4  338644.00  12542.60  3.70
755.9  337437.50  12437.50  3.69
757.3  334480.25  12263.23  3.67
758.8  313030.70  11386.99  3.64
760.3  248454.00  8791.35  3.54
761.7  197728.40  6660.60  3.37
763.2  182622.00  5900.40  3.23
764.6  187945.20  5960.70  3.17
766.1  215913.60  6975.36  3.23
767.5  252198.45  8406.62  3.33
769.0  283042.00  9651.65  3.41
770.4  303107.25  10477.53  3.46
771.9  313880.00  10927.00  3.48
773.3  319082.50  11121.90  3.49
774.8  320677.50  11175.45  3.48
776.2  321445.80  11177.58  3.48
777.7  321274.80  11126.12  3.46
779.1  320346.00  11048.20  3.45
780.5  319586.80  10987.67  3.44
782.0  318949.25  10914.82  3.42
783.4  317644.80  10828.80  3.41
784.9  316490.40  10736.40  3.39
786.3  315515.20  10661.64  3.38
787.8  313650.80  10524.23  3.36
789.2  311090.85  10369.70  3.33
790.6  308179.80  10198.82  3.31
792.0  305461.10  10062.64  3.29
793.5  302445.00  9940.50  3.29
794.9  300910.95  9858.47  3.28
796.3  300833.40  9800.67  3.26
797.8  301491.30  9774.74  3.24
799.2  301384.50  9739.81  3.23
800.6  299990.00  9654.64  3.22
802.1  298690.50  9565.54  3.20
803.5  297422.40  9488.38  3.19
804.9  296392.20  9427.60  3.18
806.3  296182.50  9403.55  3.17
807.8  295764.95  9358.77  3.16
809.2  293752.35  9256.18  3.15
810.6  291604.50  9124.20  3.13
812.0  288699.80  8951.37  3.10
813.4  282306.25  8648.75  3.06
814.8  272069.90  8222.61  3.02
816.3  261241.20  7773.47  2.98
817.7  253562.40  7457.06  2.94
819.1  250484.60  7341.79  2.93
820.5  253638.00  7461.30  2.94
821.9  255705.65  7569.08  2.96
823.3  249918.90  7304.22  2.92
824.7  253153.10  7399.30  2.92
826.1  259705.60  7601.44  2.93
827.5  261396.75  7627.73  2.92
828.9  259590.00  7558.65  2.91
830.3  259275.50  7522.35  2.90
831.7  259315.80  7525.14  2.90
833.2  259314.45  7504.02  2.89
834.5  261283.40  7565.60  2.90
835.9  264699.50  7680.40  2.90
837.3  267917.00  7784.08  2.91
838.7  269928.75  7825.25  2.90
840.1  271410.20  7867.17  2.90
841.5  272043.40  7851.60  2.89
842.9  271750.35  7844.34  2.89
844.3  270894.00  7818.85  2.89
845.7  270909.20  7807.40  2.88
847.1  270973.10  7807.96  2.88
848.5  269447.50  7740.78  2.87
849.9  264166.70  7563.41  2.86
851.2  260881.50  7442.33  2.85
852.6  259764.30  7410.26  2.85
854.0  250950.70  7137.13  2.84
855.4  245494.70  6978.45  2.84
856.8  251457.15  7066.44  2.81
858.2  256958.40  7209.87  2.81
859.5  259673.00  7248.70  2.79
860.9  260172.00  7305.84  2.81
862.3  260600.60  7291.14  2.80
863.7  260740.85  7285.67  2.79
865.0  257358.00  7160.95  2.78
866.4  247246.30  6866.93  2.78
867.8  244249.50  6749.49  2.76
869.1  247197.00  6812.07  2.76
870.5  250335.45  6893.30  2.75
871.9  252256.50  6939.47  2.75
873.2  252453.00  6908.21  2.74
874.6  251388.90  6854.26  2.73
876.0  250549.40  6840.46  2.73
877.3  250280.80  6785.21  2.71
878.7  250131.20  6746.96  2.70
880.0  248382.60  6683.22  2.69
881.4  246788.25  6638.63  2.69
882.8  246961.65  6638.30  2.69
884.1  247173.75  6638.88  2.69
885.5  246643.95  6543.62  2.65
886.8  244701.60  6472.18  2.64
888.2  244092.80  6461.28  2.65
889.5  243959.10  6451.06  2.64
890.9  244012.00  6445.60  2.64
892.2  242009.70  6365.00  2.63
893.6  238410.50  6231.72  2.61
894.9  232457.40  5961.06  2.56
896.2  223330.00  5656.08  2.53
897.6  213528.00  5362.80  2.51
898.9  203592.00  5064.85  2.49
900.3  196211.60  4880.01  2.49
901.6  193431.00  4765.32  2.46
903.0  197403.40  4876.72  2.47
904.3  207151.95  5145.98  2.48
905.6  211882.45  5263.83  2.48
907.0  207977.25  5125.25  2.46
908.3  199764.50  4898.34  2.45
909.6  194492.45  4716.65  2.43
911.0  193465.60  4639.80  2.40
912.3  193970.00  4678.10  2.41
913.6  191929.20  4566.99  2.38
914.9  190286.80  4515.28  2.37
916.2  189125.30  4512.88  2.39
917.6  189266.10  4483.41  2.37
918.9  192549.65  4577.25  2.38
920.2  198325.40  4764.76  2.40
921.5  200390.40  4798.08  2.39
922.9  199704.00  4833.60  2.42
924.2  198045.70  4773.74  2.41
925.5  197004.50  4745.13  2.41
926.8  196662.40  4684.02  2.38
928.1  190321.80  4488.09  2.36
929.4  177356.85  4116.60  2.32
930.7  159767.20  3635.84  2.28
932.0  138477.20  3069.34  2.22
933.4  117497.80  2590.79  2.20
934.7  103707.90  2238.30  2.16
936.0  98984.25  2123.80  2.15
937.3  97430.30  2079.54  2.13
938.6  105500.30  2257.94  2.14
939.9  121044.00  2593.80  2.14
941.2  128156.00  2746.20  2.14
942.5  126858.90  2756.04  2.17
943.8  119987.50  2606.63  2.17
945.1  115326.60  2525.40  2.19
946.4  114543.20  2564.40  2.24
947.7  117126.00  2516.04  2.15
949.0  119619.40  2515.98  2.10
950.2  121095.00  2556.45  2.11
951.5  123535.35  2643.93  2.14
952.8  123184.60  2639.67  2.14
954.1  125259.40  2731.22  2.18
955.4  124540.00  2634.50  2.12
956.7  126542.00  2725.52  2.15
958.0  130521.60  2818.08  2.16
959.3  130858.00  2818.48  2.15
960.5  134603.40  2917.26  2.17
961.8  139000.20  2967.42  2.13
963.1  142596.90  3127.59  2.19
964.4  146109.65  3180.99  2.18
965.7  148657.05  3291.30  2.21
966.9  153628.75  3351.90  2.18
968.2  163346.05  3585.65  2.20
969.5  170864.00  3880.64  2.27
970.8  175820.00  3953.00  2.25
972.0  177486.75  4031.06  2.27
973.3  174319.20  3989.70  2.29
974.6  170258.40  3818.30  2.24
975.8  167807.15  3764.50  2.24
977.1  169156.00  3773.48  2.23
978.4  170558.05  3849.17  2.26
979.6  171869.10  3789.24  2.20
980.9  174759.75  3937.28  2.25
982.2  178301.75  4017.08  2.25
983.4  180544.30  4171.94  2.31
984.7  182716.20  4182.66  2.29
985.9  184413.90  4273.01  2.32
987.2  186186.60  4290.72  2.30
988.5  186270.70  4304.58  2.31
989.7  187363.80  4403.85  2.35
991.0  187459.40  4338.58  2.31
992.2  187544.00  4353.70  2.32
993.5  187639.20  4455.36  2.37
994.7  187517.50  4468.88  2.38
996.0  187399.85  4214.26  2.25
997.2  187741.20  4325.41  2.30
998.5  187159.50  4253.63  2.27
999.7  186307.20  4366.58  2.34
1001.0  186139.80  4280.22  2.30
1002.2  184194.65  4375.90  2.38
1003.4  182991.45  4238.79  2.32
1004.7  179738.35  4363.59  2.43
1005.9  176766.00  4263.18  2.41
1007.2  177215.85  4041.77  2.28
1008.4  176936.40  4011.93  2.27
1009.6  177376.90  4203.73  2.37
1010.9  177575.70  4082.20  2.30
1012.1  176209.15  4176.06  2.37
1013.3  176356.20  4179.54  2.37
1014.6  175715.20  4086.40  2.33
1015.8  175548.60  4106.40  2.34
1017.1  174593.90  3925.78  2.25
1018.3  175148.40  4065.95  2.32
1019.5  175412.20  4121.13  2.35
1020.8  174858.25  4076.45  2.33
1022.0  173461.05  4036.52  2.33
1023.2  173643.60  4007.16  2.31
1024.4  173830.95  4203.76  2.42
1025.7  174037.50  4060.88  2.33
1026.9  174812.40  3924.36  2.24
1028.1  174409.95  4024.85  2.31
1029.3  174951.00  4123.85  2.36
1030.6  174284.00  3972.65  2.28
1031.8  174259.80  3960.45  2.27
1033.0  173593.60  4068.60  2.34
1034.2  174281.25  4182.75  2.40
1035.4  173580.55  4160.20  2.40
1036.7  173967.40  4128.04  2.37
1037.9  174380.25  3942.51  2.26
1039.1  172888.05  4205.39  2.43
1040.3  174874.15  4010.88  2.29
1041.5  174481.30  4279.73  2.45
1042.7  174075.15  4225.13  2.43
1043.9  175391.55  4341.38  2.48
1045.2  174577.20  4275.36  2.45
1046.4  173726.50  4023.14  2.32
1047.6  174272.70  4122.58  2.37
1048.8  172926.00  4227.08  2.44
1050.0  173492.00  4140.15  2.39
1051.2  174059.70  4047.90  2.33
1052.4  174178.20  4354.46  2.50
1053.6  173811.30  4027.34  2.32
1054.8  173944.00  4131.17  2.38
1056.0  174088.20  4240.61  2.44
1057.2  173169.80  4329.25  2.50
1058.4  172220.20  4189.14  2.43
1059.7  171784.80  4294.62  2.50
1060.9  170747.50  3902.80  2.29
1062.1  170238.00  3755.25  2.21
1063.3  169705.80  3856.95  2.27
1064.5  171795.00  3964.50  2.31
1065.7  170663.85  4063.43  2.38
1066.9  171609.80  4151.85  2.42
1068.1  170433.00  3692.72  2.17
1069.3  168530.60  3777.41  2.24
1070.5  166527.20  3865.81  2.32
1071.7  170497.60  3957.98  2.32
1072.9  168431.40  4366.74  2.59
1074.1  167744.20  4516.19  2.69
1075.3  168570.00  4382.82  2.60
1076.5  167858.85  4278.76  2.55
