/*** Spectra Vista SIG Data ***/
name= 230505_1431_R930_T936.sig
instrument= HK: 9202056 (HR-512i)
integration= 10.0, 0.0, 0.0, 50.0, 0.0, 0.0
scan method= Time-based, Time-based
scan coadds= 500, 0, 0, 100, 0, 0
scan time= 5, 5
scan settings= AI, AI
external data set1= 0,0,0,0,0,0,0,0,0,0,0,0,0,0,0,0,0,0,0,0,0,0,0,0,0,0,0,0,0,0,0,0
external data set2= 0,0,0,0,0,0,0,0,0,0,0,0,0,0,0,0,0,0,0,0,0,0,0,0,0,0,0,0,0,0,0,0
external data dark= 0,0,0,0,0,0,0,0,0,0,0,0,0,0,0,0
external data mask= 0
optic= LENS 4(1), LENS 4(1)
temp= 25.1, 0.0, 0.0, 27.3, 0.0, 0.0
battery= 8.27, 8.24
error= 0, 0
units= Radiance, Radiance
time= 5/5/2023 2:29:13 PM, 5/5/2023 2:31:59 PM
longitude= 07745.5848W     , 07745.8261W     
latitude= 3411.3895N      , 3411.2165N      
gpstime= 153714.000      , 154001.000      
comm= 
memory slot= 930, 936
factors= 1.000, 1.000, 1.000 [Overlap: Preserve, Matching Type: None]
inclinometer x offset= 5, 6
inclinometer y offset= -14, 0
data= 
339.7  56113.20  50465.91  89.94
341.4  60656.20  54295.12  89.51
343.0  63251.00  56293.39  89.00
344.7  64901.25  57081.05  87.95
346.4  68588.80  59494.66  86.74
348.0  72054.50  61878.64  85.88
349.7  75956.40  64527.84  84.95
351.3  82203.10  69012.37  83.95
353.0  86771.30  72010.82  82.99
354.6  92891.40  76082.48  81.90
356.2  92492.40  74883.27  80.96
357.9  86673.00  68987.70  79.60
359.5  88170.40  68792.56  78.02
361.2  94660.20  72964.18  77.08
362.8  100040.85  76075.02  76.04
364.5  106788.00  80236.62  75.14
366.1  116811.90  86632.46  74.16
367.7  123373.80  90498.24  73.35
369.4  124840.10  90371.82  72.39
371.0  125989.50  89978.98  71.42
372.6  122813.25  86569.80  70.49
374.3  116983.50  81258.00  69.46
375.9  119662.95  81752.44  68.32
377.5  130891.80  88340.72  67.49
379.1  138454.25  92507.14  66.81
380.8  135340.80  89354.72  66.02
382.4  125235.00  81806.40  65.32
384.0  113495.85  72974.52  64.30
385.6  118850.40  75291.34  63.35
387.3  125892.00  78979.68  62.74
388.9  132512.60  82150.62  61.99
390.5  143427.35  87869.76  61.26
392.1  148268.25  89959.95  60.67
393.8  134080.00  80512.00  60.05
395.4  137126.85  80881.08  58.98
397.0  144549.60  84438.12  58.41
398.6  164712.90  94553.50  57.41
400.2  200717.20  113906.00  56.75
401.8  224164.50  125861.05  56.15
403.4  235743.20  130767.70  55.47
405.0  237060.00  129804.00  54.76
406.6  235562.25  127223.25  54.01
408.3  238182.00  126715.05  53.20
409.9  243236.80  127696.64  52.50
411.5  247416.75  128153.70  51.80
413.1  256450.00  131140.00  51.14
414.7  260433.60  131646.48  50.55
416.3  263296.00  131545.15  49.96
417.9  262740.00  129838.86  49.42
419.5  260755.35  127472.58  48.89
421.1  262963.20  127193.04  48.37
422.7  264176.00  126587.12  47.92
424.3  262496.20  124548.68  47.45
425.9  262139.35  123196.26  47.00
427.5  258211.50  120230.10  46.56
429.1  250175.85  115471.17  46.16
430.7  234962.25  107600.76  45.79
432.3  240492.85  108837.30  45.26
433.9  257665.10  115655.54  44.89
435.5  269546.20  119948.82  44.50
437.1  282910.00  124845.20  44.13
438.7  282483.20  123746.21  43.81
440.3  283950.45  123277.91  43.42
441.9  294180.75  126599.85  43.03
443.5  305908.20  130545.44  42.67
445.0  312557.50  132315.75  42.33
446.6  314313.45  132012.43  42.00
448.2  321646.90  133963.14  41.65
449.8  330324.15  136530.81  41.33
451.4  339015.70  138994.04  41.00
453.0  336697.90  137104.22  40.72
454.6  332524.35  134341.29  40.40
456.2  334400.15  134035.12  40.08
457.8  337862.60  134415.14  39.78
459.3  338045.40  133502.73  39.49
460.9  339600.80  133105.28  39.19
462.5  344066.40  133864.80  38.91
464.1  344025.60  132926.40  38.64
465.7  340802.40  130747.68  38.36
467.2  337654.50  128647.75  38.10
468.8  336500.70  127258.89  37.82
470.4  335218.50  125898.30  37.56
472.0  337245.30  125690.25  37.27
473.6  341074.25  126223.57  37.01
475.1  343570.00  126218.03  36.74
476.7  344000.50  125452.00  36.47
478.3  346726.05  125553.57  36.21
479.9  349335.45  125749.80  36.00
481.5  351344.80  125763.70  35.79
483.0  350478.20  124769.93  35.60
484.6  343219.20  121512.96  35.40
486.2  327059.95  115197.74  35.22
487.8  320052.60  111963.60  34.98
489.3  326887.50  113617.50  34.76
490.9  333684.00  115290.24  34.55
492.5  334376.90  114883.56  34.36
494.0  337296.50  115172.10  34.15
495.6  340312.00  115540.25  33.95
497.2  341063.55  115135.24  33.76
498.8  337193.95  113161.91  33.56
500.3  331836.10  110706.88  33.36
501.9  325854.50  108038.20  33.16
503.5  324851.80  106990.52  32.94
505.0  326496.50  106880.08  32.74
506.6  329025.60  107104.14  32.55
508.2  327564.00  106090.56  32.39
509.7  326848.50  105332.76  32.23
511.3  326416.30  104682.90  32.07
512.9  323013.15  103098.42  31.92
514.4  317108.50  100717.10  31.76
516.0  309540.00  97908.00  31.63
517.5  300022.65  94459.95  31.48
519.1  300673.10  94094.00  31.29
520.7  307538.00  95689.44  31.11
522.2  311130.50  96312.90  30.96
523.8  315284.60  97163.67  30.82
525.4  316573.05  97163.05  30.69
526.9  312631.00  95564.88  30.57
528.5  315670.80  96050.31  30.43
530.0  320851.35  97197.99  30.29
531.6  322624.00  97332.48  30.17
533.2  320741.10  96363.08  30.04
534.7  322672.00  96521.60  29.91
536.3  323008.20  96238.04  29.79
537.8  321541.85  95392.50  29.67
539.4  318642.00  94154.64  29.55
541.0  315854.40  92912.64  29.42
542.5  316213.20  92609.04  29.29
544.1  318577.70  92905.80  29.16
545.6  319652.25  92840.40  29.04
547.2  319272.40  92367.31  28.93
548.7  319536.00  92092.00  28.82
550.3  320149.95  91915.38  28.71
551.8  320553.45  91683.90  28.60
553.4  321578.40  91611.52  28.49
554.9  322986.40  91630.34  28.37
556.5  321667.20  90876.24  28.25
558.0  318806.50  89727.20  28.14
559.6  316361.50  88684.75  28.03
561.1  318229.50  88833.81  27.92
562.7  320253.20  89046.90  27.81
564.2  322536.75  89316.92  27.69
565.8  322007.00  88836.88  27.59
567.3  321859.30  88368.21  27.46
568.9  321325.80  87746.42  27.31
570.4  319659.75  86840.64  27.17
572.0  320415.00  86573.55  27.02
573.5  322861.35  86794.68  26.88
575.1  323547.20  86560.96  26.75
576.6  323025.50  86028.30  26.63
578.2  321855.65  85390.90  26.53
579.7  321827.20  85102.81  26.44
581.2  323719.90  85375.72  26.37
582.8  326639.70  85933.98  26.31
584.3  327406.00  85902.80  26.24
585.9  325750.80  85199.82  26.15
587.4  322056.00  83864.16  26.04
588.9  313777.75  81259.30  25.90
590.5  309021.60  79539.30  25.74
592.0  309947.70  79416.99  25.62
593.6  311467.00  79511.12  25.53
595.1  312049.10  79391.62  25.44
596.6  313005.60  79429.60  25.38
598.2  313514.50  79403.75  25.33
599.7  312961.45  79121.87  25.28
601.2  311928.40  78703.24  25.23
602.8  312008.80  78544.08  25.17
604.3  313407.00  78699.98  25.11
605.8  314614.20  78785.68  25.04
607.4  314381.25  78506.01  24.97
608.9  312624.50  77829.94  24.90
610.5  310792.90  77156.53  24.83
612.0  309145.20  76508.25  24.75
613.5  307014.50  75766.50  24.68
615.0  305067.70  75057.29  24.60
616.6  302604.80  74229.92  24.53
618.1  302929.20  74072.88  24.45
619.6  304570.00  74244.40  24.38
621.2  305447.20  74230.24  24.30
622.7  304204.80  73697.28  24.23
624.2  302169.60  72964.98  24.15
625.8  299642.35  72112.03  24.07
627.3  297946.75  71380.05  23.96
628.8  295952.65  70557.20  23.84
630.3  294711.15  70040.34  23.77
631.8  294149.70  69767.36  23.72
633.4  294993.60  69890.04  23.69
634.9  295888.40  70039.51  23.67
636.4  297099.75  70245.38  23.64
638.0  298738.80  70564.74  23.62
639.5  298620.00  70459.20  23.59
641.0  297847.55  70190.89  23.57
642.5  297362.80  70002.38  23.54
644.0  296958.00  69771.80  23.50
645.5  295739.00  69314.64  23.44
647.1  293646.00  68617.68  23.37
648.6  291364.30  67895.74  23.30
650.1  289970.25  67507.80  23.28
651.6  290511.85  67586.82  23.26
653.1  291174.15  67702.71  23.25
654.7  288596.00  67032.98  23.23
656.2  280041.60  64994.87  23.21
657.7  276544.80  64116.48  23.18
659.2  280524.40  65006.50  23.17
660.7  285497.25  66095.55  23.15
662.2  289802.50  66974.44  23.11
663.7  291765.90  67297.05  23.07
665.2  292394.80  67293.66  23.01
666.8  292562.65  67178.52  22.96
668.3  292422.00  66993.00  22.91
669.8  292084.65  66787.38  22.87
671.3  291212.10  66451.94  22.82
672.8  290766.00  66164.10  22.76
674.3  290218.40  65858.02  22.69
675.8  290122.50  65650.00  22.63
677.3  289737.00  65418.22  22.58
678.8  289313.20  65193.70  22.53
680.3  288591.40  64893.84  22.49
681.8  287662.55  64550.99  22.44
683.3  285689.25  63966.65  22.39
684.8  281696.80  62849.16  22.31
686.3  269374.00  59739.24  22.18
687.8  255091.20  56030.52  21.96
689.3  249582.90  54444.46  21.81
690.8  250111.20  54383.04  21.74
692.3  253739.20  55084.03  21.71
693.8  255997.20  55421.50  21.65
695.3  258034.40  55788.20  21.62
696.8  261330.00  56514.72  21.63
698.3  261856.00  56582.40  21.61
699.8  260115.95  56037.77  21.54
701.3  257838.70  55393.24  21.48
702.8  257948.80  55333.48  21.45
704.2  259585.00  55661.48  21.44
705.7  261246.40  55990.56  21.43
707.2  262118.80  56165.26  21.43
708.7  262514.40  56240.88  21.42
710.2  262813.65  56272.16  21.41
711.7  262257.00  56142.90  21.41
713.2  261192.80  55851.20  21.38
714.7  258619.20  55171.38  21.33
716.2  250331.40  53079.08  21.20
717.6  234576.00  49215.60  20.98
719.1  220106.20  45712.28  20.77
720.6  217436.80  45010.56  20.70
722.1  223068.50  46325.00  20.77
723.6  223066.60  46309.02  20.76
725.0  220533.30  45599.94  20.68
726.5  219539.40  45273.12  20.62
728.0  219019.95  45132.39  20.61
729.5  219230.80  45158.32  20.60
731.0  221612.80  45662.96  20.60
732.4  227317.20  47000.58  20.68
733.9  234246.95  48697.67  20.79
735.4  238439.85  49738.70  20.86
736.8  240483.00  50228.40  20.89
738.3  241386.15  50502.41  20.92
739.8  241741.50  50635.20  20.95
741.2  241836.30  50747.31  20.98
742.7  242827.20  51006.56  21.01
744.2  244490.40  51367.68  21.01
745.7  245295.00  51535.65  21.01
747.1  245844.60  51628.56  21.00
748.6  245532.30  51512.46  20.98
750.0  244358.85  51224.99  20.96
751.5  243239.10  50932.96  20.94
753.0  242630.10  50754.13  20.92
754.4  242358.00  50629.20  20.89
755.9  241437.50  50387.50  20.87
757.3  239022.55  49784.28  20.83
758.8  220483.60  45687.97  20.72
760.3  170989.50  34778.40  20.34
761.7  135824.00  26694.64  19.65
763.2  125070.00  23997.60  19.19
764.6  130003.20  24815.16  19.09
766.1  151670.40  29500.80  19.45
767.5  179056.15  35634.82  19.90
769.0  202006.50  40826.00  20.21
770.4  216891.00  44223.05  20.39
771.9  224910.00  46116.00  20.50
773.3  228805.50  47020.45  20.55
774.8  230087.00  47318.70  20.57
776.2  230781.60  47428.80  20.55
777.7  230715.10  47386.57  20.54
779.1  230140.00  47226.80  20.52
780.5  229646.80  47083.59  20.50
782.0  229142.85  46951.15  20.49
783.4  228172.80  46709.76  20.47
784.9  227331.60  46462.16  20.44
786.3  226392.40  46176.80  20.40
787.8  224538.20  45706.14  20.36
789.2  222126.80  45056.77  20.28
790.6  219565.80  44421.87  20.23
792.0  217579.60  43949.08  20.20
793.5  215645.40  43569.00  20.20
794.9  214875.00  43404.75  20.20
796.3  214706.30  43273.19  20.15
797.8  215097.50  43285.60  20.12
799.2  214978.60  43248.00  20.12
800.6  213886.00  42942.08  20.08
802.1  212712.30  42654.12  20.05
803.5  211714.80  42418.64  20.04
804.9  211351.40  42308.76  20.02
806.3  211628.75  42423.50  20.05
807.8  211516.15  42362.84  20.03
809.2  209880.85  41996.38  20.01
810.6  207863.25  41449.35  19.94
812.0  204617.55  40631.05  19.86
813.4  197943.75  39057.50  19.73
814.8  188331.15  36888.27  19.59
816.3  179108.55  34788.18  19.42
817.7  173290.00  33495.28  19.33
819.1  171838.80  33185.80  19.31
820.5  175675.50  34049.40  19.38
821.9  177081.15  34383.55  19.42
823.3  172222.05  33346.39  19.36
824.7  175763.70  34061.04  19.38
826.1  181227.20  35284.48  19.47
827.5  182489.25  35545.95  19.48
828.9  180949.50  35171.90  19.44
830.3  180950.00  35207.70  19.46
831.7  181311.30  35292.12  19.46
833.2  181879.35  35417.91  19.47
834.5  184141.30  35909.58  19.50
835.9  187346.90  36646.48  19.56
837.3  190354.75  37263.30  19.58
838.7  192241.25  37742.00  19.63
840.1  193741.60  38089.14  19.66
841.5  194545.20  38269.28  19.67
842.9  194781.45  38307.51  19.67
844.3  194350.00  38272.00  19.69
845.7  194806.00  38354.80  19.69
847.1  195045.30  38425.00  19.70
848.5  193908.75  38221.05  19.71
849.9  189953.70  37422.30  19.70
851.2  187898.70  36971.55  19.68
852.6  186796.80  36743.19  19.67
854.0  180237.20  35455.42  19.67
855.4  177209.20  34842.26  19.66
856.8  181636.05  35720.07  19.67
858.2  185543.10  36459.39  19.65
859.5  187359.00  36814.40  19.65
860.9  187814.40  36897.12  19.65
862.3  188221.40  36934.68  19.62
863.7  188243.05  36930.81  19.62
865.0  185385.00  36386.35  19.63
866.4  178208.80  34979.00  19.63
867.8  176568.15  34642.41  19.62
869.1  178887.60  35060.46  19.60
870.5  181020.60  35478.51  19.60
871.9  182475.20  35721.84  19.58
873.2  182392.40  35695.68  19.57
874.6  181459.60  35578.76  19.61
876.0  180941.20  35385.84  19.56
877.3  180803.50  35307.47  19.53
878.7  180604.60  35256.98  19.52
880.0  179468.40  34977.60  19.49
881.4  178294.50  34731.60  19.48
882.8  178230.75  34749.66  19.50
884.1  178622.50  34773.00  19.47
885.5  177925.05  34622.07  19.46
886.8  176433.40  34311.42  19.45
888.2  175890.40  34190.94  19.44
889.5  176041.25  34208.79  19.43
890.9  175642.60  34069.60  19.40
892.2  173696.75  33620.23  19.36
893.6  169956.00  32763.74  19.28
894.9  164228.40  31457.16  19.15
896.2  155602.75  29566.95  19.00
897.6  147108.00  27748.80  18.86
898.9  138971.50  25997.90  18.71
900.3  133504.80  24931.01  18.67
901.6  131686.80  24543.96  18.64
903.0  135925.60  25369.32  18.66
904.3  144139.95  27147.67  18.83
905.6  147546.75  27861.08  18.88
907.0  143507.00  26975.00  18.80
908.3  136551.35  25558.91  18.72
909.6  132343.65  24582.07  18.57
911.0  131882.80  24464.40  18.55
912.3  131785.50  24417.40  18.53
913.6  129783.45  23875.53  18.40
914.9  128421.60  23573.28  18.36
916.2  127667.00  23395.72  18.33
917.6  127581.60  23470.20  18.40
918.9  131519.65  24289.94  18.47
920.2  136754.80  25494.56  18.64
921.5  139238.40  26091.52  18.74
922.9  138966.00  26076.00  18.76
924.2  137406.30  25610.47  18.64
925.5  136790.50  25394.60  18.56
926.8  135537.60  25180.76  18.58
928.1  128568.45  23621.50  18.37
929.4  116637.00  21337.71  18.29
930.7  102083.20  18458.88  18.08
932.0  85656.00  15203.94  17.75
933.4  70425.70  12260.64  17.41
934.7  61180.20  10594.62  17.32
936.0  58404.50  9936.35  17.01
937.3  56994.80  9781.54  17.16
938.6  64623.80  11056.12  17.11
939.9  75456.00  13126.20  17.40
941.2  79600.00  13930.00  17.50
942.5  78628.20  13699.14  17.42
943.8  73647.50  12826.25  17.42
945.1  70711.20  12290.28  17.38
946.4  70093.60  12138.16  17.32
947.7  72010.80  12580.20  17.47
949.0  73272.40  12712.32  17.35
950.2  75348.00  13185.90  17.50
951.5  76582.80  13401.99  17.50
952.8  76411.50  13429.90  17.58
954.1  78169.40  13750.28  17.59
955.4  78077.00  13699.40  17.55
956.7  79818.80  14114.30  17.68
958.0  82564.80  14733.12  17.84
959.3  83044.50  14696.36  17.70
960.5  85982.40  15354.00  17.86
961.8  89543.20  15930.36  17.79
963.1  92767.50  16539.12  17.83
964.4  95968.70  17252.80  17.98
965.7  97641.90  17663.31  18.09
966.9  102791.60  18658.91  18.15
968.2  111553.40  20489.40  18.37
969.5  118156.80  21893.76  18.53
970.8  122130.00  22774.00  18.65
972.0  123338.25  22862.70  18.54
973.3  120304.80  22342.32  18.57
974.6  117052.65  21657.87  18.50
975.8  115487.05  21310.87  18.45
977.1  116457.40  21599.92  18.55
978.4  118793.35  21900.45  18.44
979.6  119767.05  22194.12  18.53
980.9  122262.75  22794.75  18.64
982.2  125445.50  23538.65  18.76
983.4  128035.40  23880.76  18.65
984.7  129882.60  24508.92  18.87
985.9  131188.75  25188.24  19.20
987.2  133318.80  25437.84  19.08
988.5  133833.15  25514.39  19.06
989.7  135318.30  25622.40  18.93
991.0  135887.60  25704.04  18.92
992.2  135634.50  25787.30  19.01
993.5  136231.20  26046.72  19.12
994.7  135818.75  26112.25  19.23
996.0  135394.15  26182.18  19.34
997.2  136204.40  25952.46  19.05
998.5  135170.75  26088.90  19.30
999.7  134878.65  25811.31  19.14
1001.0  134379.00  25880.40  19.26
1002.2  133312.15  25644.78  19.24
1003.4  132332.80  25432.71  19.22
1004.7  130907.70  24934.80  19.05
1005.9  128935.20  24539.28  19.03
1007.2  128507.40  24457.86  19.03
1008.4  128587.50  24894.54  19.36
1009.6  129187.80  24812.26  19.21
1010.9  128589.30  24901.42  19.37
1012.1  129355.85  24852.62  19.21
1013.3  129463.80  24873.36  19.21
1014.6  128721.60  24722.72  19.21
1015.8  128325.00  24433.08  19.04
1017.1  128104.40  24381.16  19.03
1018.3  127191.10  24604.18  19.34
1019.5  127860.70  24515.44  19.17
1020.8  127657.25  24458.70  19.16
1022.0  127641.15  24437.28  19.15
1023.2  126893.40  24488.20  19.30
1024.4  126112.65  24313.61  19.28
1025.7  127627.50  24597.30  19.27
1026.9  127244.40  24497.52  19.25
1028.1  126843.60  24636.93  19.42
1029.3  127464.30  24493.14  19.22
1030.6  126868.50  24604.80  19.39
1031.8  128054.55  24554.79  19.18
1033.0  126126.60  24411.60  19.35
1034.2  125482.50  24538.80  19.56
1035.4  126240.40  24387.35  19.32
1036.7  125315.50  24473.38  19.53
1037.9  125857.05  24261.60  19.28
1039.1  126161.55  24297.78  19.26
1040.3  126743.65  24386.12  19.24
1041.5  126745.85  24690.75  19.48
1042.7  126753.75  24336.72  19.20
1043.9  126768.15  25006.32  19.73
1045.2  126479.40  24939.60  19.72
1046.4  126180.30  24504.58  19.42
1047.6  125551.30  24735.48  19.70
1048.8  124891.00  24593.92  19.69
1050.0  126176.00  24840.90  19.69
1051.2  125484.90  24692.19  19.68
1052.4  126486.55  24467.89  19.34
1053.6  127179.00  24164.01  19.00
1054.8  126109.40  24352.16  19.31
1056.0  124986.40  24550.90  19.64
1057.2  125320.25  24608.34  19.64
1058.4  123346.90  24669.38  20.00
1059.7  124066.80  24336.18  19.62
1060.9  124401.75  24392.50  19.61
1062.1  122671.50  24033.60  19.59
1063.3  120851.10  24170.22  20.00
1064.5  121578.00  24315.60  20.00
1065.7  121902.75  24380.55  20.00
1066.9  121787.60  24357.52  20.00
1068.1  124984.20  24428.73  19.55
1069.3  124945.10  24407.88  19.53
1070.5  121921.70  24384.34  20.00
1071.7  121784.00  24356.80  20.00
1072.9  121644.90  24328.98  20.00
1074.1  122582.30  24516.46  20.00
1075.3  124741.80  23599.80  18.92
1076.5  121779.95  23697.72  19.46
