/*** Spectra Vista SIG Data ***/
name= 230505_1431_R930_T935.sig
instrument= HK: 9202056 (HR-512i)
integration= 10.0, 0.0, 0.0, 50.0, 0.0, 0.0
scan method= Time-based, Time-based
scan coadds= 500, 0, 0, 100, 0, 0
scan time= 5, 5
scan settings= AI, AI
external data set1= 0,0,0,0,0,0,0,0,0,0,0,0,0,0,0,0,0,0,0,0,0,0,0,0,0,0,0,0,0,0,0,0
external data set2= 0,0,0,0,0,0,0,0,0,0,0,0,0,0,0,0,0,0,0,0,0,0,0,0,0,0,0,0,0,0,0,0
external data dark= 0,0,0,0,0,0,0,0,0,0,0,0,0,0,0,0
external data mask= 0
optic= LENS 4(1), LENS 4(1)
temp= 25.1, 0.0, 0.0, 27.0, 0.0, 0.0
battery= 8.27, 8.25
error= 0, 0
units= Radiance, Radiance
time= 5/5/2023 2:29:13 PM, 5/5/2023 2:31:33 PM
longitude= 07745.5848W     , 07745.7887W     
latitude= 3411.3895N      , 3411.2440N      
gpstime= 153714.000      , 153935.000      
comm= 
memory slot= 930, 935
factors= 1.000, 1.000, 1.000 [Overlap: Preserve, Matching Type: None]
inclinometer x offset= 5, 7
inclinometer y offset= -14, -2
data= 
339.7  56113.20  52012.62  92.69
341.4  60656.20  55963.60  92.26
343.0  63251.00  57991.18  91.68
344.7  64901.25  58843.80  90.67
346.4  68588.80  61423.72  89.55
348.0  72054.50  63878.52  88.65
349.7  75956.40  66633.84  87.73
351.3  82203.10  71251.79  86.68
353.0  86771.30  74390.68  85.73
354.6  92891.40  78580.40  84.59
356.2  92492.40  77322.63  83.60
357.9  86673.00  71242.20  82.20
359.5  88170.40  71125.76  80.67
361.2  94660.20  75434.64  79.69
362.8  100040.85  78664.60  78.63
364.5  106788.00  83003.40  77.73
366.1  116811.90  89640.70  76.74
367.7  123373.80  93633.84  75.89
369.4  124840.10  93474.92  74.88
371.0  125989.50  93031.12  73.84
372.6  122813.25  89490.00  72.87
374.3  116983.50  84036.65  71.84
375.9  119662.95  84649.18  70.74
377.5  130891.80  91489.32  69.90
379.1  138454.25  95703.08  69.12
380.8  135340.80  92419.04  68.29
382.4  125235.00  84559.50  67.52
384.0  113495.85  75483.27  66.51
385.6  118850.40  77990.72  65.62
387.3  125892.00  81787.68  64.97
388.9  132512.60  85081.36  64.21
390.5  143427.35  91030.17  63.47
392.1  148268.25  93090.15  62.78
393.8  134080.00  83296.00  62.12
395.4  137126.85  83778.45  61.10
397.0  144549.60  87449.57  60.50
398.6  164712.90  98054.44  59.53
400.2  200717.20  118098.28  58.84
401.8  224164.50  130380.60  58.16
403.4  235743.20  135402.82  57.44
405.0  237060.00  134388.00  56.69
406.6  235562.25  131704.65  55.91
408.3  238182.00  131211.57  55.09
409.9  243236.80  132220.48  54.36
411.5  247416.75  132707.70  53.64
413.1  256450.00  135820.00  52.96
414.7  260433.60  136312.26  52.34
416.3  263296.00  136192.10  51.73
417.9  262740.00  134386.98  51.15
419.5  260755.35  131946.69  50.60
421.1  262963.20  131661.36  50.07
422.7  264176.00  130984.48  49.58
424.3  262496.20  128867.72  49.09
425.9  262139.35  127452.16  48.62
427.5  258211.50  124353.90  48.16
429.1  250175.85  119381.75  47.72
430.7  234962.25  111232.17  47.34
432.3  240492.85  112626.28  46.83
433.9  257665.10  119646.03  46.43
435.5  269546.20  124096.27  46.04
437.1  282910.00  129101.20  45.63
438.7  282483.20  127924.10  45.29
440.3  283950.45  127466.78  44.89
441.9  294180.75  130906.80  44.50
443.5  305908.20  134974.88  44.12
445.0  312557.50  136779.75  43.76
446.6  314313.45  136456.32  43.41
448.2  321646.90  138488.39  43.06
449.8  330324.15  141130.21  42.72
451.4  339015.70  143652.21  42.37
453.0  336697.90  141633.14  42.07
454.6  332524.35  138787.86  41.74
456.2  334400.15  138468.44  41.41
457.8  337862.60  138843.20  41.09
459.3  338045.40  137868.54  40.78
460.9  339600.80  137468.32  40.48
462.5  344066.40  138230.40  40.18
464.1  344025.60  137226.72  39.89
465.7  340802.40  134958.24  39.60
467.2  337654.50  132763.50  39.32
468.8  336500.70  131323.89  39.03
470.4  335218.50  129907.80  38.75
472.0  337245.30  129692.97  38.46
473.6  341074.25  130206.45  38.18
475.1  343570.00  130189.06  37.89
476.7  344000.50  129390.24  37.61
478.3  346726.05  129490.68  37.35
479.9  349335.45  129672.63  37.12
481.5  351344.80  129669.26  36.91
483.0  350478.20  128611.74  36.70
484.6  343219.20  125191.68  36.48
486.2  327059.95  118654.13  36.28
487.8  320052.60  115350.48  36.04
489.3  326887.50  117067.50  35.81
490.9  333684.00  118772.16  35.59
492.5  334376.90  118325.35  35.39
494.0  337296.50  118625.00  35.17
495.6  340312.00  118972.21  34.96
497.2  341063.55  118514.86  34.75
498.8  337193.95  116466.01  34.54
500.3  331836.10  113892.34  34.32
501.9  325854.50  111148.10  34.11
503.5  324851.80  110066.32  33.88
505.0  326496.50  109934.94  33.67
506.6  329025.60  110146.05  33.48
508.2  327564.00  109077.84  33.30
509.7  326848.50  108272.16  33.13
511.3  326416.30  107591.81  32.96
512.9  323013.15  105930.18  32.79
514.4  317108.50  103474.30  32.63
516.0  309540.00  100548.00  32.48
517.5  300022.65  96962.40  32.32
519.1  300673.10  96574.66  32.12
520.7  307538.00  98184.24  31.93
522.2  311130.50  98813.90  31.76
523.8  315284.60  99681.86  31.62
525.4  316573.05  99641.79  31.48
526.9  312631.00  98008.50  31.35
528.5  315670.80  98511.06  31.21
530.0  320851.35  99679.08  31.07
531.6  322624.00  99780.56  30.93
533.2  320741.10  98783.98  30.80
534.7  322672.00  98935.20  30.66
536.3  323008.20  98628.84  30.53
537.8  321541.85  97748.28  30.40
539.4  318642.00  96445.44  30.27
541.0  315854.40  95170.32  30.13
542.5  316213.20  94850.16  30.00
544.1  318577.70  95143.96  29.87
545.6  319652.25  95082.60  29.75
547.2  319272.40  94595.31  29.63
548.7  319536.00  94304.00  29.51
550.3  320149.95  94122.34  29.40
551.8  320553.45  93872.52  29.28
553.4  321578.40  93796.56  29.17
554.9  322986.40  93797.84  29.04
556.5  321667.20  93019.52  28.92
558.0  318806.50  91821.70  28.80
559.6  316361.50  90749.40  28.69
561.1  318229.50  90913.27  28.57
562.7  320253.20  91122.84  28.45
564.2  322536.75  91408.55  28.34
565.8  322007.00  90915.56  28.23
567.3  321859.30  90418.75  28.09
568.9  321325.80  89743.36  27.93
570.4  319659.75  88771.95  27.77
572.0  320415.00  88467.75  27.61
573.5  322861.35  88652.13  27.46
575.1  323547.20  88360.64  27.31
576.6  323025.50  87803.40  27.18
578.2  321855.65  87119.56  27.07
579.7  321827.20  86818.07  26.98
581.2  323719.90  87086.22  26.90
582.8  326639.70  87644.86  26.83
584.3  327406.00  87579.20  26.75
585.9  325750.80  86836.92  26.66
587.4  322056.00  85451.76  26.53
588.9  313777.75  82772.35  26.38
590.5  309021.60  81028.80  26.22
592.0  309947.70  80902.17  26.10
593.6  311467.00  80978.04  26.00
595.1  312049.10  80851.10  25.91
596.6  313005.60  80895.04  25.84
598.2  313514.50  80856.30  25.79
599.7  312961.45  80558.92  25.74
601.2  311928.40  80131.38  25.69
602.8  312008.80  79955.82  25.63
604.3  313407.00  80107.26  25.56
605.8  314614.20  80183.00  25.49
607.4  314381.25  79876.53  25.41
608.9  312624.50  79185.99  25.33
610.5  310792.90  78475.76  25.25
612.0  309145.20  77819.82  25.17
613.5  307014.50  77047.90  25.10
615.0  305067.70  76315.61  25.02
616.6  302604.80  75470.72  24.94
618.1  302929.20  75312.72  24.86
619.6  304570.00  75483.20  24.78
621.2  305447.20  75445.00  24.70
622.7  304204.80  74895.36  24.62
624.2  302169.60  74133.72  24.53
625.8  299642.35  73241.58  24.44
627.3  297946.75  72494.75  24.33
628.8  295952.65  71648.78  24.21
630.3  294711.15  71118.99  24.13
631.8  294149.70  70839.34  24.08
633.4  294993.60  70956.38  24.05
634.9  295888.40  71115.02  24.03
636.4  297099.75  71320.48  24.01
638.0  298738.80  71632.26  23.98
639.5  298620.00  71517.60  23.95
641.0  297847.55  71249.64  23.92
642.5  297362.80  71027.18  23.89
644.0  296958.00  70803.80  23.84
645.5  295739.00  70310.54  23.77
647.1  293646.00  69594.32  23.70
648.6  291364.30  68852.76  23.63
650.1  289970.25  68445.90  23.60
651.6  290511.85  68503.80  23.58
653.1  291174.15  68596.08  23.56
654.7  288596.00  67895.02  23.53
656.2  280041.60  65813.54  23.50
657.7  276544.80  64956.64  23.49
659.2  280524.40  65870.09  23.48
660.7  285497.25  66964.60  23.46
662.2  289802.50  67849.86  23.41
663.7  291765.90  68169.15  23.36
665.2  292394.80  68150.78  23.31
666.8  292562.65  68018.74  23.25
668.3  292422.00  67834.08  23.20
669.8  292084.65  67599.95  23.14
671.3  291212.10  67257.18  23.10
672.8  290766.00  66955.30  23.03
674.3  290218.40  66646.44  22.96
675.8  290122.50  66427.70  22.90
677.3  289737.00  66174.50  22.84
678.8  289313.20  65938.18  22.79
680.3  288591.40  65646.96  22.75
681.8  287662.55  65290.89  22.70
683.3  285689.25  64681.54  22.64
684.8  281696.80  63548.56  22.56
686.3  269374.00  60357.12  22.41
687.8  255091.20  56576.52  22.18
689.3  249582.90  55004.95  22.04
690.8  250111.20  54979.20  21.98
692.3  253739.20  55693.98  21.95
693.8  255997.20  56034.20  21.89
695.3  258034.40  56380.74  21.85
696.8  261330.00  57121.68  21.86
698.3  261856.00  57176.00  21.83
699.8  260115.95  56592.27  21.76
701.3  257838.70  55917.88  21.69
702.8  257948.80  55831.20  21.64
704.2  259585.00  56145.68  21.63
705.7  261246.40  56451.52  21.61
707.2  262118.80  56624.93  21.60
708.7  262514.40  56678.76  21.59
710.2  262813.65  56699.76  21.57
711.7  262257.00  56538.80  21.56
713.2  261192.80  56237.12  21.53
714.7  258619.20  55525.80  21.47
716.2  250331.40  53401.88  21.33
717.6  234576.00  49453.20  21.08
719.1  220106.20  45907.40  20.86
720.6  217436.80  45206.40  20.79
722.1  223068.50  46564.80  20.87
723.6  223066.60  46527.82  20.86
725.0  220533.30  45797.58  20.77
726.5  219539.40  45460.29  20.71
728.0  219019.95  45287.37  20.68
729.5  219230.80  45302.88  20.66
731.0  221612.80  45819.34  20.68
732.4  227317.20  47180.10  20.76
733.9  234246.95  48877.99  20.87
735.4  238439.85  49897.32  20.93
736.8  240483.00  50388.00  20.95
738.3  241386.15  50628.58  20.97
739.8  241741.50  50762.25  21.00
741.2  241836.30  50851.80  21.03
742.7  242827.20  51100.00  21.04
744.2  244490.40  51461.76  21.05
745.7  245295.00  51606.75  21.04
747.1  245844.60  51700.20  21.03
748.6  245532.30  51572.61  21.00
750.0  244358.85  51285.64  20.99
751.5  243239.10  50969.62  20.95
753.0  242630.10  50778.75  20.93
754.4  242358.00  50666.40  20.91
755.9  241437.50  50412.50  20.88
757.3  239022.55  49784.28  20.83
758.8  220483.60  45649.78  20.70
760.3  170989.50  34636.50  20.26
761.7  135824.00  26590.16  19.58
763.2  125070.00  23905.20  19.11
764.6  130003.20  24788.52  19.07
766.1  151670.40  29541.12  19.48
767.5  179056.15  35675.53  19.92
769.0  202006.50  40880.80  20.24
770.4  216891.00  44250.75  20.40
771.9  224910.00  46088.00  20.49
773.3  228805.50  46978.00  20.53
774.8  230087.00  47275.80  20.55
776.2  230781.60  47399.88  20.54
777.7  230715.10  47342.68  20.52
779.1  230140.00  47197.20  20.51
780.5  229646.80  47038.62  20.48
782.0  229142.85  46890.47  20.46
783.4  228172.80  46632.96  20.44
784.9  227331.60  46384.36  20.40
786.3  226392.40  46098.00  20.36
787.8  224538.20  45610.32  20.31
789.2  222126.80  44975.82  20.25
790.6  219565.80  44339.82  20.19
792.0  217579.60  43849.12  20.15
793.5  215645.40  43484.40  20.16
794.9  214875.00  43318.80  20.16
796.3  214706.30  43203.31  20.12
797.8  215097.50  43214.64  20.09
799.2  214978.60  43157.90  20.08
800.6  213886.00  42850.48  20.03
802.1  212712.30  42542.46  20.00
803.5  211714.80  42305.12  19.98
804.9  211351.40  42212.56  19.97
806.3  211628.75  42306.20  19.99
807.8  211516.15  42283.36  19.99
809.2  209880.85  41915.54  19.97
810.6  207863.25  41367.15  19.90
812.0  204617.55  40526.60  19.81
813.4  197943.75  38930.00  19.67
814.8  188331.15  36737.00  19.51
816.3  179108.55  34656.24  19.35
817.7  173290.00  33361.12  19.25
819.1  171838.80  33072.15  19.25
820.5  175675.50  33957.00  19.33
821.9  177081.15  34289.67  19.36
823.3  172222.05  33203.17  19.28
824.7  175763.70  33939.74  19.31
826.1  181227.20  35161.28  19.40
827.5  182489.25  35395.65  19.40
828.9  180949.50  35044.65  19.37
830.3  180950.00  35052.60  19.37
831.7  181311.30  35134.80  19.38
833.2  181879.35  35258.25  19.39
834.5  184141.30  35747.46  19.41
835.9  187346.90  36481.90  19.47
837.3  190354.75  37096.20  19.49
838.7  192241.25  37600.75  19.56
840.1  193741.60  37917.18  19.57
841.5  194545.20  38123.88  19.60
842.9  194781.45  38160.06  19.59
844.3  194350.00  38092.60  19.60
845.7  194806.00  38203.20  19.61
847.1  195045.30  38240.56  19.61
848.5  193908.75  38003.00  19.60
849.9  189953.70  37232.82  19.60
851.2  187898.70  36747.48  19.56
852.6  186796.80  36548.61  19.57
854.0  180237.20  35290.97  19.58
855.4  177209.20  34642.40  19.55
856.8  181636.05  35517.69  19.55
858.2  185543.10  36254.37  19.54
859.5  187359.00  36572.20  19.52
860.9  187814.40  36686.88  19.53
862.3  188221.40  36721.80  19.51
863.7  188243.05  36787.25  19.54
865.0  185385.00  36204.60  19.53
866.4  178208.80  34794.90  19.52
867.8  176568.15  34418.67  19.49
869.1  178887.60  34871.76  19.49
870.5  181020.60  35287.56  19.49
871.9  182475.20  35489.88  19.45
873.2  182392.40  35460.84  19.44
874.6  181459.60  35301.42  19.45
876.0  180941.20  35185.24  19.45
877.3  180803.50  35104.32  19.42
878.7  180604.60  35051.28  19.41
880.0  179468.40  34769.40  19.37
881.4  178294.50  34520.85  19.36
882.8  178230.75  34493.52  19.35
884.1  178622.50  34513.50  19.32
885.5  177925.05  34359.45  19.31
886.8  176433.40  34089.77  19.32
888.2  175890.40  33921.72  19.29
889.5  176041.25  33890.78  19.25
890.9  175642.60  33885.44  19.29
892.2  173696.75  33387.08  19.22
893.6  169956.00  32574.90  19.17
894.9  164228.40  31313.52  19.07
896.2  155602.75  29324.20  18.85
897.6  147108.00  27552.00  18.73
898.9  138971.50  25848.20  18.60
900.3  133504.80  24728.73  18.52
901.6  131686.80  24339.00  18.48
903.0  135925.60  25161.80  18.51
904.3  144139.95  26937.63  18.69
905.6  147546.75  27648.40  18.74
907.0  143507.00  26705.25  18.61
908.3  136551.35  25285.26  18.52
909.6  132343.65  24304.62  18.36
911.0  131882.80  24239.44  18.38
912.3  131785.50  24189.20  18.35
913.6  129783.45  23702.10  18.26
914.9  128421.60  23397.36  18.22
916.2  127667.00  23217.58  18.19
917.6  127581.60  23289.66  18.25
918.9  131519.65  24106.85  18.33
920.2  136754.80  25308.92  18.51
921.5  139238.40  25840.64  18.56
922.9  138966.00  25758.00  18.54
924.2  137406.30  25416.94  18.50
925.5  136790.50  25198.25  18.42
926.8  135537.60  25047.88  18.48
928.1  128568.45  23554.01  18.32
929.4  116637.00  21063.27  18.06
930.7  102083.20  18179.20  17.81
932.0  85656.00  14989.80  17.50
933.4  70425.70  12041.70  17.10
934.7  61180.20  10370.79  16.95
936.0  58404.50  9784.65  16.75
937.3  56994.80  9473.46  16.62
938.6  64623.80  10822.54  16.75
939.9  75456.00  12890.40  17.08
941.2  79600.00  13770.80  17.30
942.5  78628.20  13455.96  17.11
943.8  73647.50  12660.75  17.19
945.1  70711.20  12037.74  17.02
946.4  70093.60  11967.20  17.07
947.7  72010.80  12233.16  16.99
949.0  73272.40  12624.04  17.23
950.2  75348.00  13006.50  17.26
951.5  76582.80  13037.31  17.02
952.8  76411.50  12966.80  16.97
954.1  78169.40  13373.56  17.11
955.4  78077.00  13412.00  17.18
956.7  79818.80  13822.28  17.32
958.0  82564.80  14535.36  17.60
959.3  83044.50  14495.04  17.45
960.5  85982.40  14944.56  17.38
961.8  89543.20  15722.12  17.56
963.1  92767.50  16327.08  17.60
964.4  95968.70  16929.31  17.64
965.7  97641.90  17334.18  17.75
966.9  102791.60  18323.72  17.83
968.2  111553.40  20261.74  18.16
969.5  118156.80  21662.08  18.33
970.8  122130.00  22420.00  18.36
972.0  123338.25  22742.37  18.44
973.3  120304.80  22219.56  18.47
974.6  117052.65  21282.30  18.18
975.8  115487.05  20928.04  18.12
977.1  116457.40  21339.68  18.32
978.4  118793.35  21634.99  18.21
979.6  119767.05  21788.13  18.19
980.9  122262.75  22518.45  18.42
982.2  125445.50  23115.80  18.43
983.4  128035.40  23736.90  18.54
984.7  129882.60  24068.64  18.53
985.9  131188.75  24588.52  18.74
987.2  133318.80  24824.88  18.62
988.5  133833.15  25201.33  18.83
989.7  135318.30  25141.98  18.58
991.0  135887.60  25212.88  18.55
992.2  135634.50  25452.40  18.77
993.5  136231.20  25532.64  18.74
994.7  135818.75  25761.75  18.97
996.0  135394.15  25464.86  18.81
997.2  136204.40  25400.28  18.65
998.5  135170.75  25710.80  19.02
999.7  134878.65  25617.24  18.99
1001.0  134379.00  25482.24  18.96
1002.2  133312.15  25034.19  18.78
1003.4  132332.80  25019.17  18.91
1004.7  130907.70  24519.22  18.73
1005.9  128935.20  24123.36  18.71
1007.2  128507.40  24250.59  18.87
1008.4  128587.50  24483.06  19.04
1009.6  129187.80  24402.14  18.89
1010.9  128589.30  24084.98  18.73
1012.1  129355.85  24037.78  18.58
1013.3  129463.80  24261.72  18.74
1014.6  128721.60  24109.76  18.73
1015.8  128325.00  24022.44  18.72
1017.1  128104.40  23967.92  18.71
1018.3  127191.10  23978.65  18.85
1019.5  127860.70  23670.08  18.51
1020.8  127657.25  23815.05  18.66
1022.0  127641.15  23782.71  18.63
1023.2  126893.40  23820.34  18.77
1024.4  126112.65  23859.15  18.92
1025.7  127627.50  23901.15  18.73
1026.9  127244.40  24021.84  18.88
1028.1  126843.60  23661.21  18.65
1029.3  127464.30  23743.35  18.63
1030.6  126868.50  23835.90  18.79
1031.8  128054.55  23762.70  18.56
1033.0  126126.60  23597.88  18.71
1034.2  125482.50  23981.10  19.11
1035.4  126240.40  23813.53  18.86
1036.7  125315.50  23883.66  19.06
1037.9  125857.05  23351.79  18.55
1039.1  126161.55  23986.27  19.01
1040.3  126743.65  23744.38  18.73
1041.5  126745.85  24361.54  19.22
1042.7  126753.75  24336.72  19.20
1043.9  126768.15  23964.39  18.90
1045.2  126479.40  23870.76  18.87
1046.4  126180.30  23773.10  18.84
1047.6  125551.30  23236.36  18.51
1048.8  124891.00  23441.08  18.77
1050.0  126176.00  23658.00  18.75
1051.2  125484.90  24287.40  19.35
1052.4  126486.55  23638.47  18.69
1053.6  127179.00  23740.08  18.67
1054.8  126109.40  23047.58  18.28
1056.0  124986.40  23211.76  18.57
1057.2  125320.25  23241.21  18.55
1058.4  123346.90  23273.00  18.87
1059.7  124066.80  23381.82  18.85
1060.9  124401.75  22928.95  18.43
1062.1  122671.50  23032.20  18.78
1063.3  120851.10  23141.70  19.15
1064.5  121578.00  23258.40  19.13
1065.7  121902.75  23296.97  19.11
1066.9  121787.60  22143.20  18.18
1068.1  124984.20  22724.40  18.18
1069.3  124945.10  22083.32  17.67
1070.5  121921.70  22600.12  18.54
1071.7  121784.00  22530.04  18.50
1072.9  121644.90  22457.52  18.46
1074.1  122582.30  22580.95  18.42
1075.3  124741.80  23599.80  18.92
1076.5  121779.95  23039.45  18.92
