/*** Spectra Vista SIG Data ***/
name= 230505_1719_R963_T967.sig
instrument= HK: 9202056 (HR-512i)
integration= 20.0, 0.0, 0.0, 50.0, 0.0, 0.0
scan method= Time-based, Time-based
scan coadds= 250, 0, 0, 100, 0, 0
scan time= 5, 5
scan settings= AI, AI
external data set1= 0,0,0,0,0,0,0,0,0,0,0,0,0,0,0,0,0,0,0,0,0,0,0,0,0,0,0,0,0,0,0,0
external data set2= 0,0,0,0,0,0,0,0,0,0,0,0,0,0,0,0,0,0,0,0,0,0,0,0,0,0,0,0,0,0,0,0
external data dark= 0,0,0,0,0,0,0,0,0,0,0,0,0,0,0,0
external data mask= 0
optic= LENS 4(1), LENS 4(1)
temp= 27.7, 0.0, 0.0, 28.0, 0.0, 0.0
battery= 8.25, 8.25
error= 0, 0
units= Radiance, Radiance
time= 5/5/2023 5:17:42 PM, 5/5/2023 5:19:34 PM
longitude= 07749.1536W     , 07749.4489W     
latitude= 3411.4076N      , 3411.5078N      
gpstime= 182541.000      , 182733.000      
comm= 
memory slot= 963, 967
factors= 1.000, 1.000, 1.000 [Overlap: Preserve, Matching Type: None]
inclinometer x offset= 3, 5
inclinometer y offset= -14, -10
data= 
339.7  33272.25  45214.29  135.89
341.4  35976.60  48664.00  135.27
343.0  37700.93  50467.64  133.86
344.7  38540.13  51183.85  132.81
346.4  40265.30  53340.04  132.47
348.0  42203.35  55526.08  131.57
349.7  44155.80  57844.80  131.00
351.3  47655.95  61857.15  129.80
353.0  50204.35  64577.10  128.63
354.6  53471.10  68250.46  127.64
356.2  53932.73  67336.50  124.85
357.9  50851.50  62098.95  122.12
359.5  50470.80  61792.96  122.43
361.2  53934.30  65601.72  121.63
362.8  56860.83  68404.00  120.30
364.5  60553.65  72178.98  119.20
366.1  65744.60  77971.64  118.60
367.7  69767.10  81597.96  116.96
369.4  70834.23  81563.79  115.15
371.0  71453.20  81366.74  113.87
372.6  70061.25  78492.15  112.03
374.3  66839.38  73809.35  110.43
375.9  67130.80  74280.69  110.65
377.5  72530.25  80289.30  110.70
379.1  77271.70  84342.17  109.15
380.8  76395.20  81672.64  106.91
382.4  71622.00  74996.10  104.71
384.0  64675.58  66933.45  103.49
385.6  66270.75  69096.36  104.26
387.3  70293.60  72614.88  103.30
388.9  74212.45  75605.90  101.88
390.5  80219.15  80979.03  100.95
392.1  84124.13  83216.70  98.92
393.8  77800.00  74672.00  95.98
395.4  78297.98  74948.37  95.72
397.0  82998.50  78429.91  94.50
398.6  93745.05  87720.34  93.57
400.2  114512.60  105952.80  92.53
401.8  129726.63  117365.85  90.47
403.4  138181.40  122257.52  88.48
405.0  140130.00  121572.00  86.76
406.6  139812.75  119334.60  85.35
408.3  141295.35  118990.83  84.21
409.9  144452.00  120106.88  83.15
411.5  146995.88  120670.65  82.09
413.1  152250.00  123710.00  81.25
414.7  154849.80  124401.48  80.34
416.3  156589.13  124560.70  79.55
417.9  156330.30  123225.06  78.82
419.5  155033.63  121187.73  78.17
421.1  155920.40  121132.56  77.69
422.7  156708.20  120818.72  77.10
424.3  155685.85  119092.62  76.50
425.9  155360.43  118057.06  75.99
427.5  153121.75  115490.10  75.42
429.1  148613.73  111186.67  74.82
430.7  139955.78  103776.60  74.15
432.3  141396.45  104956.28  74.23
433.9  151054.93  111794.76  74.01
435.5  158135.80  116120.99  73.43
437.1  166041.00  121113.60  72.94
438.7  166582.90  120344.54  72.24
440.3  166963.48  119997.01  71.87
441.9  172297.13  123440.40  71.64
443.5  179061.65  127554.03  71.23
445.0  183248.75  129502.50  70.67
446.6  184335.53  129388.27  70.19
448.2  188014.30  131452.61  69.92
449.8  192857.60  134199.39  69.58
451.4  197892.33  136916.64  69.19
453.0  197176.65  135353.68  68.65
454.6  194487.00  132807.99  68.29
456.2  194989.23  132740.72  68.08
457.8  196809.43  133385.17  67.77
459.3  196989.90  132738.51  67.38
460.9  197537.45  132576.18  67.11
462.5  199858.80  133587.36  66.84
464.1  199940.40  132942.72  66.49
465.7  198104.40  131025.12  66.14
467.2  196089.00  129161.20  65.87
468.8  195079.35  127990.59  65.61
470.4  194238.00  126870.30  65.32
472.0  194951.03  126852.33  65.07
473.6  196915.68  127604.73  64.80
475.1  198211.93  127808.04  64.48
476.7  198400.75  127278.20  64.15
478.3  199695.90  127604.97  63.90
479.9  201093.98  128036.16  63.67
481.5  202241.10  128292.20  63.44
483.0  201907.60  127545.00  63.17
484.6  198086.40  124469.76  62.84
486.2  189224.00  118211.59  62.47
487.8  184180.50  114972.48  62.42
489.3  187237.50  116850.00  62.41
490.9  191170.80  118824.24  62.16
492.5  191896.38  118620.15  61.81
494.0  193267.50  119106.80  61.63
495.6  194886.30  119707.63  61.42
497.2  195397.65  119513.06  61.16
498.8  193342.58  117703.29  60.88
500.3  190277.45  115363.62  60.63
501.9  186696.75  112771.55  60.40
503.5  185680.30  111864.48  60.25
505.0  186293.10  111915.93  60.08
506.6  187704.90  112399.56  59.88
508.2  187045.20  111533.76  59.63
509.7  186540.08  110924.01  59.46
511.3  186318.53  110443.93  59.28
512.9  184623.30  109004.13  59.04
514.4  181337.75  106719.50  58.85
516.0  177090.00  103974.00  58.71
517.5  171568.58  100405.53  58.52
519.1  171171.65  100069.58  58.46
520.7  174867.00  101911.04  58.28
522.2  177174.50  102778.90  58.01
523.8  179563.78  103912.90  57.87
525.4  180568.50  104148.59  57.68
526.9  178480.95  102626.18  57.50
528.5  179707.13  103339.92  57.50
530.0  182643.75  104795.97  57.38
531.6  183961.00  105153.84  57.16
533.2  183031.30  104290.12  56.98
534.7  183904.00  104647.20  56.90
536.3  184188.90  104550.24  56.76
537.8  183430.10  103803.63  56.59
539.4  181897.80  102616.80  56.41
541.0  180214.20  101402.40  56.27
542.5  180186.60  101225.76  56.18
544.1  181462.70  101725.48  56.06
545.6  182137.13  101836.95  55.91
547.2  182027.60  101490.97  55.76
548.7  182126.00  101337.60  55.64
550.3  182454.23  101306.22  55.52
551.8  182687.40  101209.50  55.40
553.4  183240.20  101284.04  55.27
554.9  184020.75  101462.12  55.14
556.5  183434.40  100780.88  54.94
558.0  181852.75  99639.20  54.79
559.6  180270.13  98597.45  54.69
561.1  181021.20  98894.55  54.63
562.7  182069.65  99250.57  54.51
564.2  183279.85  99688.69  54.39
565.8  183077.70  99293.08  54.24
567.3  182897.48  98878.80  54.06
568.9  182557.25  98300.78  53.85
570.4  181564.88  97354.17  53.62
572.0  181717.13  97145.40  53.46
573.5  182943.60  97494.81  53.29
575.1  183372.80  97322.56  53.07
576.6  183045.75  96837.50  52.90
578.2  182382.83  96222.61  52.76
579.7  182230.95  95999.03  52.68
581.2  183194.55  96428.66  52.64
582.8  184878.83  97193.08  52.57
584.3  185451.75  97288.35  52.46
585.9  184639.20  96601.74  52.32
587.4  182525.40  95230.08  52.17
588.9  177898.00  92394.30  51.94
590.5  174602.50  90541.74  51.86
592.0  174675.90  90529.08  51.83
593.6  175489.60  90766.52  51.72
595.1  175904.85  90740.10  51.58
596.6  176489.20  90912.32  51.51
598.2  176964.38  91003.30  51.42
599.7  176844.78  90786.51  51.34
601.2  176378.83  90418.23  51.26
602.8  176431.85  90329.97  51.20
604.3  177202.40  90640.32  51.15
605.8  177977.30  90840.28  51.04
607.4  177930.68  90621.99  50.93
608.9  176982.85  89953.76  50.83
610.5  175921.90  89250.70  50.73
612.0  174968.63  88616.19  50.65
613.5  173771.25  87828.05  50.54
615.0  172663.23  87093.72  50.44
616.6  171249.20  86216.80  50.35
618.1  171234.00  86138.64  50.30
619.6  172083.00  86434.80  50.23
621.2  172664.00  86515.36  50.11
622.7  172089.60  85992.96  49.97
624.2  170995.95  85225.14  49.84
625.8  169510.40  84311.17  49.74
627.3  168441.38  83539.70  49.60
628.8  167197.63  82667.41  49.44
630.3  166431.70  82137.20  49.35
631.8  166076.30  81897.66  49.31
633.4  166564.75  82116.32  49.30
634.9  167155.60  82379.14  49.28
636.4  167881.00  82691.73  49.26
638.0  168843.30  83141.46  49.24
639.5  168945.00  83092.80  49.18
641.0  168553.00  82828.13  49.14
642.5  168302.05  82658.66  49.11
644.0  168022.50  82465.40  49.08
645.5  167376.15  81984.22  48.98
647.1  166094.20  81218.08  48.90
648.6  164646.95  80407.24  48.84
650.1  163702.88  79977.45  48.86
651.6  163775.33  80073.93  48.89
653.1  164283.38  80191.47  48.81
654.7  163295.68  79457.60  48.66
656.2  158723.18  77086.72  48.57
657.7  156279.20  76067.52  48.67
659.2  158198.30  77191.66  48.79
660.7  161084.63  78558.30  48.77
662.2  163732.40  79682.46  48.67
663.7  164996.48  80145.99  48.57
665.2  165360.85  80208.90  48.51
666.8  165454.95  80162.85  48.45
668.3  165355.35  80029.74  48.40
669.8  165181.78  79876.61  48.36
671.3  164804.15  79561.64  48.28
672.8  164569.60  79307.91  48.19
674.3  164370.60  79041.60  48.09
675.8  164301.75  78870.90  48.00
677.3  164133.20  78653.12  47.92
678.8  163914.85  78449.58  47.86
680.3  163542.10  78167.58  47.80
681.8  163015.83  77837.48  47.75
683.3  161970.60  77186.78  47.65
684.8  159866.70  75976.36  47.52
686.3  153277.60  72335.32  47.19
687.8  144690.00  67867.80  46.91
689.3  140864.33  66060.89  46.90
690.8  140842.80  66118.56  46.94
692.3  142811.48  67105.59  46.99
693.8  144040.20  67630.94  46.95
695.3  145116.40  68186.82  46.99
696.8  147159.70  69215.92  47.03
698.3  147840.00  69440.00  46.97
699.8  146997.95  68868.90  46.85
701.3  145642.25  68159.48  46.80
702.8  145664.25  68176.82  46.80
704.2  146685.70  68691.84  46.83
705.7  147802.00  69186.88  46.81
707.2  148510.83  69527.76  46.82
708.7  148905.90  69708.36  46.81
710.2  149259.13  69880.53  46.82
711.7  149131.25  69828.20  46.82
713.2  148659.60  69572.80  46.80
714.7  147299.10  68843.40  46.74
716.2  142704.50  66356.92  46.50
717.6  133488.00  61592.40  46.14
719.1  124389.00  57213.52  46.00
720.6  121937.60  56369.28  46.23
722.1  125241.00  58184.20  46.46
723.6  125837.35  58277.38  46.31
725.0  124375.95  57436.38  46.18
726.5  123614.78  57119.88  46.21
728.0  123375.15  57010.50  46.21
729.5  123543.20  57101.20  46.22
731.0  124880.60  57827.09  46.31
732.4  128300.70  59656.74  46.50
733.9  132816.95  61951.19  46.64
735.4  135846.70  63391.35  46.66
736.8  137427.00  64125.00  46.66
738.3  138270.85  64576.10  46.70
739.8  138773.25  64864.80  46.74
741.2  139087.80  65120.49  46.82
742.7  139838.80  65524.80  46.86
744.2  140973.00  66091.20  46.88
745.7  141637.13  66395.55  46.88
747.1  142115.85  66601.32  46.86
748.6  142074.30  66537.93  46.83
750.0  141526.78  66241.93  46.81
751.5  140866.05  65902.46  46.78
753.0  140549.43  65723.09  46.76
754.4  140399.00  65608.40  46.73
755.9  139968.75  65350.00  46.69
757.3  138741.53  64651.47  46.60
758.8  129400.45  59576.40  46.04
760.3  101845.50  45408.00  44.59
761.7  79110.95  34713.48  43.88
763.2  70950.00  31152.00  43.91
764.6  72627.30  32127.84  44.24
766.1  84571.20  38236.80  45.21
767.5  100791.18  46287.27  45.92
769.0  115080.00  53183.40  46.21
770.4  124650.00  57726.80  46.31
771.9  129990.00  60228.00  46.33
773.3  132620.88  61453.45  46.34
774.8  133633.50  61904.70  46.32
776.2  134080.35  62120.16  46.33
777.7  134157.10  62089.72  46.28
779.1  133829.00  61908.40  46.26
780.5  133560.90  61758.80  46.24
782.0  133306.38  61605.37  46.21
783.4  132787.20  61301.76  46.17
784.9  132260.00  61010.76  46.13
786.3  131635.40  60660.24  46.08
787.8  130554.75  60031.23  45.98
789.2  128993.83  59190.64  45.89
790.6  127423.65  58370.37  45.81
792.0  126199.50  57793.54  45.80
793.5  125165.70  57324.96  45.80
794.9  124756.43  57156.75  45.81
796.3  124561.10  56987.14  45.75
797.8  124667.85  57051.84  45.76
799.2  124698.40  56979.24  45.69
800.6  124072.20  56608.80  45.63
802.1  123337.78  56239.42  45.60
803.5  122743.50  55946.44  45.58
804.9  122510.70  55872.96  45.61
806.3  122774.00  56030.30  45.64
807.8  122846.28  56033.40  45.61
809.2  121967.35  55577.50  45.57
810.6  120628.50  54847.95  45.47
812.0  118602.98  53708.19  45.28
813.4  114537.50  51595.00  45.05
814.8  108698.30  48644.11  44.75
816.3  102858.23  45849.15  44.58
817.7  98998.90  44116.28  44.56
819.1  97909.48  43755.25  44.69
820.5  100138.50  44952.60  44.89
821.9  101507.75  45531.80  44.86
823.3  98762.13  44064.02  44.62
824.7  100375.75  45026.56  44.86
826.1  103796.00  46717.44  45.01
827.5  104834.25  47094.00  44.92
828.9  104090.50  46598.95  44.77
830.3  103981.63  46633.40  44.85
831.7  104290.05  46776.48  44.85
833.2  104643.83  46993.26  44.91
834.5  105985.95  47663.28  44.97
835.9  108074.20  48715.68  45.08
837.3  109937.88  49628.70  45.14
838.7  111375.63  50285.00  45.15
840.1  112490.50  50814.18  45.17
841.5  113121.20  51064.48  45.14
842.9  113315.33  51165.15  45.15
844.3  113246.25  51158.90  45.17
845.7  113548.40  51331.76  45.21
847.1  113738.00  51428.02  45.22
848.5  113230.25  51117.15  45.14
849.9  111161.60  50117.46  45.09
851.2  109714.28  49519.47  45.13
852.6  109045.88  49261.17  45.17
854.0  105576.90  47526.05  45.02
855.4  103427.55  46634.00  45.09
856.8  105659.23  47862.87  45.30
858.2  108148.05  48931.44  45.24
859.5  109422.50  49408.80  45.15
860.9  109850.40  49616.64  45.17
862.3  109988.00  49636.52  45.13
863.7  110092.58  49671.76  45.12
865.0  108686.50  48927.10  45.02
866.4  104660.85  47019.14  44.93
867.8  103200.08  46575.21  45.13
869.1  104445.45  47175.00  45.17
870.5  105786.30  47737.50  45.13
871.9  106604.95  48093.04  45.11
873.2  106656.50  48063.92  45.06
874.6  106280.65  47860.96  45.03
876.0  105916.80  47662.56  45.00
877.3  105841.15  47658.99  45.03
878.7  105626.95  47557.84  45.02
880.0  104932.80  47219.76  45.00
881.4  104215.88  46870.80  44.97
882.8  104377.05  46873.62  44.91
884.1  104448.75  46926.25  44.93
885.5  104063.18  46746.36  44.92
886.8  103178.08  46324.85  44.90
888.2  102864.48  46216.10  44.93
889.5  102898.95  46156.88  44.86
890.9  102669.20  46086.04  44.89
892.2  101536.83  45417.62  44.73
893.6  99377.05  44235.77  44.51
894.9  95760.00  42421.68  44.30
896.2  90303.00  39762.45  44.03
897.6  84993.00  37293.60  43.88
898.9  79964.75  34930.00  43.68
900.3  76487.13  33376.20  43.64
901.6  75066.60  32896.08  43.82
903.0  77171.50  34033.28  44.10
904.3  82309.43  36441.94  44.27
905.6  84806.15  37538.02  44.26
907.0  82678.38  36308.35  43.92
908.3  78674.38  34260.98  43.55
909.6  75605.13  32905.57  43.52
911.0  75080.40  32731.68  43.60
912.3  74878.13  32689.65  43.66
913.6  73707.75  32084.55  43.53
914.9  72713.60  31606.96  43.47
916.2  72146.70  31412.02  43.54
917.6  72366.45  31413.96  43.41
918.9  74456.60  32467.96  43.61
920.2  77968.80  34281.52  43.97
921.5  79654.40  35123.20  44.09
922.9  79659.00  35107.20  44.07
924.2  78702.20  34577.36  43.93
925.5  78049.13  34295.80  43.94
926.8  77402.60  33950.84  43.86
928.1  73564.10  31855.28  43.30
929.4  66551.70  28541.76  42.89
930.7  58208.40  24541.92  42.16
932.0  48538.40  20200.54  41.62
933.4  39409.20  16274.54  41.30
934.7  33761.03  13877.46  41.10
936.0  31477.75  13122.05  41.69
937.3  30615.45  12708.30  41.51
938.6  34258.40  14404.10  42.05
939.9  40675.50  17213.40  42.32
941.2  43581.00  18387.60  42.19
942.5  43367.10  18076.38  41.68
943.8  40754.38  16963.75  41.62
945.1  38933.25  16162.56  41.51
946.4  38252.30  15984.76  41.79
947.7  39042.00  16397.64  42.00
949.0  40167.40  16861.48  41.98
950.2  41262.00  17401.80  42.17
951.5  41938.20  17595.81  41.96
952.8  41910.55  17505.18  41.77
954.1  42616.45  17988.38  42.21
955.4  42870.50  18106.20  42.23
956.7  44046.35  18591.94  42.21
958.0  45484.80  19479.36  42.83
959.3  46051.95  19427.38  42.19
960.5  47597.40  20062.56  42.15
961.8  49717.30  21136.36  42.51
963.1  51419.70  21946.14  42.68
964.4  53106.28  22859.96  43.05
965.7  54580.73  23368.23  42.81
966.9  57261.63  24692.33  43.12
968.2  62321.93  27205.37  43.65
969.5  66897.60  29191.68  43.64
970.8  69620.00  30444.00  43.73
972.0  70693.88  30924.81  43.74
973.3  69052.50  30076.20  43.56
974.6  66976.65  28918.89  43.18
975.8  65400.13  28201.81  43.12
977.1  66361.20  28756.52  43.33
978.4  67360.48  29333.33  43.55
979.6  68003.33  29637.27  43.58
980.9  70111.13  30531.15  43.55
982.2  71884.50  31431.85  43.73
983.4  73728.25  32080.78  43.51
984.7  74847.60  32874.24  43.92
985.9  76089.48  33434.39  43.94
987.2  77003.10  34172.52  44.38
988.5  77873.68  34436.60  44.22
989.7  78068.25  34590.24  44.31
991.0  78585.60  34544.92  43.96
992.2  78701.50  34829.60  44.26
993.5  78825.60  34957.44  44.35
994.7  78862.50  34874.75  44.22
996.0  79353.53  34969.35  44.07
997.2  79145.80  35339.52  44.65
998.5  79401.00  35352.35  44.52
999.7  79568.70  35126.67  44.15
1001.0  78636.60  34839.00  44.30
1002.2  77850.23  34803.63  44.71
1003.4  77021.83  34117.05  44.30
1004.7  75843.35  33661.98  44.38
1005.9  74865.60  33273.60  44.44
1007.2  74617.20  33163.20  44.44
1008.4  74580.75  33329.88  44.69
1009.6  74846.90  33424.78  44.66
1010.9  74500.15  33474.04  44.93
1012.1  74354.15  33612.15  45.21
1013.3  74416.20  33232.44  44.66
1014.6  75087.60  33304.16  44.35
1015.8  74428.50  33261.84  44.69
1017.1  74383.20  33265.82  44.72
1018.3  74542.33  33361.60  44.76
1019.5  74497.35  33180.38  44.54
1020.8  74019.75  33040.70  44.64
1022.0  73639.13  32946.69  44.74
1023.2  74021.15  32947.76  44.51
1024.4  73849.75  33175.58  44.92
1025.7  74256.00  32951.10  44.38
1026.9  74325.00  33059.76  44.48
1028.1  74398.65  33174.48  44.59
1029.3  74354.18  32990.76  44.37
1030.6  73686.25  33062.70  44.87
1031.8  74588.48  33003.75  44.25
1033.0  74591.00  33362.52  44.73
1034.2  74592.38  32904.30  44.11
1035.4  73879.33  32994.65  44.66
1036.7  73715.00  33024.32  44.80
1037.9  74301.15  32753.16  44.08
1039.1  73983.63  33020.06  44.63
1040.3  74602.28  32728.74  43.87
1041.5  74072.25  32921.00  44.44
1042.7  74362.20  33124.98  44.55
1043.9  74671.65  33341.76  44.65
1045.2  73928.10  32777.76  44.34
1046.4  74062.35  32916.60  44.44
1047.6  74019.05  32605.86  44.05
1048.8  73973.90  33048.08  44.68
1050.0  74917.00  32726.90  43.68
1051.2  74886.15  32787.99  43.78
1052.4  74647.80  32762.09  43.89
1053.6  74187.75  32642.61  44.00
1054.8  73926.20  32614.50  44.12
1056.0  73652.70  32585.74  44.24
1057.2  74052.88  32811.12  44.31
1058.4  74473.60  32582.20  43.75
1059.7  73962.90  32448.24  43.87
1060.9  73177.50  32198.10  44.00
1062.1  72601.50  32044.80  44.14
1063.3  71996.40  31884.12  44.29
1064.5  72682.50  31716.00  43.64
1065.7  71787.18  31423.82  43.77
1066.9  73349.35  31554.06  43.02
1068.1  73854.30  32382.27  43.85
1069.3  72642.50  31962.70  44.00
1070.5  72855.65  32115.96  44.08
1071.7  71548.10  32272.76  45.11
1072.9  71739.30  31814.82  44.35
1074.1  70968.70  31613.33  44.55
1075.3  74170.80  31691.16  42.73
1076.5  72409.70  31596.96  43.64
