/*** Spectra Vista SIG Data ***/
name= 230505_1435_R930_T939.sig
instrument= HK: 9202056 (HR-512i)
integration= 10.0, 0.0, 0.0, 10.0, 0.0, 0.0
scan method= Time-based, Time-based
scan coadds= 500, 0, 0, 500, 0, 0
scan time= 5, 5
scan settings= AI, AI
external data set1= 0,0,0,0,0,0,0,0,0,0,0,0,0,0,0,0,0,0,0,0,0,0,0,0,0,0,0,0,0,0,0,0
external data set2= 0,0,0,0,0,0,0,0,0,0,0,0,0,0,0,0,0,0,0,0,0,0,0,0,0,0,0,0,0,0,0,0
external data dark= 0,0,0,0,0,0,0,0,0,0,0,0,0,0,0,0
external data mask= 0
optic= LENS 4(1), LENS 4(1)
temp= 25.1, 0.0, 0.0, 28.0, 0.0, 0.0
battery= 8.27, 8.22
error= 0, 0
units= Radiance, Radiance
time= 5/5/2023 2:29:13 PM, 5/5/2023 2:35:28 PM
longitude= 07745.5848W     , 07746.1091W     
latitude= 3411.3895N      , 3410.9861N      
gpstime= 153714.000      , 154330.000      
comm= 
memory slot= 930, 939
factors= 1.000, 1.000, 1.000 [Overlap: Preserve, Matching Type: None]
inclinometer x offset= 5, 5
inclinometer y offset= -14, -46
data= 
339.7  56113.20  88126.50  157.05
341.4  60656.20  95242.40  157.02
343.0  63251.00  99370.65  157.11
344.7  64901.25  101278.00  156.05
346.4  68588.80  106098.30  154.69
348.0  72054.50  111169.80  154.29
349.7  75956.40  116391.60  153.23
351.3  82203.10  125352.90  152.49
353.0  86771.30  131694.50  151.77
354.6  92891.40  140247.80  150.98
356.2  92492.40  139500.90  150.82
357.9  86673.00  129759.00  149.71
359.5  88170.40  130045.20  147.49
361.2  94660.20  139177.40  147.03
362.8  100040.85  145969.25  145.91
364.5  106788.00  154842.60  145.00
366.1  116811.90  168243.10  144.03
367.7  123373.80  177282.00  143.70
369.4  124840.10  178308.90  142.83
371.0  125989.50  178869.60  141.97
372.6  122813.25  173563.50  141.32
374.3  116983.50  164033.75  140.22
375.9  119662.95  165642.95  138.42
377.5  130891.80  180032.45  137.54
379.1  138454.25  190333.55  137.47
380.8  135340.80  185561.60  137.11
382.4  125235.00  171396.00  136.86
384.0  113495.85  153334.80  135.10
385.6  118850.40  158758.50  133.58
387.3  125892.00  167544.00  133.09
388.9  132512.60  175215.10  132.23
390.5  143427.35  188588.40  131.49
392.1  148268.25  195054.75  131.56
393.8  134080.00  175760.00  131.09
395.4  137126.85  176831.55  128.95
397.0  144549.60  185608.15  128.40
398.6  164712.90  208088.00  126.33
400.2  200717.20  252750.00  125.92
401.8  224164.50  281727.25  125.68
403.4  235743.20  295177.40  125.21
405.0  237060.00  295140.00  124.50
406.6  235562.25  291060.00  123.56
408.3  238182.00  291550.35  122.41
409.9  243236.80  295764.80  121.60
411.5  247416.75  298442.25  120.62
413.1  256450.00  307450.00  119.89
414.7  260433.60  310617.30  119.27
416.3  263296.00  312383.50  118.64
417.9  262740.00  310350.30  118.12
419.5  260755.35  306375.45  117.50
421.1  262963.20  307389.60  116.89
422.7  264176.00  307898.80  116.55
424.3  262496.20  304705.00  116.08
425.9  262139.35  303293.10  115.70
427.5  258211.50  297948.50  115.39
429.1  250175.85  288152.10  115.18
430.7  234962.25  269850.00  114.85
432.3  240492.85  273397.15  113.68
433.9  257665.10  292267.15  113.43
435.5  269546.20  304780.50  113.07
437.1  282910.00  319352.00  112.88
438.7  282483.20  318706.80  112.82
440.3  283950.45  318819.55  112.28
441.9  294180.75  328911.75  111.81
443.5  305908.20  341243.75  111.55
445.0  312557.50  348130.00  111.38
446.6  314313.45  349146.05  111.08
448.2  321646.90  355920.75  110.66
449.8  330324.15  364502.45  110.35
451.4  339015.70  373252.85  110.10
453.0  336697.90  370464.05  110.03
454.6  332524.35  364642.95  109.66
456.2  334400.15  365425.30  109.28
457.8  337862.60  368315.65  109.01
459.3  338045.40  367719.90  108.78
460.9  339600.80  368294.30  108.45
462.5  344066.40  372218.40  108.18
464.1  344025.60  371647.20  108.03
465.7  340802.40  367363.20  107.79
467.2  337654.50  363082.50  107.53
468.8  336500.70  360809.40  107.22
470.4  335218.50  358668.00  107.00
472.0  337245.30  359679.90  106.65
473.6  341074.25  362996.15  106.43
475.1  343570.00  364983.20  106.23
476.7  344000.50  364803.30  106.05
478.3  346726.05  366766.65  105.78
479.9  349335.45  368793.00  105.57
481.5  351344.80  370172.40  105.36
483.0  350478.20  368759.65  105.22
484.6  343219.20  360921.60  105.16
486.2  327059.95  343655.20  105.07
487.8  320052.60  334567.80  104.54
489.3  326887.50  340537.50  104.18
490.9  333684.00  347150.40  104.04
492.5  334376.90  347458.65  103.91
494.0  337296.50  349633.50  103.66
495.6  340312.00  352244.55  103.51
497.2  341063.55  352649.80  103.40
498.8  337193.95  348266.20  103.28
500.3  331836.10  342246.10  103.14
501.9  325854.50  335478.75  102.95
503.5  324851.80  333741.20  102.74
505.0  326496.50  334767.30  102.53
506.6  329025.60  336942.45  102.41
508.2  327564.00  335113.20  102.30
509.7  326848.50  333845.55  102.14
511.3  326416.30  332947.15  102.00
512.9  323013.15  329098.95  101.88
514.4  317108.50  322568.00  101.72
516.0  309540.00  314820.00  101.71
517.5  300022.65  304906.95  101.63
519.1  300673.10  304736.25  101.35
520.7  307538.00  311295.60  101.22
522.2  311130.50  314607.50  101.12
523.8  315284.60  318319.65  100.96
525.4  316573.05  319508.40  100.93
526.9  312631.00  314975.00  100.75
528.5  315670.80  317031.45  100.43
530.0  320851.35  321768.15  100.29
531.6  322624.00  323419.20  100.25
533.2  320741.10  321050.75  100.10
534.7  322672.00  322280.00  99.88
536.3  323008.20  322341.00  99.79
537.8  321541.85  320435.85  99.66
539.4  318642.00  317289.60  99.58
541.0  315854.40  313950.00  99.40
542.5  316213.20  313646.40  99.19
544.1  318577.70  315447.60  99.02
545.6  319652.25  316128.00  98.90
547.2  319272.40  315373.40  98.78
548.7  319536.00  315056.00  98.60
550.3  320149.95  315167.40  98.44
551.8  320553.45  315110.25  98.30
553.4  321578.40  315658.20  98.16
554.9  322986.40  316628.40  98.03
556.5  321667.20  315097.20  97.96
558.0  318806.50  312021.50  97.87
559.6  316361.50  309072.75  97.70
561.1  318229.50  310266.25  97.50
562.7  320253.20  311815.90  97.37
564.2  322536.75  313559.40  97.22
565.8  322007.00  312555.60  97.06
567.3  321859.30  312172.70  96.99
568.9  321325.80  311904.50  97.07
570.4  319659.75  310500.00  97.13
572.0  320415.00  311220.75  97.13
573.5  322861.35  313848.15  97.21
575.1  323547.20  314761.60  97.28
576.6  323025.50  314180.50  97.26
578.2  321855.65  312905.85  97.22
579.7  321827.20  312448.80  97.09
581.2  323719.90  313830.10  96.94
582.8  326639.70  316292.65  96.83
584.3  327406.00  316833.25  96.77
585.9  325750.80  315093.60  96.73
587.4  322056.00  311526.00  96.73
588.9  313777.75  303887.25  96.85
590.5  309021.60  298760.60  96.68
592.0  309947.70  299143.35  96.51
593.6  311467.00  300313.00  96.42
595.1  312049.10  300557.40  96.32
596.6  313005.60  301103.20  96.20
598.2  313514.50  301247.75  96.09
599.7  312961.45  300273.35  95.95
601.2  311928.40  298884.25  95.82
602.8  312008.80  298390.50  95.64
604.3  313407.00  299262.40  95.49
605.8  314614.20  300170.40  95.41
607.4  314381.25  299801.25  95.36
608.9  312624.50  297927.85  95.30
610.5  310792.90  295868.65  95.20
612.0  309145.20  294065.85  95.12
613.5  307014.50  291853.75  95.06
615.0  305067.70  289750.65  94.98
616.6  302604.80  287151.20  94.89
618.1  302929.20  287053.20  94.76
619.6  304570.00  288306.00  94.66
621.2  305447.20  289021.20  94.62
622.7  304204.80  287846.40  94.62
624.2  302169.60  285799.50  94.58
625.8  299642.35  283283.35  94.54
627.3  297946.75  281618.75  94.52
628.8  295952.65  279697.60  94.51
630.3  294711.15  278371.60  94.46
631.8  294149.70  277505.80  94.34
633.4  294993.60  277940.30  94.22
634.9  295888.40  278483.20  94.12
636.4  297099.75  279319.25  94.02
638.0  298738.80  280599.30  93.93
639.5  298620.00  280434.00  93.91
641.0  297847.55  279510.00  93.84
642.5  297362.80  278831.00  93.77
644.0  296958.00  278253.00  93.70
645.5  295739.00  277076.70  93.69
647.1  293646.00  275290.40  93.75
648.6  291364.30  273233.60  93.78
650.1  289970.25  271827.75  93.74
651.6  290511.85  272307.10  93.73
653.1  291174.15  273122.55  93.80
654.7  288596.00  271074.10  93.93
656.2  280041.60  263150.65  93.97
657.7  276544.80  258986.40  93.65
659.2  280524.40  262066.35  93.42
660.7  285497.25  266445.00  93.33
662.2  289802.50  270273.90  93.26
663.7  291765.90  272046.75  93.24
665.2  292394.80  272476.50  93.19
666.8  292562.65  272485.30  93.14
668.3  292422.00  272128.50  93.06
669.8  292084.65  271721.45  93.03
671.3  291212.10  270884.70  93.02
672.8  290766.00  270293.70  92.96
674.3  290218.40  269659.60  92.92
675.8  290122.50  269367.00  92.85
677.3  289737.00  268888.20  92.80
678.8  289313.20  268271.30  92.73
680.3  288591.40  267462.20  92.68
681.8  287662.55  266416.85  92.61
683.3  285689.25  264402.60  92.55
684.8  281696.80  260768.60  92.57
686.3  269374.00  250349.80  92.94
687.8  255091.20  237455.40  93.09
689.3  249582.90  231724.15  92.84
690.8  250111.20  231398.40  92.52
692.3  253739.20  234220.80  92.31
693.8  255997.20  236112.30  92.23
695.3  258034.40  237519.10  92.05
696.8  261330.00  239861.60  91.78
698.3  261856.00  240240.00  91.75
699.8  260115.95  238878.60  91.84
701.3  257838.70  236962.40  91.90
702.8  257948.80  237066.20  91.90
704.2  259585.00  238387.80  91.83
705.7  261246.40  239806.40  91.79
707.2  262118.80  240471.55  91.74
708.7  262514.40  240727.20  91.70
710.2  262813.65  240845.70  91.64
711.7  262257.00  240322.00  91.64
713.2  261192.80  239270.40  91.61
714.7  258619.20  237139.20  91.69
716.2  250331.40  230586.80  92.11
717.6  234576.00  217566.00  92.75
719.1  220106.20  204767.60  93.03
720.6  217436.80  201552.00  92.69
722.1  223068.50  205955.50  92.33
723.6  223066.60  206328.40  92.50
725.0  220533.30  204173.10  92.58
726.5  219539.40  203189.55  92.55
728.0  219019.95  202691.70  92.54
729.5  219230.80  202662.00  92.44
731.0  221612.80  204466.85  92.26
732.4  227317.20  208972.50  91.93
733.9  234246.95  214693.50  91.65
735.4  238439.85  218215.80  91.52
736.8  240483.00  219849.00  91.42
738.3  241386.15  220453.40  91.33
739.8  241741.50  220547.25  91.23
741.2  241836.30  220357.80  91.12
742.7  242827.20  220927.20  90.98
744.2  244490.40  222264.00  90.91
745.7  245295.00  222839.25  90.85
747.1  245844.60  223278.00  90.82
748.6  245532.30  222915.90  90.79
750.0  244358.85  221857.70  90.79
751.5  243239.10  220693.20  90.73
753.0  242630.10  220041.25  90.69
754.4  242358.00  219666.00  90.64
755.9  241437.50  218875.00  90.65
757.3  239022.55  216828.95  90.71
758.8  220483.60  202279.70  91.74
760.3  170989.50  160089.00  93.63
761.7  135824.00  127596.20  93.94
763.2  125070.00  117282.00  93.77
764.6  130003.20  120546.00  92.73
766.1  151670.40  138566.40  91.36
767.5  179056.15  162229.35  90.60
769.0  202006.50  182415.50  90.30
770.4  216891.00  195700.50  90.23
771.9  224910.00  202930.00  90.23
773.3  228805.50  206448.50  90.23
774.8  230087.00  207636.00  90.24
776.2  230781.60  208151.70  90.19
777.7  230715.10  208038.60  90.17
779.1  230140.00  207496.00  90.16
780.5  229646.80  207011.90  90.14
782.0  229142.85  206539.55  90.14
783.4  228172.80  205593.60  90.10
784.9  227331.60  204769.60  90.08
786.3  226392.40  203934.40  90.08
787.8  224538.20  202419.75  90.15
789.2  222126.80  200351.25  90.20
790.6  219565.80  198232.80  90.28
792.0  217579.60  196338.10  90.24
793.5  215645.40  194580.00  90.23
794.9  214875.00  193731.30  90.16
796.3  214706.30  193480.25  90.11
797.8  215097.50  193809.50  90.10
799.2  214978.60  193715.00  90.11
800.6  213886.00  192726.40  90.11
802.1  212712.30  191776.05  90.16
803.5  211714.80  190808.20  90.13
804.9  211351.40  190283.60  90.03
806.3  211628.75  190319.25  89.93
807.8  211516.15  190155.90  89.90
809.2  209880.85  188862.45  89.99
810.6  207863.25  187107.75  90.01
812.0  204617.55  184563.15  90.20
813.4  197943.75  179350.00  90.61
814.8  188331.15  171475.35  91.05
816.3  179108.55  163495.65  91.28
817.7  173290.00  158197.00  91.29
819.1  171838.80  156496.05  91.07
820.5  175675.50  159274.50  90.66
821.9  177081.15  160652.15  90.72
823.3  172222.05  156587.20  90.92
824.7  175763.70  159024.30  90.48
826.1  181227.20  163732.80  90.35
827.5  182489.25  164829.00  90.32
828.9  180949.50  163643.50  90.44
830.3  180950.00  163630.50  90.43
831.7  181311.30  163743.90  90.31
833.2  181879.35  163917.60  90.12
834.5  184141.30  165632.60  89.95
835.9  187346.90  168283.05  89.82
837.3  190354.75  170720.50  89.69
838.7  192241.25  172325.00  89.64
840.1  193741.60  173536.30  89.57
841.5  194545.20  174189.20  89.54
842.9  194781.45  174138.45  89.40
844.3  194350.00  173868.50  89.46
845.7  194806.00  174036.80  89.34
847.1  195045.30  174142.10  89.28
848.5  193908.75  173194.00  89.32
849.9  189953.70  169742.50  89.36
851.2  187898.70  167732.40  89.27
852.6  186796.80  166852.35  89.32
854.0  180237.20  161161.00  89.42
855.4  177209.20  158055.95  89.19
856.8  181636.05  161904.00  89.14
858.2  185543.10  165211.95  89.04
859.5  187359.00  167118.00  89.20
860.9  187814.40  167491.20  89.18
862.3  188221.40  167643.00  89.07
863.7  188243.05  167785.75  89.13
865.0  185385.00  165392.50  89.22
866.4  178208.80  159062.40  89.26
867.8  176568.15  157177.35  89.02
869.1  178887.60  159074.10  88.92
870.5  181020.60  161161.80  89.03
871.9  182475.20  162372.00  88.98
873.2  182392.40  162431.00  89.06
874.6  181459.60  161649.60  89.08
876.0  180941.20  161081.80  89.02
877.3  180803.50  160894.80  88.99
878.7  180604.60  160857.40  89.07
880.0  179468.40  159689.40  88.98
881.4  178294.50  158694.75  89.01
882.8  178230.75  158806.80  89.10
884.1  178622.50  158943.75  88.98
885.5  177925.05  158447.40  89.05
886.8  176433.40  156928.20  88.94
888.2  175890.40  156596.30  89.03
889.5  176041.25  156506.35  88.90
890.9  175642.60  156305.80  88.99
892.2  173696.75  154811.60  89.13
893.6  169956.00  152016.20  89.44
894.9  164228.40  147231.00  89.65
896.2  155602.75  140309.50  90.17
897.6  147108.00  133086.00  90.47
898.9  138971.50  125997.50  90.66
900.3  133504.80  121368.00  90.91
901.6  131686.80  119389.20  90.66
903.0  135925.60  122696.20  90.27
904.3  144139.95  129437.15  89.80
905.6  147546.75  132659.15  89.91
907.0  143507.00  129480.00  90.23
908.3  136551.35  123689.80  90.58
909.6  132343.65  119858.40  90.57
911.0  131882.80  119510.00  90.62
912.3  131785.50  119519.75  90.69
913.6  129783.45  117643.35  90.65
914.9  128421.60  116693.60  90.87
916.2  127667.00  115791.00  90.70
917.6  127581.60  115846.50  90.80
918.9  131519.65  118703.35  90.26
920.2  136754.80  123141.20  90.05
921.5  139238.40  125126.40  89.86
922.9  138966.00  124974.00  89.93
924.2  137406.30  123536.65  89.91
925.5  136790.50  122718.75  89.71
926.8  135537.60  122249.60  90.20
928.1  128568.45  117095.15  91.08
929.4  116637.00  107374.65  92.06
930.7  102083.20  94741.60  92.81
932.0  85656.00  81016.30  94.58
933.4  70425.70  67506.50  95.85
934.7  61180.20  58941.90  96.34
936.0  58404.50  56129.00  96.10
937.3  56994.80  54684.20  95.95
938.6  64623.80  60730.80  93.98
939.9  75456.00  70347.00  93.23
941.2  79600.00  74426.00  93.50
942.5  78628.20  73764.60  93.81
943.8  73647.50  69510.00  94.38
945.1  70711.20  66502.20  94.05
946.4  70093.60  65819.60  93.90
947.7  72010.80  67672.80  93.98
949.0  73272.40  68858.40  93.98
950.2  75348.00  70414.50  93.45
951.5  76582.80  71568.45  93.45
952.8  76411.50  71317.40  93.33
954.1  78169.40  72989.50  93.37
955.4  78077.00  72808.00  93.25
956.7  79818.80  74465.10  93.29
958.0  82564.80  77126.40  93.41
959.3  83044.50  77508.20  93.33
960.5  85982.40  79329.00  92.26
961.8  89543.20  82775.40  92.44
963.1  92767.50  85346.10  92.00
964.4  95968.70  87881.45  91.57
965.7  97641.90  89413.65  91.57
966.9  102791.60  93294.55  90.76
968.2  111553.40  100739.55  90.31
969.5  118156.80  105993.60  89.71
970.8  122130.00  109740.00  89.86
972.0  123338.25  111305.25  90.24
973.3  120304.80  108642.60  90.31
974.6  117052.65  105785.55  90.37
975.8  115487.05  104002.15  90.06
977.1  116457.40  105397.20  90.50
978.4  118793.35  106184.00  89.39
979.6  119767.05  107587.35  89.83
980.9  122262.75  109829.25  89.83
982.2  125445.50  112760.00  89.89
983.4  128035.40  114368.70  89.33
984.7  129882.60  115940.40  89.27
985.9  131188.75  117695.05  89.71
987.2  133318.80  118761.00  89.08
988.5  133833.15  118962.80  88.89
989.7  135318.30  120105.00  88.76
991.0  135887.60  119515.60  87.95
992.2  135634.50  120564.00  88.89
993.5  136231.20  119952.00  88.05
994.7  135818.75  120922.50  89.03
996.0  135394.15  120151.10  88.74
997.2  136204.40  120559.30  88.51
998.5  135170.75  120046.75  88.81
999.7  134878.65  119353.05  88.49
1001.0  134379.00  119448.00  88.89
1002.2  133312.15  119065.05  89.31
1003.4  132332.80  117858.90  89.06
1004.7  130907.70  115323.45  88.10
1005.9  128935.20  114378.00  88.71
1007.2  128507.40  113998.50  88.71
1008.4  128587.50  114185.70  88.80
1009.6  129187.80  113808.30  88.10
1010.9  128589.30  114301.60  88.89
1012.1  129355.85  114077.60  88.19
1013.3  129463.80  114172.80  88.19
1014.6  128721.60  113397.60  88.10
1015.8  128325.00  112926.00  88.00
1017.1  128104.40  113641.00  88.71
1018.3  127191.10  113637.95  89.34
1019.5  127860.70  113066.90  88.43
1020.8  127657.25  113711.50  89.08
1022.0  127641.15  113458.80  88.89
1023.2  126893.40  112423.10  88.60
1024.4  126112.65  112478.85  89.19
1025.7  127627.50  112544.25  88.18
1026.9  127244.40  111784.80  87.85
1028.1  126843.60  113427.45  89.42
1029.3  127464.30  112468.50  88.24
1030.6  126868.50  112772.00  88.89
1031.8  128054.55  113532.90  88.66
1033.0  126126.60  112564.60  89.25
1034.2  125482.50  111540.00  88.89
1035.4  126240.40  111894.90  88.64
1036.7  125315.50  112046.80  89.41
1037.9  125857.05  112209.90  89.16
1039.1  126161.55  113701.15  90.12
1040.3  126743.65  113908.85  89.87
1041.5  126745.85  111931.40  88.31
1042.7  126753.75  113233.35  89.33
1043.9  126768.15  112875.75  89.04
1045.2  126479.40  114009.60  90.14
1046.4  126180.30  111550.70  88.41
1047.6  125551.30  112434.00  89.55
1048.8  124891.00  111441.20  89.23
1050.0  126176.00  112375.50  89.06
1051.2  125484.90  111317.25  88.71
1052.4  126486.55  111971.70  88.52
1053.6  127179.00  112341.45  88.33
1054.8  126109.40  113063.60  89.66
1056.0  124986.40  113826.90  91.07
1057.2  125320.25  111648.95  89.09
1058.4  123346.90  111710.40  90.57
1059.7  124066.80  109751.40  88.46
1060.9  124401.75  109766.25  88.24
1062.1  122671.50  110154.00  89.80
1063.3  120851.10  110565.90  91.49
1064.5  121578.00  108363.00  89.13
1065.7  121902.75  111066.95  91.11
1066.9  121787.60  110716.00  90.91
1068.1  124984.20  110781.45  88.64
1069.3  124945.10  110416.60  88.37
1070.5  121921.70  107053.20  87.80
1071.7  121784.00  109605.60  90.00
1072.9  121644.90  109168.50  89.74
1074.1  122582.30  109678.90  89.47
1075.3  124741.80  107884.80  86.49
1076.5  121779.95  108614.55  89.19
