/*** Spectra Vista SIG Data ***/
name= 230503_1612_R882_T890.sig
instrument= HK: 9202056 (HR-512i)
integration= 10.0, 0.0, 0.0, 70.0, 0.0, 0.0
scan method= Time-based, Time-based
scan coadds= 500, 0, 0, 71, 0, 0
scan time= 5, 5
scan settings= AI, AI
external data set1= 0,0,0,0,0,0,0,0,0,0,0,0,0,0,0,0,0,0,0,0,0,0,0,0,0,0,0,0,0,0,0,0
external data set2= 0,0,0,0,0,0,0,0,0,0,0,0,0,0,0,0,0,0,0,0,0,0,0,0,0,0,0,0,0,0,0,0
external data dark= 0,0,0,0,0,0,0,0,0,0,0,0,0,0,0,0
external data mask= 0
optic= LENS 4(1), LENS 4(1)
temp= 22.5, 0.0, 0.0, 25.1, 0.0, 0.0
battery= 8.35, 8.33
error= 0, 0
units= Radiance, Radiance
time= 5/3/2023 4:07:50 PM, 5/3/2023 4:12:09 PM
longitude= 07755.9963W     , 07756.0390W     
latitude= 3404.2484N      , 3404.2380N      
gpstime= 171645.000      , 172101.000      
comm= 
memory slot= 882, 890
factors= 1.000, 1.000, 1.000 [Overlap: Preserve, Matching Type: None]
inclinometer x offset= 5, 5
inclinometer y offset= -12, -39
data= 
339.7  89025.75  46272.84  51.98
341.4  96459.00  49756.46  51.58
343.0  101201.60  51575.72  50.96
344.7  103521.50  52012.57  50.24
346.4  108854.10  53934.94  49.55
348.0  114551.95  55963.03  48.85
349.7  120322.80  57965.14  48.17
351.3  130405.25  61915.67  47.48
353.0  137577.30  64405.20  46.81
354.6  147143.10  67875.03  46.13
356.2  148013.25  67173.15  45.38
357.9  138651.75  61694.57  44.50
359.5  139255.20  60663.20  43.56
361.2  150062.10  64312.33  42.86
362.8  158062.10  66676.45  42.18
364.5  168433.80  69984.28  41.55
366.1  183526.90  75102.03  40.92
367.7  194889.60  78510.60  40.28
369.4  196927.50  78071.95  39.65
371.0  198862.30  77537.20  38.99
372.6  194405.25  74502.11  38.32
374.3  184698.50  69499.61  37.63
375.9  186908.70  69002.84  36.92
377.5  203759.40  74024.23  36.33
379.1  216929.90  77772.04  35.85
380.8  212693.60  75133.60  35.32
382.4  198202.50  68901.43  34.76
384.0  177820.20  60668.74  34.12
385.6  184295.80  61686.24  33.47
387.3  195530.40  64517.14  33.00
388.9  205151.80  66757.17  32.54
390.5  221487.75  71078.39  32.09
392.1  231018.75  73188.64  31.68
393.8  209680.00  65520.00  31.25
395.4  210634.20  64528.35  30.64
397.0  223288.00  67280.20  30.13
398.6  249775.90  74045.99  29.64
400.2  305591.60  89305.00  29.22
401.8  342851.25  98975.00  28.87
403.4  361713.80  103017.50  28.48
405.0  363900.00  102145.71  28.07
406.6  360995.25  99742.50  27.63
408.3  363227.55  98754.90  27.19
409.9  370751.20  99228.91  26.76
411.5  375756.75  99079.07  26.37
413.1  388900.00  101042.86  25.98
414.7  394852.50  101188.50  25.63
416.3  398684.00  100772.96  25.28
417.9  397869.90  99219.94  24.94
419.5  394143.60  96991.37  24.61
421.1  396542.00  96263.31  24.28
422.7  398855.60  95578.69  23.96
424.3  395707.50  93649.31  23.67
425.9  395076.00  92322.06  23.37
427.5  389430.50  89879.43  23.08
429.1  377970.80  86174.09  22.80
430.7  355084.05  80018.79  22.54
432.3  359071.05  79800.87  22.22
433.9  385620.20  84594.90  21.94
435.5  402911.45  87417.16  21.70
437.1  423548.00  90814.57  21.44
438.7  424333.60  90015.43  21.21
440.3  424876.55  89096.60  20.97
441.9  439301.25  91013.14  20.72
443.5  457170.50  93620.26  20.48
445.0  467751.25  94727.14  20.25
446.6  470122.95  94171.86  20.03
448.2  479873.25  95041.49  19.81
449.8  492571.95  96474.11  19.59
451.4  505527.30  97923.16  19.37
453.0  503280.25  96480.45  19.17
454.6  495901.50  94050.09  18.97
456.2  497777.70  93341.26  18.75
457.8  502901.10  93265.00  18.55
459.3  503165.70  92327.76  18.35
460.9  504639.30  91598.26  18.15
462.5  510979.20  91753.37  17.96
464.1  511387.20  90879.09  17.77
465.7  506368.80  89078.06  17.59
467.2  501388.00  87298.14  17.41
468.8  499100.70  85974.75  17.23
470.4  497218.50  84772.29  17.05
472.0  499169.85  84221.98  16.87
473.6  504886.25  84309.26  16.70
475.1  508563.50  84060.51  16.53
476.7  509231.90  83352.99  16.37
478.3  512771.10  83098.61  16.21
479.9  516427.65  82902.92  16.05
481.5  519042.70  82551.36  15.90
483.0  517871.35  81634.32  15.76
484.6  507763.20  79345.37  15.63
486.2  484390.55  75062.85  15.50
487.8  471290.40  72316.80  15.34
489.3  480337.50  72948.21  15.19
490.9  490668.00  73810.11  15.04
492.5  491873.80  73363.09  14.92
494.0  495305.00  73229.43  14.78
495.6  499833.25  73233.00  14.65
497.2  501096.40  72787.11  14.53
498.8  495579.85  71374.59  14.40
500.3  487673.80  69647.86  14.28
501.9  478506.75  67761.18  14.16
503.5  476749.00  66890.20  14.03
505.0  478872.65  66599.95  13.91
506.6  482665.05  66568.18  13.79
508.2  480524.40  65744.23  13.68
509.7  478930.50  65013.69  13.57
511.3  477982.50  64389.04  13.47
512.9  473108.85  63239.98  13.37
514.4  464179.50  61575.14  13.27
516.0  453810.00  59755.71  13.17
517.5  439345.80  57474.51  13.08
519.1  438423.05  56901.56  12.98
520.7  447832.00  57666.40  12.88
522.2  453108.00  57919.50  12.78
523.8  459103.90  58232.61  12.68
525.4  461858.05  58067.41  12.57
526.9  456025.20  56913.16  12.48
528.5  459494.40  56948.79  12.39
530.0  467281.50  57549.66  12.32
531.6  470502.80  57554.63  12.23
533.2  467684.10  56798.66  12.14
534.7  470008.00  56640.00  12.05
536.3  470848.60  56318.83  11.96
537.8  468639.85  55675.25  11.88
539.4  464728.80  54856.97  11.80
541.0  460340.40  53973.77  11.72
542.5  460588.80  53614.97  11.64
544.1  463947.30  53623.24  11.56
545.6  465672.75  53450.46  11.48
547.2  465150.70  53042.31  11.40
548.7  465192.00  52700.00  11.33
550.3  465995.10  52439.43  11.25
551.8  466470.90  52139.70  11.18
553.4  467867.40  51958.03  11.11
554.9  469856.20  51792.93  11.02
556.5  468163.60  51229.31  10.94
558.0  464035.00  50398.64  10.86
559.6  460113.50  49593.25  10.78
561.1  462529.60  49509.52  10.70
562.7  465508.30  49461.83  10.63
564.2  469074.25  49470.18  10.55
565.8  468456.60  49100.63  10.48
567.3  468133.25  48787.94  10.42
568.9  467778.50  48497.11  10.37
570.4  465501.60  48043.22  10.32
572.0  466139.25  47882.14  10.27
573.5  469813.05  48015.30  10.22
575.1  471017.60  47893.03  10.17
576.6  470096.50  47536.43  10.11
578.2  468301.35  47095.91  10.06
579.7  467624.30  46768.60  10.00
581.2  469827.70  46707.76  9.94
582.8  473637.00  46829.05  9.89
584.3  474726.00  46690.64  9.84
585.9  472479.90  46219.41  9.78
587.4  468018.00  45522.00  9.73
588.9  457943.25  44287.36  9.67
590.5  451318.50  43361.00  9.61
592.0  452946.45  43226.96  9.54
593.6  455218.40  43186.74  9.49
595.1  455917.00  42995.23  9.43
596.6  456591.20  42837.83  9.38
598.2  456580.25  42618.39  9.33
599.7  454843.85  42240.26  9.29
601.2  452409.30  41808.95  9.24
602.8  451507.25  41506.79  9.19
604.3  452986.20  41423.47  9.14
605.8  454454.80  41340.40  9.10
607.4  454021.20  41084.36  9.05
608.9  451418.05  40634.38  9.00
610.5  448575.05  40177.03  8.96
612.0  446082.00  39744.06  8.91
613.5  442939.75  39272.14  8.87
615.0  440037.50  38819.60  8.82
616.6  436310.40  38292.91  8.78
618.1  436363.20  38097.00  8.73
619.6  438634.00  38086.86  8.68
621.2  440025.80  38014.46  8.64
622.7  438412.80  37703.31  8.60
624.2  435568.50  37290.21  8.56
625.8  431994.45  36818.88  8.52
627.3  430023.00  36474.46  8.48
628.8  427575.05  36086.55  8.44
630.3  425787.10  35778.08  8.40
631.8  424641.10  35538.84  8.37
633.4  425437.10  35467.14  8.34
634.9  426345.30  35414.42  8.31
636.4  427683.05  35407.41  8.28
638.0  429676.80  35450.96  8.25
639.5  429492.00  35334.00  8.23
641.0  428116.15  35132.35  8.21
642.5  427256.20  34965.20  8.18
644.0  426689.00  34805.43  8.16
645.5  425422.50  34590.51  8.13
647.1  423486.80  34331.89  8.11
648.6  421176.60  34072.67  8.09
650.1  419136.00  33857.57  8.08
651.6  419608.25  33892.30  8.08
653.1  420298.35  33945.43  8.08
654.7  416918.15  33631.61  8.07
656.2  404818.20  32625.81  8.06
657.7  398132.00  32008.34  8.04
659.2  402897.95  32198.21  7.99
660.7  409504.00  32592.79  7.96
662.2  415439.70  33010.34  7.95
663.7  418075.05  33119.04  7.92
665.2  418722.60  32997.73  7.88
666.8  418742.20  32841.16  7.84
668.3  418388.40  32644.24  7.80
669.8  417886.15  32460.84  7.77
671.3  416711.70  32265.71  7.74
672.8  415973.40  32036.54  7.70
674.3  415267.80  31821.94  7.66
675.8  415009.00  31649.07  7.63
677.3  414523.20  31477.60  7.59
678.8  413910.20  31308.04  7.56
680.3  412908.50  31111.03  7.53
681.8  411648.65  30909.70  7.51
683.3  409034.45  30577.17  7.48
684.8  403876.60  30051.14  7.44
686.3  388614.00  28787.94  7.41
687.8  368768.40  27214.20  7.38
689.3  360636.85  26383.85  7.32
690.8  361063.20  26172.69  7.25
692.3  366968.10  26370.44  7.19
693.8  371908.90  26521.16  7.13
695.3  375312.60  26576.46  7.08
696.8  379012.80  26678.94  7.04
698.3  379568.00  26592.00  7.01
699.8  377669.95  26378.36  6.98
701.3  374461.80  26107.09  6.97
702.8  373939.20  26014.37  6.96
704.2  375362.60  26062.26  6.94
705.7  377076.00  26118.51  6.93
707.2  377677.70  26121.78  6.92
708.7  377484.60  26051.57  6.90
710.2  377357.00  25999.61  6.89
711.7  376319.00  25886.36  6.88
713.2  374610.40  25720.34  6.87
714.7  371765.10  25476.81  6.85
716.2  363688.00  24863.29  6.84
717.6  347274.00  23667.43  6.82
719.1  330132.20  22423.31  6.79
720.6  325312.00  22063.09  6.78
722.1  330924.00  22399.50  6.77
723.6  331700.80  22411.37  6.76
725.0  329015.70  22187.44  6.74
726.5  327987.90  22082.91  6.73
728.0  327229.20  22021.39  6.73
729.5  326761.20  21962.00  6.72
731.0  328900.65  22100.64  6.72
732.4  334243.80  22464.04  6.72
733.9  341086.55  22918.35  6.72
735.4  345225.10  23186.04  6.72
736.8  346845.00  23288.57  6.71
738.3  346967.50  23284.10  6.71
739.8  346211.25  23240.25  6.71
741.2  344991.15  23145.36  6.71
742.7  345202.40  23151.43  6.71
744.2  346743.60  23242.80  6.70
745.7  347382.75  23251.39  6.69
747.1  347931.60  23265.94  6.69
748.6  347306.10  23192.12  6.68
750.0  345523.05  23047.00  6.67
751.5  343748.60  22895.04  6.66
753.0  342648.85  22826.26  6.66
754.4  342178.00  22754.00  6.65
755.9  341000.00  22633.93  6.64
757.3  338074.10  22391.76  6.62
758.8  316977.00  20904.48  6.59
760.3  252388.50  16668.64  6.60
761.7  200797.50  13283.89  6.62
763.2  185526.00  12266.57  6.61
764.6  190542.60  12587.40  6.61
766.1  218467.20  14352.00  6.57
767.5  254844.60  16729.87  6.56
769.0  285919.00  18739.64  6.55
770.4  306154.25  20033.04  6.54
771.9  317030.00  20730.00  6.54
773.3  322195.50  21073.39  6.54
774.8  323895.00  21153.79  6.53
776.2  324627.00  21194.23  6.53
777.7  324493.40  21171.70  6.52
779.1  323528.00  21068.86  6.51
780.5  322809.65  20996.71  6.50
782.0  322134.95  20912.93  6.49
783.4  320870.40  20823.77  6.49
784.9  319680.20  20728.14  6.48
786.3  318746.00  20634.34  6.47
787.8  316924.65  20475.82  6.46
789.2  314490.75  20295.32  6.45
790.6  311625.90  20078.81  6.44
792.0  308959.70  19873.00  6.43
793.5  305744.40  19651.37  6.43
794.9  304091.10  19522.93  6.42
796.3  304065.35  19504.01  6.41
797.8  304684.50  19514.00  6.40
799.2  304628.10  19500.21  6.40
800.6  303287.60  19379.94  6.39
802.1  302040.30  19274.64  6.38
803.5  300733.40  19176.77  6.38
804.9  299566.80  19075.09  6.37
806.3  299310.50  19047.29  6.36
807.8  298944.15  19004.24  6.36
809.2  296884.90  18853.04  6.35
810.6  294789.75  18700.50  6.34
812.0  292042.20  18472.73  6.33
813.4  285918.75  18047.32  6.31
814.8  276067.75  17365.18  6.29
816.3  265529.25  16680.99  6.28
817.7  257922.60  16163.09  6.27
819.1  254689.65  15959.71  6.27
820.5  257565.00  16153.50  6.27
821.9  259578.20  16244.59  6.26
823.3  253976.80  15907.65  6.26
824.7  256913.40  16080.91  6.26
826.1  263278.40  16473.60  6.26
827.5  265154.25  16568.79  6.25
828.9  263407.50  16433.43  6.24
830.3  262894.50  16396.29  6.24
831.7  262986.60  16406.23  6.24
833.2  262906.80  16403.16  6.24
834.5  264525.80  16540.10  6.25
835.9  267853.95  16732.30  6.25
837.3  270980.50  16908.93  6.24
838.7  272753.75  17030.71  6.24
840.1  274132.90  17114.11  6.24
841.5  274806.00  17136.43  6.24
842.9  274404.45  17104.20  6.23
844.3  273585.00  17043.00  6.23
845.7  273638.00  17044.17  6.23
847.1  273586.00  17016.79  6.22
848.5  272095.25  16910.00  6.21
849.9  266693.10  16579.50  6.22
851.2  263282.25  16393.69  6.23
852.6  262196.55  16284.49  6.21
854.0  253417.45  15740.21  6.21
855.4  247826.40  15417.77  6.22
856.8  253649.60  15732.64  6.20
858.2  259350.30  16084.31  6.20
859.5  261922.00  16187.86  6.18
860.9  262800.00  16268.57  6.19
862.3  263084.20  16295.46  6.19
863.7  263073.70  16304.31  6.20
865.0  259720.75  16045.93  6.18
866.4  249823.70  15464.40  6.19
867.8  246486.90  15262.26  6.19
869.1  249461.40  15446.44  6.19
870.5  252626.85  15630.62  6.19
871.9  254576.10  15740.14  6.18
873.2  254801.40  15739.87  6.18
874.6  253766.10  15678.20  6.18
876.0  252956.60  15589.49  6.16
877.3  252515.45  15555.49  6.16
878.7  252393.90  15574.43  6.17
880.0  250672.80  15466.29  6.17
881.4  248895.75  15354.64  6.17
882.8  249096.15  15368.40  6.17
884.1  249552.50  15415.54  6.18
885.5  248832.45  15350.76  6.17
886.8  247139.75  15198.86  6.15
888.2  246336.30  15127.60  6.14
889.5  246457.75  15121.70  6.14
890.9  246083.80  15127.43  6.15
892.2  244341.20  14988.21  6.13
893.6  240771.00  14769.99  6.13
894.9  235090.80  14398.20  6.12
896.2  226243.00  13871.43  6.13
897.6  216972.00  13248.86  6.11
898.9  207085.00  12653.21  6.11
900.3  200004.35  12172.92  6.09
901.6  196761.60  12004.80  6.10
903.0  200775.60  12302.97  6.13
904.3  210302.55  12902.46  6.14
905.6  215072.65  13178.56  6.13
907.0  211214.25  12909.46  6.11
908.3  203321.95  12431.53  6.11
909.6  197821.85  12088.89  6.11
911.0  197121.20  12011.26  6.09
912.3  197678.25  12021.25  6.08
913.6  195686.85  11974.93  6.12
914.9  194098.40  11769.89  6.06
916.2  192985.00  11706.34  6.07
917.6  192876.90  11778.09  6.11
918.9  195906.30  11988.04  6.12
920.2  201419.40  12376.00  6.14
921.5  203526.40  12499.20  6.14
922.9  202566.00  12447.43  6.14
924.2  200948.65  12302.98  6.12
925.5  199949.75  12295.25  6.15
926.8  199652.20  12196.49  6.11
928.1  193358.85  11810.75  6.11
929.4  180787.35  11026.61  6.10
930.7  163612.80  9938.63  6.07
932.0  142403.10  8667.57  6.09
933.4  122241.50  7350.13  6.01
934.7  108184.50  6555.02  6.06
936.0  103535.25  6230.54  6.02
937.3  101666.40  6161.60  6.06
938.6  109782.60  6673.71  6.08
939.9  125367.00  7691.57  6.14
941.2  132136.00  8073.71  6.11
942.5  131317.20  7990.20  6.08
943.8  124538.75  7624.82  6.12
945.1  119956.50  7275.56  6.07
946.4  118817.20  7265.80  6.12
947.7  121030.20  7374.60  6.09
949.0  123150.60  7503.80  6.09
950.2  125580.00  7688.57  6.12
951.5  127638.00  7814.57  6.12
952.8  127352.50  7806.54  6.13
954.1  129026.60  7938.03  6.15
955.4  128851.00  7937.71  6.16
956.7  130922.30  7995.79  6.11
958.0  134476.80  8263.54  6.14
959.3  134884.40  8340.40  6.18
960.5  138186.00  8481.26  6.14
961.8  142644.40  8775.83  6.15
963.1  146307.60  9087.43  6.21
964.4  149344.55  9242.57  6.19
965.7  151948.35  9482.08  6.24
966.9  157539.30  9736.47  6.18
968.2  166760.95  10326.01  6.19
969.5  174339.20  10756.57  6.17
970.8  178180.00  11125.71  6.24
972.0  179893.35  11173.50  6.21
973.3  176774.40  10960.71  6.20
974.6  173388.15  10819.99  6.24
975.8  170359.35  10664.55  6.26
977.1  171758.40  10781.37  6.28
978.4  173876.30  10808.01  6.22
979.6  174575.70  10923.06  6.26
980.9  177522.75  11150.68  6.28
982.2  181120.75  11276.00  6.23
983.4  182702.20  11508.80  6.30
984.7  184917.60  11635.97  6.29
985.9  186662.85  11780.21  6.31
987.2  188485.20  11821.37  6.27
988.5  188618.65  11851.56  6.28
989.7  188965.20  11896.11  6.30
991.0  189096.60  12045.11  6.37
992.2  189218.50  12080.32  6.38
993.5  190209.60  12240.00  6.44
994.7  189270.00  11891.96  6.28
996.0  190089.80  12040.73  6.33
997.2  189581.80  12095.37  6.38
998.5  189050.00  12018.18  6.36
999.7  189218.25  11921.44  6.30
1001.0  188130.60  11944.80  6.35
1002.2  186229.95  11921.04  6.40
1003.4  185059.15  11815.43  6.38
1004.7  181816.25  11576.87  6.37
1005.9  178845.60  11437.80  6.40
1007.2  178252.20  11399.85  6.40
1008.4  177965.10  11315.70  6.36
1009.6  178402.20  11571.24  6.49
1010.9  178596.25  11663.43  6.53
1012.1  178246.25  11640.57  6.53
1013.3  178395.00  11504.66  6.45
1014.6  177758.40  11529.49  6.49
1015.8  177601.80  11292.60  6.36
1017.1  177693.20  11216.51  6.31
1018.3  177233.50  11170.18  6.30
1019.5  177525.60  11170.83  6.29
1020.8  177003.75  11340.50  6.41
1022.0  176733.90  11532.90  6.53
1023.2  175869.80  11290.01  6.42
1024.4  176103.25  11361.50  6.45
1025.7  176358.00  11436.75  6.48
1026.9  176001.60  11212.46  6.37
1028.1  176849.25  11325.32  6.40
1029.3  176200.65  11246.85  6.38
1030.6  175565.50  11350.43  6.47
1031.8  176900.10  11315.57  6.40
1033.0  176306.00  11237.09  6.37
1034.2  175675.50  11353.18  6.46
1035.4  175015.10  11271.46  6.44
1036.7  175441.70  11373.17  6.48
1037.9  175896.60  11480.94  6.53
1039.1  176003.15  11570.37  6.57
1040.3  176478.50  11688.84  6.62
1041.5  176127.35  11287.20  6.41
1042.7  177455.25  11588.91  6.53
1043.9  177128.10  11907.77  6.72
1045.2  176358.60  11451.86  6.49
1046.4  175555.20  11494.69  6.55
1047.6  174272.70  11511.10  6.61
1048.8  174847.40  11528.40  6.59
1050.0  175463.50  11547.36  6.58
1051.2  176083.65  11565.43  6.57
1052.4  176251.75  11552.64  6.55
1053.6  175930.95  11506.67  6.54
1054.8  176118.30  11492.73  6.53
1056.0  176320.10  11478.34  6.51
1057.2  175448.35  11718.26  6.68
1058.4  174547.50  11636.50  6.67
1059.7  174170.70  11247.81  6.46
1060.9  173186.75  11150.86  6.44
1062.1  170238.00  11086.93  6.51
1063.3  172277.10  11019.86  6.40
1064.5  174438.00  11327.14  6.49
1065.7  173372.80  11609.79  6.70
1066.9  174377.70  11467.01  6.58
1068.1  176114.10  11767.99  6.68
1069.3  171436.30  11207.70  6.54
1070.5  172474.60  11469.99  6.65
1071.7  170497.60  11308.51  6.63
1072.9  171550.50  11139.64  6.49
1074.1  170970.05  11520.89  6.74
1075.3  171941.40  11077.46  6.44
1076.5  171150.20  11284.63  6.59
