/*** Spectra Vista SIG Data ***/
name= 230503_1736_R894_T901.sig
instrument= HK: 9202056 (HR-512i)
integration= 10.0, 0.0, 0.0, 100.0, 0.0, 0.0
scan method= Time-based, Time-based
scan coadds= 300, 0, 0, 30, 0, 0
scan time= 3, 3
scan settings= AI, AI
external data set1= 0,0,0,0,0,0,0,0,0,0,0,0,0,0,0,0,0,0,0,0,0,0,0,0,0,0,0,0,0,0,0,0
external data set2= 0,0,0,0,0,0,0,0,0,0,0,0,0,0,0,0,0,0,0,0,0,0,0,0,0,0,0,0,0,0,0,0
external data dark= 0,0,0,0,0,0,0,0,0,0,0,0,0,0,0,0
external data mask= 0
optic= LENS 4(1), LENS 4(1)
temp= 21.5, 0.0, 0.0, 24.4, 0.0, 0.0
battery= 8.33, 8.26
error= 0, 0
units= Radiance, Radiance
time= 5/3/2023 5:33:55 PM, 5/3/2023 5:36:46 PM
longitude= 07756.1981W     , 07756.2047W     
latitude= 3406.5871N      , 3406.6023N      
gpstime= 184249.375      , 184540.000      
comm= 
memory slot= 894, 901
factors= 1.000, 1.000, 1.000 [Overlap: Preserve, Matching Type: None]
inclinometer x offset= 4, 5
inclinometer y offset= -11, 0
data= 
339.7  72299.70  27858.77  38.53
341.4  78557.60  30050.02  38.25
343.0  82392.75  31242.67  37.92
344.7  84612.00  31601.30  37.35
346.4  88951.10  32778.71  36.85
348.0  93670.85  34086.19  36.39
349.7  98701.20  35436.96  35.90
351.3  107055.20  37919.94  35.42
353.0  113243.90  39481.61  34.86
354.6  121383.30  41632.00  34.30
356.2  122222.10  41202.32  33.71
357.9  114729.00  37900.65  33.03
359.5  115554.80  37294.36  32.27
361.2  124746.00  39527.36  31.69
362.8  131677.70  41017.97  31.15
364.5  140644.65  43176.33  30.70
366.1  153687.10  46433.64  30.21
367.7  163292.40  48698.28  29.82
369.4  165299.75  48635.13  29.42
371.0  167157.90  48503.00  29.02
372.6  163672.50  46852.73  28.63
374.3  155861.25  43944.70  28.19
375.9  158171.20  43899.41  27.75
377.5  172723.20  47341.45  27.41
379.1  184094.90  49898.26  27.10
380.8  180667.20  48380.08  26.78
382.4  168601.50  44567.10  26.43
384.0  151528.50  39507.80  26.07
385.6  157496.20  40442.15  25.68
387.3  167263.20  42503.76  25.41
388.9  175664.60  44176.86  25.15
390.5  189970.00  47216.18  24.85
392.1  198218.25  48751.20  24.59
393.8  180080.00  43864.00  24.36
395.4  181430.55  43468.22  23.96
397.0  192365.55  45553.69  23.68
398.6  215821.00  50369.95  23.34
400.2  264140.60  60902.64  23.06
401.8  296490.25  67605.48  22.80
403.4  312995.20  70504.91  22.53
405.0  315240.00  70038.00  22.22
406.6  313062.75  68520.38  21.89
408.3  315479.85  67965.35  21.54
409.9  322457.60  68372.16  21.20
411.5  327267.00  68403.15  20.90
413.1  339200.00  69905.00  20.61
414.7  344813.70  70155.75  20.35
416.3  348521.25  70115.65  20.12
417.9  348175.80  69290.88  19.90
419.5  345403.05  67959.89  19.68
421.1  347921.20  67675.36  19.45
422.7  350325.80  67398.32  19.24
424.3  347936.30  66245.73  19.04
425.9  347699.00  65528.82  18.85
427.5  343018.00  64009.75  18.66
429.1  333178.30  61513.74  18.46
430.7  313257.30  57285.30  18.29
432.3  317422.95  57337.09  18.06
433.9  341137.30  60921.74  17.86
435.5  356756.80  63014.61  17.66
437.1  375288.00  65569.00  17.47
438.7  376200.35  65111.16  17.31
440.3  377074.60  64561.25  17.12
441.9  390226.50  66126.60  16.95
443.5  406378.05  68121.87  16.76
445.0  415981.25  68893.63  16.56
446.6  418420.75  68489.80  16.37
448.2  427537.75  69169.43  16.18
449.8  439242.70  70295.49  16.00
451.4  451115.40  71498.52  15.85
453.0  449358.80  70543.55  15.70
454.6  443164.05  68905.70  15.55
456.2  445192.70  68574.89  15.40
457.8  450064.45  68675.48  15.26
459.3  450605.25  68129.40  15.12
460.9  452217.70  67765.50  14.99
462.5  458265.60  68058.48  14.85
464.1  458836.80  67548.48  14.72
465.7  454675.20  66393.84  14.60
467.2  450532.00  65236.68  14.48
468.8  448776.00  64401.80  14.35
470.4  447322.50  63633.60  14.23
472.0  449458.65  63345.47  14.09
473.6  454819.20  63465.11  13.95
475.1  458346.35  63288.79  13.81
476.7  459209.90  62789.52  13.67
478.3  462630.15  62690.00  13.55
479.9  466198.20  62659.58  13.44
481.5  468861.70  62543.42  13.34
483.0  468090.15  61986.87  13.24
484.6  459148.80  60364.80  13.15
486.2  438190.90  57183.04  13.05
487.8  426837.60  55199.34  12.93
489.3  435337.50  55762.50  12.81
490.9  444912.00  56517.96  12.70
492.5  446179.80  56255.21  12.61
494.0  449607.00  56220.95  12.50
495.6  453905.55  56274.05  12.40
497.2  455250.50  56002.59  12.30
498.8  450447.25  54999.21  12.21
500.3  443500.70  53722.54  12.11
501.9  435283.25  52296.33  12.01
503.5  433721.60  51619.36  11.90
505.0  435751.10  51405.69  11.80
506.6  439401.60  51433.25  11.71
508.2  437626.80  50874.48  11.63
509.7  436437.00  50385.15  11.54
511.3  435863.25  49972.05  11.47
512.9  431657.10  49155.26  11.39
514.4  423736.50  47946.00  11.32
516.0  414480.00  46602.00  11.24
517.5  401477.40  44848.13  11.17
519.1  400907.65  44438.03  11.08
520.7  409670.80  45051.16  11.00
522.2  414586.50  45265.05  10.92
523.8  420189.15  45552.80  10.84
525.4  422779.35  45503.86  10.76
526.9  417525.00  44647.34  10.69
528.5  420817.20  44693.01  10.62
530.0  428002.35  45143.81  10.55
531.6  430998.40  45156.00  10.48
533.2  428555.60  44612.12  10.41
534.7  430892.00  44573.20  10.34
536.3  431789.60  44391.04  10.28
537.8  429929.85  43908.20  10.21
539.4  426447.60  43265.76  10.15
541.0  422500.80  42567.48  10.08
542.5  422832.00  42294.24  10.00
544.1  426026.00  42320.06  9.93
545.6  427710.75  42199.43  9.87
547.2  427386.10  41897.54  9.80
548.7  427560.00  41655.60  9.74
550.3  428386.70  41484.66  9.68
551.8  428992.20  41283.27  9.62
553.4  430401.40  41146.82  9.56
554.9  432401.80  41055.34  9.49
556.5  430904.40  40655.16  9.43
558.0  427160.00  40037.40  9.37
559.6  423610.25  39442.55  9.31
561.1  425898.65  39377.52  9.25
562.7  428663.40  39345.74  9.18
564.2  431961.70  39370.77  9.11
565.8  431436.00  39055.32  9.05
567.3  431148.05  38727.53  8.98
568.9  430844.50  38367.54  8.91
570.4  428645.25  37840.64  8.83
572.0  429270.00  37564.20  8.75
573.5  432724.95  37541.81  8.68
575.1  433899.20  37340.32  8.61
576.6  433191.50  37002.60  8.54
578.2  431705.25  36614.49  8.48
579.7  431283.00  36350.56  8.43
581.2  433596.20  36337.24  8.38
582.8  437406.60  36459.99  8.34
584.3  438594.50  36360.10  8.29
585.9  436624.20  35971.26  8.24
587.4  432410.40  35358.12  8.18
588.9  422606.00  34243.40  8.10
590.5  416166.30  33411.14  8.03
592.0  417489.45  33255.99  7.97
593.6  419627.00  33194.98  7.91
595.1  420350.70  33039.49  7.86
596.6  421296.80  32938.00  7.82
598.2  421691.25  32810.95  7.78
599.7  420494.85  32554.44  7.74
601.2  418650.05  32260.41  7.71
602.8  418174.50  32056.48  7.67
604.3  419778.70  32001.26  7.62
605.8  421295.60  31935.64  7.58
607.4  421070.40  31737.02  7.54
608.9  418799.55  31372.40  7.49
610.5  416331.30  30998.22  7.45
612.0  414181.95  30640.35  7.40
613.5  411389.00  30239.55  7.35
615.0  408841.65  29870.12  7.31
616.6  405478.40  29448.32  7.26
618.1  405669.60  29287.44  7.22
619.6  407854.00  29263.80  7.18
621.2  409313.00  29180.98  7.13
622.7  407846.40  28888.32  7.08
624.2  405305.10  28525.77  7.04
625.8  402002.95  28106.32  6.99
627.3  399996.75  27765.45  6.94
628.8  397596.15  27384.42  6.89
630.3  395944.45  27102.08  6.84
631.8  395020.60  26904.28  6.81
633.4  395929.60  26862.00  6.78
634.9  397076.65  26838.49  6.76
636.4  398489.95  26840.29  6.74
638.0  400528.50  26888.16  6.71
639.5  400512.00  26787.60  6.69
641.0  399318.15  26625.45  6.67
642.5  398647.20  26478.27  6.64
644.0  398137.00  26333.20  6.61
645.5  396887.80  26122.89  6.58
647.1  394754.40  25833.00  6.54
648.6  392290.40  25541.02  6.51
650.1  390373.50  25333.13  6.49
651.6  390840.25  25324.83  6.48
653.1  391563.15  25327.50  6.47
654.7  388527.05  25074.12  6.45
656.2  377293.95  24268.39  6.43
657.7  371416.80  23821.84  6.41
659.2  376183.60  24076.13  6.40
660.7  382620.75  24400.25  6.38
662.2  388407.50  24651.25  6.35
663.7  391039.95  24690.12  6.31
665.2  391742.80  24627.59  6.29
666.8  391972.40  24532.47  6.26
668.3  391689.00  24420.66  6.23
669.8  391355.25  24313.47  6.21
671.3  390394.10  24167.02  6.19
672.8  389715.45  23998.09  6.16
674.3  389170.10  23802.30  6.12
675.8  389001.50  23623.90  6.07
677.3  388615.50  23439.57  6.03
678.8  388163.60  23259.83  5.99
680.3  387333.80  23043.38  5.95
681.8  386174.95  22836.49  5.91
683.3  383799.90  22545.71  5.87
684.8  378967.20  22101.04  5.83
686.3  364115.60  21024.18  5.77
687.8  344853.60  19672.38  5.70
689.3  337063.30  19029.19  5.65
690.8  337548.00  18911.52  5.60
692.3  343013.70  19113.62  5.57
693.8  347122.40  19222.07  5.54
695.3  350101.70  19291.09  5.51
696.8  354116.20  19467.68  5.50
698.3  354984.00  19460.00  5.48
699.8  353105.60  19263.33  5.46
701.3  350087.90  19001.81  5.43
702.8  349810.60  18913.36  5.41
704.2  351475.40  18959.12  5.39
705.7  353438.40  19033.36  5.39
707.2  354320.05  19049.58  5.38
708.7  354469.20  19026.42  5.37
710.2  354640.75  19006.82  5.36
711.7  353849.00  18928.30  5.35
713.2  352366.40  18802.88  5.34
714.7  349479.60  18590.94  5.32
716.2  340769.20  17979.96  5.28
717.6  323028.00  16815.60  5.21
719.1  304983.40  15685.48  5.14
720.6  300179.20  15357.12  5.12
722.1  306453.50  15717.80  5.13
723.6  307249.90  15720.78  5.12
725.0  304310.70  15492.78  5.09
726.5  303105.30  15364.46  5.07
728.0  302487.75  15282.14  5.05
729.5  302297.20  15245.52  5.04
731.0  304773.45  15364.34  5.04
732.4  310850.10  15708.00  5.05
733.9  318659.25  16189.36  5.08
735.4  323528.15  16473.82  5.09
736.8  325584.00  16569.90  5.09
738.3  326206.80  16597.09  5.09
739.8  325998.75  16597.35  5.09
741.2  325428.30  16573.28  5.09
742.7  325988.80  16591.44  5.09
744.2  327810.00  16663.92  5.08
745.7  328600.50  16672.95  5.07
747.1  329245.50  16674.21  5.06
748.6  328719.75  16601.40  5.05
750.0  327085.45  16478.61  5.04
751.5  325479.70  16332.03  5.02
753.0  324553.15  16224.58  5.00
754.4  324198.00  16138.60  4.98
755.9  323062.50  16012.50  4.96
757.3  320230.95  15806.64  4.94
758.8  299536.90  14658.60  4.89
760.3  236715.00  11332.65  4.79
761.7  186758.00  8665.31  4.64
763.2  171534.00  7741.80  4.51
764.6  176356.80  7858.80  4.46
766.1  203750.40  9199.68  4.52
767.5  239374.80  11032.41  4.61
769.0  269821.50  12604.00  4.67
770.4  289672.75  13642.25  4.71
771.9  300300.00  14182.00  4.72
773.3  305569.25  14411.78  4.72
774.8  307307.00  14471.60  4.71
776.2  308070.30  14488.92  4.70
777.7  308034.65  14439.81  4.69
779.1  307174.00  14341.20  4.67
780.5  306470.55  14262.99  4.65
782.0  305751.35  14168.78  4.63
783.4  304512.00  14054.40  4.62
784.9  303342.20  13941.76  4.60
786.3  302355.60  13821.52  4.57
787.8  300395.70  13662.34  4.55
789.2  297734.10  13453.89  4.52
790.6  294723.60  13226.46  4.49
792.0  292049.80  13044.78  4.47
793.5  289332.00  12909.96  4.46
794.9  287846.55  12815.15  4.45
796.3  287730.90  12744.37  4.43
797.8  288275.00  12710.71  4.41
799.2  288320.00  12650.04  4.39
800.6  286982.80  12549.20  4.37
802.1  285570.45  12431.48  4.35
803.5  284367.60  12307.46  4.33
804.9  283405.20  12255.88  4.32
806.3  283572.75  12228.53  4.31
807.8  283147.50  12200.18  4.31
809.2  281222.15  12075.48  4.29
810.6  278966.25  11908.73  4.27
812.0  275748.00  11656.62  4.23
813.4  268918.75  11220.00  4.17
814.8  258131.45  10664.54  4.13
816.3  246727.80  10071.42  4.08
817.7  239028.40  9670.70  4.05
819.1  236278.35  9546.60  4.04
820.5  239778.00  9725.10  4.06
821.9  242093.05  9810.46  4.05
823.3  236074.30  9500.26  4.02
824.7  239324.90  9631.22  4.02
826.1  246153.60  9917.60  4.03
827.5  248120.25  9957.38  4.01
828.9  246228.75  9823.70  3.99
830.3  245962.75  9797.15  3.98
831.7  246205.80  9793.17  3.98
833.2  246408.60  9805.79  3.98
834.5  248584.00  9889.32  3.98
835.9  252356.00  10025.67  3.97
837.3  255802.25  10151.33  3.97
838.7  257922.50  10240.63  3.97
840.1  259659.60  10303.27  3.97
841.5  260411.40  10337.94  3.97
842.9  260249.25  10321.50  3.97
844.3  259532.00  10270.65  3.96
845.7  259842.40  10278.48  3.96
847.1  259753.00  10221.05  3.93
848.5  258389.25  10154.90  3.93
849.9  253271.60  9916.12  3.92
851.2  250158.15  9795.06  3.92
852.6  249224.55  9745.22  3.91
854.0  240754.80  9406.54  3.91
855.4  235501.70  9160.25  3.89
856.8  241169.50  9360.08  3.88
858.2  246536.55  9550.52  3.87
859.5  249120.00  9584.20  3.85
860.9  249835.20  9600.96  3.84
862.3  250134.00  9561.86  3.82
863.7  250153.30  9582.63  3.83
865.0  246998.25  9451.00  3.83
866.4  237489.00  9076.13  3.82
867.8  234554.10  8912.31  3.80
869.1  237384.60  9000.99  3.79
870.5  240597.00  9108.32  3.79
871.9  242204.90  9123.76  3.77
873.2  242472.30  9100.05  3.75
874.6  241285.80  9072.98  3.76
876.0  240519.40  9006.94  3.74
877.3  240326.45  8958.92  3.73
878.7  240051.90  8947.95  3.73
880.0  238597.20  8848.50  3.71
881.4  236883.00  8725.05  3.68
882.8  237142.95  8751.45  3.69
884.1  237442.50  8736.50  3.68
885.5  236576.85  8666.46  3.66
886.8  234727.35  8555.69  3.64
888.2  233997.05  8502.87  3.63
889.5  234191.65  8495.41  3.63
890.9  233883.20  8471.36  3.62
892.2  231984.25  8416.72  3.63
893.6  228024.30  8190.94  3.59
894.9  221923.80  7924.14  3.57
896.2  211920.75  7428.15  3.51
897.6  201966.00  7011.00  3.47
898.9  191865.50  6586.80  3.43
900.3  184833.35  6321.25  3.42
901.6  181645.80  6225.66  3.43
903.0  185730.40  6381.24  3.44
904.3  195862.30  6695.03  3.42
905.6  200982.60  6885.52  3.43
907.0  196647.75  6689.80  3.40
908.3  188271.20  6376.05  3.39
909.6  182839.55  6159.39  3.37
911.0  181936.40  6130.16  3.37
912.3  182274.75  6104.35  3.35
913.6  179789.10  6012.24  3.34
914.9  178265.60  5922.64  3.32
916.2  176952.40  5848.93  3.31
917.6  177230.10  5837.46  3.29
918.9  180648.80  5980.94  3.31
920.2  186877.60  6188.00  3.31
921.5  189728.00  6303.36  3.32
922.9  188892.00  6328.20  3.35
924.2  187401.55  6225.22  3.32
925.5  186205.25  6152.30  3.30
926.8  185699.80  6145.70  3.31
928.1  178848.50  5837.89  3.26
929.4  165007.05  5351.58  3.24
930.7  147531.20  4614.72  3.13
932.0  126342.60  3997.28  3.16
933.4  106550.80  3284.10  3.08
934.7  92889.45  2909.79  3.13
936.0  87986.00  2806.45  3.19
937.3  86262.40  2734.21  3.17
938.6  94210.60  2919.75  3.10
939.9  109254.00  3379.80  3.09
941.2  116216.00  3502.40  3.01
942.5  115105.20  3526.11  3.06
943.8  108816.25  3392.75  3.12
945.1  104383.20  3198.84  3.06
946.4  103430.80  3205.50  3.10
947.7  105847.20  3253.50  3.07
949.0  107701.60  3310.50  3.07
950.2  109882.50  3274.05  2.98
951.5  112139.10  3373.29  3.01
952.8  111607.10  3426.94  3.07
954.1  113486.90  3531.75  3.11
955.4  113044.00  3544.60  3.14
956.7  115347.90  3552.91  3.08
958.0  119150.40  3658.56  3.07
959.3  119282.10  3623.76  3.04
960.5  122832.00  3684.96  3.00
961.8  127547.00  3852.44  3.02
963.1  131464.80  4028.76  3.06
964.4  134787.50  4151.46  3.08
965.7  137686.05  4223.84  3.07
966.9  142455.75  4469.20  3.14
968.2  152532.20  4723.95  3.10
969.5  161017.60  5039.04  3.13
970.8  165790.00  5192.00  3.13
972.0  167860.35  5174.19  3.08
973.3  164498.40  5033.16  3.06
974.6  160243.20  4882.41  3.05
975.8  157598.35  4912.99  3.12
977.1  158095.80  4944.56  3.13
978.4  159939.65  5043.74  3.15
979.6  161042.70  5142.54  3.19
980.9  165089.25  5249.70  3.18
982.2  168435.25  5285.63  3.14
983.4  171912.70  5250.89  3.05
984.7  173176.80  5356.74  3.09
985.9  175418.10  5547.41  3.16
987.2  176992.20  5593.26  3.16
988.5  177661.55  5713.35  3.22
989.7  178556.10  5604.90  3.14
991.0  178454.80  5648.34  3.17
992.2  179171.50  5693.30  3.18
993.5  179071.20  5740.56  3.21
994.7  179631.25  5783.25  3.22
996.0  179330.00  5559.23  3.10
997.2  179458.50  5613.83  3.13
998.5  178652.25  5671.50  3.17
999.7  178544.40  5628.03  3.15
1001.0  177181.20  5673.78  3.20
1002.2  175035.80  5800.61  3.31
1003.4  173686.80  5789.56  3.33
1004.7  170387.80  5506.44  3.23
1005.9  168447.60  5406.96  3.21
1007.2  168925.05  5285.39  3.13
1008.4  167678.10  5143.50  3.07
1009.6  168149.20  5536.62  3.29
1010.9  168390.75  5408.92  3.21
1012.1  168060.75  5398.32  3.21
1013.3  168201.00  5504.76  3.27
1014.6  168564.00  5516.64  3.27
1015.8  167335.80  5440.98  3.25
1017.1  167362.20  5475.43  3.27
1018.3  166808.00  5317.01  3.19
1019.5  166958.60  5494.84  3.29
1020.8  167349.00  5363.75  3.21
1022.0  165824.40  5454.75  3.29
1023.2  164738.80  5342.88  3.24
1024.4  165877.90  5339.91  3.22
1025.7  165915.75  5337.15  3.22
1026.9  166488.00  5470.32  3.29
1028.1  167092.05  5488.43  3.28
1029.3  166203.45  5373.50  3.23
1030.6  165313.50  5510.45  3.33
1031.8  166338.90  5148.59  3.10
1033.0  165456.40  5289.18  3.20
1034.2  164521.50  5298.15  3.22
1035.4  164973.25  5451.29  3.30
1036.7  165121.60  5307.48  3.21
1037.9  165282.15  5458.86  3.30
1039.1  166657.85  5451.43  3.27
1040.3  166852.40  5454.79  3.27
1041.5  166251.05  5267.36  3.17
1042.7  165624.90  5239.16  3.16
1043.9  166708.80  5209.65  3.13
1045.2  165670.20  5522.34  3.33
1046.4  164583.00  5303.23  3.22
1047.6  163029.30  5246.92  3.22
1048.8  163319.00  5764.20  3.53
1050.0  165606.00  5717.35  3.45
1051.2  165963.90  5667.06  3.41
1052.4  165884.00  5391.23  3.25
1053.6  165332.70  5299.13  3.21
1054.8  165246.80  5435.75  3.29
1056.0  165160.60  5356.56  3.24
1057.2  164055.60  5468.52  3.33
1058.4  165238.30  5352.79  3.24
1059.7  162241.20  5248.98  3.24
1060.9  160990.50  5122.43  3.18
1062.1  160224.00  5007.00  3.13
1063.3  159420.60  5399.73  3.39
1064.5  161223.00  5286.00  3.28
1065.7  159828.05  5417.90  3.39
1066.9  160538.20  5812.59  3.62
1068.1  159070.80  5681.10  3.57
1069.3  159813.50  5811.40  3.64
1070.5  160579.80  5352.66  3.33
1071.7  158319.20  5175.82  3.27
1072.9  159074.10  5302.47  3.33
1074.1  158066.65  5483.95  3.47
1075.3  158455.80  5731.38  3.62
1076.5  157984.80  5595.30  3.54
