/*** Spectra Vista SIG Data ***/
name= 230505_1329_R918_T925.sig
instrument= HK: 9202056 (HR-512i)
integration= 70.0, 0.0, 0.0, 30.0, 0.0, 0.0
scan method= Time-based, Time-based
scan coadds= 71, 0, 0, 166, 0, 0
scan time= 5, 5
scan settings= AI, AI
external data set1= 0,0,0,0,0,0,0,0,0,0,0,0,0,0,0,0,0,0,0,0,0,0,0,0,0,0,0,0,0,0,0,0
external data set2= 0,0,0,0,0,0,0,0,0,0,0,0,0,0,0,0,0,0,0,0,0,0,0,0,0,0,0,0,0,0,0,0
external data dark= 0,0,0,0,0,0,0,0,0,0,0,0,0,0,0,0
external data mask= 0
optic= LENS 4(1), LENS 4(1)
temp= 24.1, 0.0, 0.0, 26.4, 0.0, 0.0
battery= 8.31, 8.29
error= 0, 0
units= Radiance, Radiance
time= 5/5/2023 1:24:32 PM, 5/5/2023 1:29:06 PM
longitude= 07746.1433W     , 07746.5081W     
latitude= 3411.2556N      , 3410.9580N      
gpstime= 143234.883      , 143709.000      
comm= 
memory slot= 918, 925
factors= 1.000, 1.000, 1.000 [Overlap: Preserve, Matching Type: None]
inclinometer x offset= 9, 2
inclinometer y offset= -38, 11
data= 
339.7  3982.39  53115.70  1333.76
341.4  4171.20  57354.00  1375.00
343.0  4256.36  59811.03  1405.21
344.7  4326.75  60895.00  1407.41
346.4  4439.90  63791.67  1436.78
348.0  4579.56  66662.67  1455.66
349.7  4733.49  69778.80  1474.15
351.3  4993.83  75011.47  1502.08
353.0  5252.50  78704.73  1498.42
354.6  5538.54  83567.57  1508.84
356.2  5572.05  82963.65  1488.93
357.9  5385.75  77028.75  1430.23
359.5  5508.46  77036.53  1398.51
361.2  5905.34  82185.60  1391.72
362.8  6299.45  86156.47  1367.68
364.5  6760.93  91417.00  1352.14
366.1  7399.30  99223.40  1340.98
367.7  7907.91  104399.40  1320.19
369.4  8184.00  104789.30  1280.42
371.0  8483.80  105050.40  1238.25
372.6  8578.93  101775.25  1186.34
374.3  8539.43  96085.25  1125.20
375.9  8998.94  96979.48  1077.68
377.5  10024.11  105178.23  1049.25
379.1  10882.46  110799.88  1018.15
380.8  11096.00  107712.27  970.73
382.4  10882.29  99394.50  913.36
384.0  10522.41  89010.45  845.91
385.6  11568.77  92147.90  796.52
387.3  12930.17  97156.80  751.40
388.9  14409.69  101497.10  704.37
390.5  16591.54  109060.05  657.32
392.1  18338.79  112498.50  613.45
393.8  18000.00  101333.33  562.96
395.4  19950.90  101893.40  510.72
397.0  22727.53  106943.20  470.54
398.6  27698.20  119838.07  432.66
400.2  35837.54  145224.53  405.23
401.8  42337.25  161464.92  381.38
403.4  46858.50  168874.53  360.39
405.0  49371.43  168580.00  341.45
406.6  51059.25  166089.00  325.29
408.3  53296.80  166170.90  311.78
409.9  55889.49  168357.60  301.23
411.5  57967.39  169705.50  292.76
413.1  61042.86  174550.00  285.95
414.7  62755.50  176101.80  280.62
416.3  64020.79  176839.67  276.22
417.9  64364.83  175446.90  272.58
419.5  64210.95  173016.50  269.45
421.1  65007.09  173368.53  266.69
422.7  65608.09  173428.20  264.34
424.3  65369.89  171425.53  262.24
425.9  65473.18  170396.60  260.25
427.5  64661.50  167150.83  258.50
429.1  62854.17  161421.78  256.82
430.7  59196.28  151090.30  255.24
432.3  60384.81  153067.63  253.49
433.9  64914.95  163472.75  251.83
435.5  67995.35  170273.75  250.42
437.1  71537.71  178156.67  249.04
438.7  71659.02  177579.35  247.81
440.3  72016.30  177511.95  246.49
441.9  74636.68  182988.00  245.17
443.5  77740.41  189571.32  243.85
445.0  79575.89  193117.08  242.68
446.6  80108.29  193518.78  241.57
448.2  81982.91  197182.85  240.52
449.8  84290.24  201858.15  239.48
451.4  86600.19  206528.18  238.48
453.0  86190.58  204765.00  237.57
454.6  85115.44  201400.30  236.62
456.2  85597.98  201683.70  235.62
457.8  86562.66  203114.95  234.64
459.3  86659.99  202586.05  233.77
460.9  87057.30  202726.70  232.87
462.5  88232.91  204693.60  231.99
464.1  88302.86  204136.00  231.18
465.7  87504.34  201592.80  230.38
467.2  86721.82  199077.33  229.56
468.8  86404.48  197640.30  228.74
470.4  86108.79  196222.50  227.88
472.0  86562.28  196517.95  227.02
473.6  87572.89  198019.80  226.12
475.1  88209.60  198671.35  225.23
476.7  88309.81  198103.00  224.33
478.3  88971.02  198906.90  223.56
479.9  89675.87  200004.30  223.03
481.5  90225.77  200905.53  222.67
483.0  90065.54  200245.65  222.33
484.6  88287.09  195929.60  221.92
486.2  84207.95  186515.35  221.49
487.8  82247.40  181654.20  220.86
489.3  83973.21  184887.50  220.17
490.9  85777.89  188380.80  219.61
492.5  85997.37  188401.77  219.08
494.0  86703.14  189471.50  218.53
495.6  87513.95  190752.57  217.97
497.2  87729.56  190775.03  217.46
498.8  86735.14  188193.10  216.97
500.3  85337.21  184719.67  216.46
501.9  83751.04  180760.08  215.83
503.5  83408.74  179410.40  215.10
505.0  83775.20  179645.33  214.44
506.6  84438.58  180653.10  213.95
508.2  84078.00  179571.60  213.58
509.7  83896.14  178898.70  213.24
511.3  83796.80  178457.32  212.96
512.9  82961.16  176436.45  212.67
514.4  81435.00  172935.00  212.36
516.0  79555.71  168670.00  212.01
517.5  77063.40  163131.60  211.68
519.1  77073.29  162831.50  211.27
520.7  78764.40  166104.40  210.89
522.2  79670.36  167760.17  210.57
523.8  80722.89  169712.38  210.24
525.4  81092.75  170250.30  209.95
526.9  80089.46  167869.47  209.60
528.5  80791.18  169019.75  209.21
530.0  82123.18  171498.90  208.83
531.6  82591.26  172264.93  208.58
533.2  82097.46  171011.25  208.30
534.7  82544.00  171705.33  208.02
536.3  82653.37  171729.87  207.77
537.8  82258.75  170701.88  207.52
539.4  81518.57  168921.20  207.22
541.0  80745.77  167035.20  206.87
542.5  80789.14  166842.00  206.52
544.1  81354.90  167778.90  206.23
545.6  81624.64  168109.50  205.95
547.2  81516.95  167712.70  205.74
548.7  81552.00  167626.67  205.55
550.3  81695.32  167755.23  205.34
551.8  81781.65  167756.40  205.13
553.4  82012.54  168034.53  204.89
554.9  82331.97  168487.00  204.64
556.5  81972.74  167578.80  204.43
558.0  81209.29  165839.17  204.21
559.6  80516.25  164220.00  203.96
561.1  80920.36  164824.25  203.69
562.7  81385.69  165559.25  203.43
564.2  81924.38  166394.62  203.11
565.8  81761.11  165812.93  202.80
567.3  81621.74  165206.85  202.41
568.9  81380.00  164304.13  201.90
570.4  80845.33  162836.55  201.42
572.0  80885.68  162575.25  200.99
573.5  81401.55  163272.90  200.58
575.1  81489.37  163156.80  200.22
576.6  81265.07  162493.83  199.96
578.2  80920.38  161648.10  199.76
579.7  80875.48  161520.32  199.71
581.2  81348.71  162528.60  199.79
582.8  82097.98  164137.55  199.93
584.3  82305.07  164623.75  200.02
585.9  81859.59  163699.30  199.98
587.4  80847.26  161384.40  199.62
588.9  78651.46  156359.42  198.80
590.5  77236.49  152877.87  197.93
592.0  77355.51  152699.25  197.40
593.6  77686.89  153170.33  197.16
595.1  77786.97  153290.87  197.06
596.6  78014.29  153836.80  197.19
598.2  78167.64  154324.75  197.43
599.7  78056.35  154313.47  197.69
601.2  77815.45  154043.52  197.96
602.8  77829.04  154174.37  198.09
604.3  78164.56  154908.50  198.18
605.8  78450.57  155479.00  198.19
607.4  78362.29  155301.30  198.18
608.9  77907.43  154333.15  198.10
610.5  77411.32  153296.00  198.03
612.0  76968.73  152337.25  197.92
613.5  76405.07  151160.50  197.84
615.0  75884.40  150049.67  197.73
616.6  75221.49  148657.87  197.63
618.1  75232.80  148579.20  197.49
619.6  75592.86  149175.33  197.34
621.2  75777.89  149425.67  197.19
622.7  75423.09  148620.80  197.05
624.2  74867.91  147382.50  196.86
625.8  74155.24  145776.87  196.58
627.3  73610.57  144309.17  196.04
628.8  72975.40  142617.30  195.43
630.3  72600.56  141689.33  195.16
631.8  72436.37  141399.27  195.20
633.4  72649.50  141975.17  195.42
634.9  72875.48  142662.43  195.76
636.4  73165.87  143429.37  196.03
638.0  73558.80  144379.30  196.28
639.5  73530.00  144508.00  196.53
641.0  73307.85  144201.75  196.71
642.5  73157.30  144012.87  196.85
644.0  73007.86  143734.67  196.88
645.5  72632.66  142890.00  196.73
647.1  71996.06  141336.67  196.31
648.6  71312.41  139689.80  195.88
650.1  70901.14  138841.75  195.82
651.6  70943.94  139015.37  195.95
653.1  71048.57  139408.70  196.22
654.7  70408.86  138363.67  196.51
656.2  68303.16  134343.43  196.69
657.7  67361.14  132584.80  196.83
659.2  68287.33  134599.83  197.11
660.7  69517.18  137153.92  197.29
662.2  70576.44  139393.80  197.51
663.7  71041.54  140424.25  197.66
665.2  71164.61  140710.53  197.73
666.8  71174.45  140736.85  197.74
668.3  71107.59  140587.50  197.71
669.8  70998.48  140372.28  197.71
671.3  70767.13  139918.63  197.72
672.8  70621.66  139597.35  197.67
674.3  70473.06  139254.27  197.60
675.8  70411.43  139077.00  197.52
677.3  70299.00  138838.70  197.50
678.8  70164.29  138573.23  197.50
680.3  69947.51  138141.73  197.49
681.8  69686.50  137621.40  197.49
683.3  69187.33  136558.22  197.37
684.8  68187.66  134428.27  197.14
686.3  65063.23  127604.87  196.12
687.8  61245.60  118918.80  194.17
689.3  59707.10  115193.52  192.93
690.8  59836.80  115202.40  192.53
692.3  60749.44  116999.50  192.59
693.8  61285.91  117879.77  192.34
695.3  61809.43  118955.20  192.45
696.8  62743.29  121111.00  193.03
698.3  62936.00  121781.33  193.50
699.8  62460.46  120733.13  193.30
701.3  61848.19  119464.90  193.16
702.8  61882.67  119542.97  193.18
704.2  62315.77  120583.73  193.50
705.7  62742.63  121582.67  193.78
707.2  63002.28  122293.60  194.11
708.7  63118.80  122748.80  194.47
710.2  63231.35  123077.53  194.65
711.7  63145.29  123014.33  194.81
713.2  62865.14  122529.60  194.91
714.7  62199.94  121075.60  194.66
716.2  60025.43  116136.27  193.48
717.6  55866.86  106650.00  190.90
719.1  52008.77  97957.47  188.35
720.6  51229.26  95997.87  187.39
722.1  52740.43  99426.17  188.52
723.6  52808.94  99645.17  188.69
725.0  52068.73  97941.60  188.10
726.5  51778.46  97126.55  187.58
728.0  51657.36  96825.60  187.44
729.5  51723.89  97003.47  187.54
731.0  52339.43  98314.62  187.84
732.4  53864.01  101802.80  189.00
733.9  55762.35  106332.45  190.69
735.4  56957.53  109240.08  191.79
736.8  57553.71  110770.00  192.46
738.3  57874.34  111756.03  193.10
739.8  58055.25  112477.75  193.74
741.2  58174.39  113062.05  194.35
742.7  58458.40  113918.93  194.87
744.2  58900.80  115032.40  195.30
745.7  59131.50  115616.50  195.52
747.1  59290.63  115997.10  195.64
748.6  59204.79  115909.05  195.78
750.0  58925.81  115376.52  195.80
751.5  58638.54  114786.53  195.75
753.0  58472.50  114462.48  195.75
754.4  58386.29  114286.67  195.74
755.9  58151.79  113812.50  195.72
757.3  57546.64  112607.30  195.68
758.8  53111.38  103537.33  194.94
760.3  40782.43  78045.00  191.37
761.7  31483.93  58029.93  184.32
763.2  28464.86  50666.00  177.99
764.6  29418.17  51859.20  176.28
766.1  34790.40  62809.60  180.54
767.5  41756.83  77710.87  186.10
769.0  47685.79  90739.67  190.29
770.4  51551.68  99489.17  192.99
771.9  53670.00  104416.67  194.55
773.3  54689.75  106879.67  195.43
774.8  55044.79  107822.00  195.88
776.2  55206.21  108281.30  196.14
777.7  55176.00  108310.77  196.30
779.1  54992.57  108040.00  196.46
780.5  54852.69  107778.10  196.49
782.0  54698.69  107530.02  196.59
783.4  54440.23  107033.60  196.61
784.9  54182.14  106508.20  196.57
786.3  53887.94  105854.67  196.43
787.8  53374.02  104656.73  196.08
789.2  52663.76  103022.37  195.62
790.6  51996.26  101468.50  195.15
792.0  51455.60  100376.50  195.07
793.5  51001.71  99658.80  195.40
794.9  50796.45  99444.15  195.77
796.3  50663.00  99084.02  195.57
797.8  50723.73  99107.47  195.39
799.2  50674.81  99140.03  195.64
800.6  50353.83  98470.00  195.56
802.1  50034.31  97702.50  195.27
803.5  49746.09  97154.20  195.30
804.9  49639.20  97065.80  195.54
806.3  49740.79  97489.33  195.99
807.8  49703.39  97594.82  196.35
809.2  49269.09  96772.22  196.42
810.6  48659.46  95420.50  196.10
812.0  47748.57  93204.22  195.20
813.4  45991.07  89108.33  193.75
814.8  43482.41  83450.62  191.92
816.3  41074.18  78137.80  190.24
817.7  39545.26  74868.73  189.32
819.1  39193.01  74175.57  189.26
820.5  40161.00  76499.50  190.48
821.9  40619.86  77803.05  191.54
823.3  39351.40  75150.72  190.97
824.7  40150.30  76863.77  191.44
826.1  41588.80  80080.00  192.55
827.5  41869.29  80869.75  193.15
828.9  41465.32  80040.25  193.03
830.3  41433.86  80091.92  193.30
831.7  41558.70  80451.70  193.59
833.2  41682.66  80894.40  194.07
834.5  42228.40  82275.90  194.84
835.9  43045.51  84301.53  195.84
837.3  43764.29  86010.08  196.53
838.7  44271.79  87339.58  197.28
840.1  44689.13  88463.87  197.95
841.5  44907.83  89130.20  198.47
842.9  44930.12  89453.00  199.09
844.3  44871.36  89450.83  199.35
845.7  44960.23  89848.27  199.84
847.1  45034.10  90119.43  200.11
848.5  44744.75  89712.00  200.50
849.9  43828.53  87950.30  200.67
851.2  43282.09  86853.80  200.67
852.6  43039.24  86371.90  200.68
854.0  41511.88  83430.97  200.98
855.4  40733.37  81831.57  200.90
856.8  41728.83  83875.27  201.00
858.2  42614.87  85823.65  201.39
859.5  43027.57  86788.33  201.70
860.9  43124.23  87074.40  201.92
862.3  43158.89  87162.53  201.96
863.7  43170.54  87272.52  202.16
865.0  42503.54  86088.92  202.55
866.4  40870.20  82783.63  202.55
867.8  40406.38  81789.40  202.42
869.1  40920.94  82839.30  202.44
870.5  41354.31  83890.70  202.86
871.9  41669.96  84472.10  202.72
873.2  41656.14  84542.40  202.95
874.6  41487.80  84192.50  202.93
876.0  41294.94  83850.80  203.05
877.3  41239.45  83697.80  202.96
878.7  41169.39  83582.77  203.02
880.0  40836.94  83002.40  203.25
881.4  40524.21  82333.00  203.17
882.8  40525.01  82462.85  203.49
884.1  40531.43  82535.42  203.63
885.5  40393.46  82141.70  203.35
886.8  39960.33  81345.55  203.57
888.2  39838.15  81065.13  203.49
889.5  39816.15  81016.83  203.48
890.9  39725.94  80723.47  203.20
892.2  39235.81  79659.58  203.03
893.6  38273.82  77424.40  202.29
894.9  36765.00  73974.60  201.21
896.2  34609.21  68860.08  198.96
897.6  32507.14  64042.00  197.01
898.9  30545.93  59630.50  195.22
900.3  29222.24  56722.68  194.11
901.6  28767.60  55680.80  193.55
903.0  29682.77  57759.73  194.59
904.3  31656.03  62224.35  196.56
905.6  32585.61  64335.70  197.44
907.0  31599.29  62132.42  196.63
908.3  29906.04  58287.45  194.90
909.6  28696.26  55767.45  194.34
911.0  28602.06  55396.40  193.68
912.3  28565.75  55243.42  193.39
913.6  28037.85  53956.00  192.44
914.9  27686.46  53264.67  192.39
916.2  27442.04  52650.27  191.86
917.6  27424.89  52757.80  192.37
918.9  28335.36  54927.00  193.85
920.2  29746.60  58270.33  195.89
921.5  30374.40  60002.13  197.54
922.9  30346.29  60102.00  198.05
924.2  29904.99  59026.65  197.38
925.5  29686.25  58359.58  196.59
926.8  29375.97  57913.53  197.15
928.1  27767.31  53992.00  194.44
929.4  24895.63  47683.95  191.54
930.7  21575.31  40437.07  187.42
932.0  17845.00  32596.87  182.67
933.4  14335.36  25543.00  178.18
934.7  12363.94  21263.85  171.98
936.0  11594.21  19721.00  170.09
937.3  11222.91  18998.27  169.28
938.6  12846.90  22060.33  171.72
939.9  15270.86  26986.00  176.72
941.2  16261.14  28921.33  177.86
942.5  15980.40  28506.10  178.38
943.8  15013.21  26755.83  178.22
945.1  14310.60  25254.00  176.47
946.4  14104.20  24789.20  175.76
947.7  14501.31  25594.20  176.50
949.0  14818.43  26336.87  177.73
950.2  15249.00  27209.00  178.43
951.5  15433.78  27654.90  179.18
952.8  15348.46  27477.27  179.02
954.1  15741.51  28410.97  180.48
955.4  15738.57  28580.33  181.59
956.7  16269.69  29688.70  182.48
958.0  16950.86  31147.20  183.75
959.3  16896.50  31204.60  184.68
960.5  17474.31  32414.00  185.50
961.8  18221.00  34012.53  186.67
963.1  18932.14  35693.40  188.53
964.4  19717.49  37381.07  189.58
965.7  20217.99  38398.50  189.92
966.9  21388.31  40967.67  191.54
968.2  23416.46  45532.00  194.44
969.5  24905.60  49425.07  198.45
970.8  25875.71  51920.00  200.65
972.0  26214.75  52744.65  201.20
973.3  25516.54  51150.00  200.46
974.6  24680.31  49241.40  199.52
975.8  24337.05  48279.12  198.38
977.1  24536.91  48795.00  198.86
978.4  24934.28  49994.97  200.51
979.6  25132.71  50523.20  201.03
980.9  25755.11  52266.75  202.94
982.2  26579.14  54030.83  203.28
983.4  26922.37  55386.10  205.73
984.7  27569.91  56991.80  206.72
985.9  28058.33  58222.82  207.51
987.2  28458.86  59252.80  208.21
988.5  28734.44  60003.17  208.82
989.7  28825.20  60052.50  208.33
991.0  28884.89  60576.40  209.72
992.2  29064.54  60561.08  208.37
993.5  29008.80  61118.40  210.69
994.7  29041.43  61337.50  211.21
996.0  29205.17  61569.97  210.82
997.2  29055.19  61353.33  211.16
998.5  29032.68  61441.25  211.63
999.7  28971.88  61132.05  211.00
1001.0  28724.40  61051.20  212.54
1002.2  28494.20  60380.57  211.90
1003.4  28357.03  59963.30  211.46
1004.7  27606.39  58873.83  213.26
1005.9  27480.43  57882.20  210.63
1007.2  27537.30  58035.60  210.75
1008.4  27480.99  57950.10  210.87
1009.6  27683.10  58442.10  211.11
1010.9  27409.06  58171.35  212.23
1012.1  27500.85  58057.35  211.11
1013.3  27378.17  57766.00  210.99
1014.6  27291.31  57890.67  212.12
1015.8  27131.57  57489.60  211.89
1017.1  27008.19  57509.23  212.93
1018.3  27106.30  57687.77  212.82
1019.5  27021.33  57766.27  213.78
1020.8  26972.00  57570.92  213.45
1022.0  26962.05  57456.70  213.10
1023.2  26873.41  57139.13  212.62
1024.4  26780.68  57186.22  213.54
1025.7  26851.50  57239.00  213.17
1026.9  27011.83  57081.60  211.32
1028.1  27180.77  57730.10  212.39
1029.3  27135.26  57483.90  211.84
1030.6  26911.50  57240.33  212.70
1031.8  26968.78  57206.50  212.12
1033.0  26736.51  57412.47  214.73
1034.2  26689.93  57164.25  214.18
1035.4  26846.58  56903.82  211.96
1036.7  26748.01  57006.27  213.12
1037.9  26861.06  56610.40  210.75
1039.1  26923.36  56590.98  210.19
1040.3  26815.56  56687.03  211.40
1041.5  26807.10  56514.38  210.82
1042.7  26799.36  56898.35  212.31
1043.9  27040.56  57306.15  211.93
1045.2  26721.00  57004.80  213.33
1046.4  26646.77  56689.70  212.75
1047.6  26502.30  56841.63  214.48
1048.8  26625.11  56361.07  211.68
1050.0  26756.07  56516.33  211.23
1051.2  26600.49  56670.60  213.04
1052.4  26363.71  56677.03  214.98
1053.6  26647.03  56524.00  212.12
1054.8  26402.21  56531.80  214.12
1056.0  26463.96  55797.50  210.84
1057.2  26040.57  55444.72  212.92
1058.4  26265.24  55855.20  212.66
1059.7  25904.06  54875.70  211.84
1060.9  25786.36  54476.58  211.26
1062.1  25750.29  54242.50  210.65
1063.3  25345.67  53997.30  213.04
1064.5  25297.29  53741.00  212.44
1065.7  25928.52  54179.00  208.96
1066.9  26097.34  54435.37  208.59
1068.1  25564.95  53970.45  211.11
1069.3  26151.30  54239.73  207.41
1070.5  25913.67  53526.60  206.56
1071.7  25661.63  53787.93  209.60
1072.9  25398.39  53024.70  208.77
1074.1  25806.80  53764.17  208.33
1075.3  25044.69  53942.40  215.38
1076.5  25390.41  53758.72  211.73
