/*** Spectra Vista SIG Data ***/
name= 230505_1328_R918_T924.sig
instrument= HK: 9202056 (HR-512i)
integration= 70.0, 0.0, 0.0, 30.0, 0.0, 0.0
scan method= Time-based, Time-based
scan coadds= 71, 0, 0, 166, 0, 0
scan time= 5, 5
scan settings= AI, AI
external data set1= 0,0,0,0,0,0,0,0,0,0,0,0,0,0,0,0,0,0,0,0,0,0,0,0,0,0,0,0,0,0,0,0
external data set2= 0,0,0,0,0,0,0,0,0,0,0,0,0,0,0,0,0,0,0,0,0,0,0,0,0,0,0,0,0,0,0,0
external data dark= 0,0,0,0,0,0,0,0,0,0,0,0,0,0,0,0
external data mask= 0
optic= LENS 4(1), LENS 4(1)
temp= 24.1, 0.0, 0.0, 26.4, 0.0, 0.0
battery= 8.31, 8.25
error= 0, 0
units= Radiance, Radiance
time= 5/5/2023 1:24:32 PM, 5/5/2023 1:28:40 PM
longitude= 07746.1433W     , 07746.4727W     
latitude= 3411.2556N      , 3410.9866N      
gpstime= 143234.883      , 143642.888      
comm= 
memory slot= 918, 924
factors= 1.000, 1.000, 1.000 [Overlap: Preserve, Matching Type: None]
inclinometer x offset= 9, 3
inclinometer y offset= -38, 8
data= 
339.7  3982.39  53955.00  1354.84
341.4  4171.20  58280.93  1397.22
343.0  4256.36  60698.77  1426.07
344.7  4326.75  61803.08  1428.40
346.4  4439.90  64710.27  1457.47
348.0  4579.56  67643.00  1477.06
349.7  4733.49  70761.60  1494.92
351.3  4993.83  76012.83  1522.14
353.0  5252.50  79729.77  1517.94
354.6  5538.54  84651.73  1528.41
356.2  5572.05  83980.05  1507.17
357.9  5385.75  77947.25  1447.29
359.5  5508.46  77978.00  1415.61
361.2  5905.34  83164.00  1408.28
362.8  6299.45  87133.67  1383.19
364.5  6760.93  92387.80  1366.50
366.1  7399.30  100234.23  1354.64
367.7  7907.91  105404.40  1332.90
369.4  8184.00  105783.88  1292.57
371.0  8483.80  105957.37  1248.94
372.6  8578.93  102599.50  1195.95
374.3  8539.43  96824.67  1133.85
375.9  8998.94  97707.50  1085.77
377.5  10024.11  105927.90  1056.73
379.1  10882.46  111566.03  1025.19
380.8  11096.00  108386.13  976.80
382.4  10882.29  99946.50  918.43
384.0  10522.41  89512.20  850.68
385.6  11568.77  92633.40  800.72
387.3  12930.17  97593.60  754.77
388.9  14409.69  101886.67  707.07
390.5  16591.54  109405.45  659.41
392.1  18338.79  112803.75  615.11
393.8  18000.00  101573.33  564.30
395.4  19950.90  102200.00  512.26
397.0  22727.53  107237.00  471.84
398.6  27698.20  120119.27  433.67
400.2  35837.54  145449.20  405.86
401.8  42337.25  161637.58  381.79
403.4  46858.50  168957.60  360.57
405.0  49371.43  168600.00  341.49
406.6  51059.25  166050.50  325.21
408.3  53296.80  166078.15  311.61
409.9  55889.49  168196.80  300.95
411.5  57967.39  169481.25  292.37
413.1  61042.86  174266.67  285.48
414.7  62755.50  175747.60  280.05
416.3  64020.79  176434.50  275.59
417.9  64364.83  174978.80  271.85
419.5  64210.95  172474.45  268.61
421.1  65007.09  172740.80  265.73
422.7  65608.09  172717.60  263.26
424.3  65369.89  170634.80  261.03
425.9  65473.18  169553.45  258.97
427.5  64661.50  166295.00  257.18
429.1  62854.17  160525.93  255.39
430.7  59196.28  150229.35  253.78
432.3  60384.81  152172.80  252.01
433.9  64914.95  162455.42  250.26
435.5  67995.35  169144.93  248.76
437.1  71537.71  176902.67  247.29
438.7  71659.02  176272.97  245.99
440.3  72016.30  176176.70  244.63
441.9  74636.68  181598.25  243.31
443.5  77740.41  188110.22  241.97
445.0  79575.89  191554.17  240.72
446.6  80108.29  191904.72  239.56
448.2  81982.91  195464.57  238.42
449.8  84290.24  200034.25  237.32
451.4  86600.19  204597.27  236.25
453.0  86190.58  202797.65  235.29
454.6  85115.44  199423.15  234.30
456.2  85597.98  199674.68  233.27
457.8  86562.66  201019.87  232.22
459.3  86659.99  200431.60  231.29
460.9  87057.30  200501.77  230.31
462.5  88232.91  202381.60  229.37
464.1  88302.86  201769.60  228.50
465.7  87504.34  199212.80  227.66
467.2  86721.82  196713.83  226.83
468.8  86404.48  195241.95  225.96
470.4  86108.79  193833.00  225.10
472.0  86562.28  194110.40  224.24
473.6  87572.89  195543.88  223.29
475.1  88209.60  196154.50  222.37
476.7  88309.81  195601.90  221.50
478.3  88971.02  196368.95  220.71
479.9  89675.87  197394.30  220.12
481.5  90225.77  198195.50  219.67
483.0  90065.54  197449.97  219.23
484.6  88287.09  193113.60  218.73
486.2  84207.95  183781.27  218.25
487.8  82247.40  178957.80  217.58
489.3  83973.21  182100.00  216.85
490.9  85777.89  185466.80  216.22
492.5  85997.37  185453.77  215.65
494.0  86703.14  186466.33  215.06
495.6  87513.95  187676.30  214.45
497.2  87729.56  187637.83  213.88
498.8  86735.14  185076.47  213.38
500.3  85337.21  181642.93  212.85
501.9  83751.04  177734.67  212.22
503.5  83408.74  176402.20  211.49
505.0  83775.20  176610.48  210.81
506.6  84438.58  177554.25  210.28
508.2  84078.00  176428.80  209.84
509.7  83896.14  175703.70  209.43
511.3  83796.80  175186.63  209.06
512.9  82961.16  173124.45  208.68
514.4  81435.00  169651.17  208.33
516.0  79555.71  165450.00  207.97
517.5  77063.40  160016.10  207.64
519.1  77073.29  159674.67  207.17
520.7  78764.40  162829.33  206.73
522.2  79670.36  164384.83  206.33
523.8  80722.89  166266.65  205.97
525.4  81092.75  166751.60  205.63
526.9  80089.46  164402.30  205.27
528.5  80791.18  165526.45  204.88
530.0  82123.18  167946.30  204.51
531.6  82591.26  168658.13  204.21
533.2  82097.46  167408.05  203.91
534.7  82544.00  168084.00  203.63
536.3  82653.37  168069.53  203.34
537.8  82258.75  167024.43  203.05
539.4  81518.57  165268.80  202.74
541.0  80745.77  163410.40  202.38
542.5  80789.14  163208.00  202.02
544.1  81354.90  164104.03  201.71
545.6  81624.64  164400.25  201.41
547.2  81516.95  163990.08  201.17
548.7  81552.00  163874.67  200.95
550.3  81695.32  163973.75  200.71
551.8  81781.65  163948.05  200.47
553.4  82012.54  164202.13  200.22
554.9  82331.97  164633.67  199.96
556.5  81972.74  163714.67  199.72
558.0  81209.29  162004.17  199.49
559.6  80516.25  160412.00  199.23
561.1  80920.36  160997.88  198.96
562.7  81385.69  161684.57  198.66
564.2  81924.38  162497.23  198.35
565.8  81761.11  161919.33  198.04
567.3  81621.74  161348.98  197.68
568.9  81380.00  160495.97  197.22
570.4  80845.33  159089.85  196.78
572.0  80885.68  158854.50  196.39
573.5  81401.55  159547.85  196.00
575.1  81489.37  159437.87  195.65
576.6  81265.07  158783.00  195.39
578.2  80920.38  157939.45  195.18
579.7  80875.48  157777.18  195.09
581.2  81348.71  158692.93  195.08
582.8  82097.98  160174.85  195.10
584.3  82305.07  160559.75  195.08
585.9  81859.59  159622.60  195.00
587.4  80847.26  157399.20  194.69
588.9  78651.46  152615.00  194.04
590.5  77236.49  149369.27  193.39
592.0  77355.51  149253.90  192.95
593.6  77686.89  149700.20  192.70
595.1  77786.97  149778.57  192.55
596.6  78014.29  150259.20  192.60
598.2  78167.64  150629.67  192.70
599.7  78056.35  150516.38  192.83
601.2  77815.45  150155.02  192.96
602.8  77829.04  150205.33  192.99
604.3  78164.56  150875.73  193.02
605.8  78450.57  151388.40  192.97
607.4  78362.29  151170.30  192.91
608.9  77907.43  150191.70  192.78
610.5  77411.32  149168.80  192.70
612.0  76968.73  148212.35  192.56
613.5  76405.07  147063.00  192.48
615.0  75884.40  145967.62  192.36
616.6  75221.49  144622.13  192.26
618.1  75232.80  144547.20  192.13
619.6  75592.86  145122.00  191.98
621.2  75777.89  145351.00  191.81
622.7  75423.09  144563.20  191.67
624.2  74867.91  143357.70  191.48
625.8  74155.24  141829.93  191.26
627.3  73610.57  140475.75  190.84
628.8  72975.40  138925.97  190.37
630.3  72600.56  138067.20  190.17
631.8  72436.37  137758.83  190.18
633.4  72649.50  138257.90  190.31
634.9  72875.48  138858.47  190.54
636.4  73165.87  139542.47  190.72
638.0  73558.80  140390.00  190.85
639.5  73530.00  140462.00  191.03
641.0  73307.85  140122.03  191.14
642.5  73157.30  139899.43  191.23
644.0  73007.86  139635.33  191.26
645.5  72632.66  138834.23  191.15
647.1  71996.06  137412.67  190.86
648.6  71312.41  135899.77  190.57
650.1  70901.14  135110.00  190.56
651.6  70943.94  135299.50  190.71
653.1  71048.57  135632.60  190.90
654.7  70408.86  134521.97  191.06
656.2  68303.16  130595.12  191.20
657.7  67361.14  128887.47  191.34
659.2  68287.33  130803.83  191.55
660.7  69517.18  133254.33  191.69
662.2  70576.44  135337.37  191.76
663.7  71041.54  136289.85  191.85
665.2  71164.61  136522.33  191.84
666.8  71174.45  136519.47  191.81
668.3  71107.59  136365.80  191.77
669.8  70998.48  136129.95  191.74
671.3  70767.13  135646.93  191.68
672.8  70621.66  135328.17  191.62
674.3  70473.06  134979.50  191.53
675.8  70411.43  134801.33  191.45
677.3  70299.00  134546.30  191.39
678.8  70164.29  134282.13  191.38
680.3  69947.51  133870.57  191.39
681.8  69686.50  133375.78  191.39
683.3  69187.33  132343.57  191.28
684.8  68187.66  130285.67  191.07
686.3  65063.23  123828.93  190.32
687.8  61245.60  115733.80  188.97
689.3  59707.10  112299.48  188.08
690.8  59836.80  112332.00  187.73
692.3  60749.44  114042.17  187.73
693.8  61285.91  114927.67  187.53
695.3  61809.43  115880.70  187.48
696.8  62743.29  117851.40  187.83
698.3  62936.00  118365.33  188.07
699.8  62460.46  117369.17  187.91
701.3  61848.19  116131.25  187.77
702.8  61882.67  116188.77  187.76
704.2  62315.77  117104.67  187.92
705.7  62742.63  118009.33  188.08
707.2  63002.28  118605.55  188.26
708.7  63118.80  118957.40  188.47
710.2  63231.35  119229.13  188.56
711.7  63145.29  119108.83  188.63
713.2  62865.14  118598.93  188.66
714.7  62199.94  117191.30  188.41
716.2  60025.43  112603.40  187.59
717.6  55866.86  103806.00  185.81
719.1  52008.77  95753.33  184.11
720.6  51229.26  93985.07  183.46
722.1  52740.43  97119.00  184.15
723.6  52808.94  97293.07  184.24
725.0  52068.73  95690.70  183.78
726.5  51778.46  94942.90  183.36
728.0  51657.36  94703.85  183.33
729.5  51723.89  94835.07  183.35
731.0  52339.43  96062.00  183.54
732.4  53864.01  99259.60  184.28
733.9  55762.35  103364.68  185.37
735.4  56957.53  105992.15  186.09
736.8  57553.71  107331.00  186.49
738.3  57874.34  108162.10  186.89
739.8  58055.25  108743.25  187.31
741.2  58174.39  109192.05  187.70
742.7  58458.40  109908.80  188.01
744.2  58900.80  110877.20  188.24
745.7  59131.50  111390.00  188.38
747.1  59290.63  111738.50  188.46
748.6  59204.79  111638.40  188.56
750.0  58925.81  111110.80  188.56
751.5  58638.54  110529.90  188.49
753.0  58472.50  110215.53  188.49
754.4  58386.29  110008.67  188.42
755.9  58151.79  109562.50  188.41
757.3  57546.64  108361.93  188.30
758.8  53111.38  99739.55  187.79
760.3  40782.43  75572.50  185.31
761.7  31483.93  56832.77  180.51
763.2  28464.86  50138.00  176.14
764.6  29418.17  51526.20  175.15
766.1  34790.40  61958.40  178.09
767.5  41756.83  75969.38  181.93
769.0  47685.79  88091.00  184.73
770.4  51551.68  96165.17  186.54
771.9  53670.00  100660.00  187.55
773.3  54689.75  102917.67  188.18
774.8  55044.79  103770.33  188.52
776.2  55206.21  104136.10  188.63
777.7  55176.00  104165.60  188.79
779.1  54992.57  103896.00  188.93
780.5  54852.69  103630.87  188.93
782.0  54698.69  103408.83  189.05
783.4  54440.23  102912.00  189.04
784.9  54182.14  102436.67  189.06
786.3  53887.94  101835.87  188.98
787.8  53374.02  100744.08  188.75
789.2  52663.76  99244.70  188.45
790.6  51996.26  97803.60  188.10
792.0  51455.60  96766.83  188.06
793.5  51001.71  96049.20  188.33
794.9  50796.45  95805.60  188.61
796.3  50663.00  95531.78  188.56
797.8  50723.73  95559.47  188.39
799.2  50674.81  95566.07  188.59
800.6  50353.83  94928.13  188.52
802.1  50034.31  94259.65  188.39
803.5  49746.09  93717.07  188.39
804.9  49639.20  93570.53  188.50
806.3  49740.79  93970.33  188.92
807.8  49703.39  93985.10  189.09
809.2  49269.09  93235.47  189.24
810.6  48659.46  91995.50  189.06
812.0  47748.57  90001.08  188.49
813.4  45991.07  86239.58  187.51
814.8  43482.41  81001.48  186.29
816.3  41074.18  76085.40  185.24
817.7  39545.26  73005.40  184.61
819.1  39193.01  72395.05  184.71
820.5  40161.00  74497.50  185.50
821.9  40619.86  75651.63  186.24
823.3  39351.40  73081.98  185.72
824.7  40150.30  74761.23  186.20
826.1  41588.80  77698.13  186.82
827.5  41869.29  78448.25  187.36
828.9  41465.32  77664.92  187.30
830.3  41433.86  77722.33  187.58
831.7  41558.70  78048.20  187.80
833.2  41682.66  78455.15  188.22
834.5  42228.40  79663.97  188.65
835.9  43045.51  81512.82  189.36
837.3  43764.29  83132.25  189.95
838.7  44271.79  84326.25  190.47
840.1  44689.13  85263.50  190.79
841.5  44907.83  85834.47  191.13
842.9  44930.12  86061.65  191.55
844.3  44871.36  86062.17  191.80
845.7  44960.23  86412.00  192.20
847.1  45034.10  86635.57  192.38
848.5  44744.75  86181.67  192.61
849.9  43828.53  84476.50  192.74
851.2  43282.09  83439.40  192.78
852.6  43039.24  83020.80  192.90
854.0  41511.88  80141.97  193.06
855.4  40733.37  78667.12  193.13
856.8  41728.83  80614.70  193.19
858.2  42614.87  82406.65  193.38
859.5  43027.57  83328.33  193.66
860.9  43124.23  83570.40  193.79
862.3  43158.89  83732.80  194.01
863.7  43170.54  83803.15  194.12
865.0  42503.54  82635.67  194.42
866.4  40870.20  79469.83  194.44
867.8  40406.38  78557.60  194.42
869.1  40920.94  79505.60  194.29
870.5  41354.31  80517.25  194.70
871.9  41669.96  81057.13  194.52
873.2  41656.14  81150.27  194.81
874.6  41487.80  80824.80  194.82
876.0  41294.94  80507.47  194.96
877.3  41239.45  80379.68  194.91
878.7  41169.39  80291.57  195.03
880.0  40836.94  79671.20  195.10
881.4  40524.21  79031.25  195.02
882.8  40525.01  79118.80  195.23
884.1  40531.43  79219.58  195.45
885.5  40393.46  78858.95  195.23
886.8  39960.33  78094.68  195.43
888.2  39838.15  77849.45  195.41
889.5  39816.15  77761.02  195.30
890.9  39725.94  77654.13  195.47
892.2  39235.81  76628.63  195.30
893.6  38273.82  74591.80  194.89
894.9  36765.00  71261.40  193.83
896.2  34609.21  66594.42  192.42
897.6  32507.14  62238.00  191.46
898.9  30545.93  58050.33  190.04
900.3  29222.24  55374.15  189.49
901.6  28767.60  54485.20  189.40
903.0  29682.77  56376.27  189.93
904.3  31656.03  60561.53  191.31
905.6  32585.61  62474.75  191.72
907.0  31599.29  60424.00  191.22
908.3  29906.04  56919.20  190.33
909.6  28696.26  54565.17  190.15
911.0  28602.06  54177.87  189.42
912.3  28565.75  54102.42  189.40
913.6  28037.85  52992.50  189.00
914.9  27686.46  52189.60  188.50
916.2  27442.04  51660.60  188.25
917.6  27424.89  51855.10  189.08
918.9  28335.36  53808.12  189.90
920.2  29746.60  56826.47  191.04
921.5  30374.40  58329.60  192.04
922.9  30346.29  58300.00  192.12
924.2  29904.99  57413.90  191.99
925.5  29686.25  56941.50  191.81
926.8  29375.97  56363.27  191.87
928.1  27767.31  52867.17  190.39
929.4  24895.63  46997.85  188.78
930.7  21575.31  40204.00  186.34
932.0  17845.00  32596.87  182.67
933.4  14335.36  25786.27  179.88
934.7  12363.94  21761.25  176.01
936.0  11594.21  20226.67  174.45
937.3  11222.91  19511.73  173.86
938.6  12846.90  22579.40  175.76
939.9  15270.86  27379.00  179.29
941.2  16261.14  29186.67  179.49
942.5  15980.40  28776.30  180.07
943.8  15013.21  26893.75  179.13
945.1  14310.60  25534.60  178.43
946.4  14104.20  25216.60  178.79
947.7  14501.31  26028.00  179.49
949.0  14818.43  26778.27  180.71
950.2  15249.00  27508.00  180.39
951.5  15433.78  28110.75  182.14
952.8  15348.46  27786.00  181.03
954.1  15741.51  28567.93  181.48
955.4  15738.57  28740.00  182.61
956.7  16269.69  29850.93  183.48
958.0  16950.86  31147.20  183.75
959.3  16896.50  31204.60  184.68
960.5  17474.31  32414.00  185.50
961.8  18221.00  34012.53  186.67
963.1  18932.14  35693.40  188.53
964.4  19717.49  37381.07  189.58
965.7  20217.99  38215.65  189.02
966.9  21388.31  40595.23  189.80
968.2  23416.46  44773.13  191.20
969.5  24905.60  48266.67  193.80
970.8  25875.71  50740.00  196.09
972.0  26214.75  51541.35  196.61
973.3  25516.54  50127.00  196.45
974.6  24680.31  48406.80  196.14
975.8  24337.05  47215.70  194.01
977.1  24536.91  47927.53  195.33
978.4  24934.28  48667.67  195.18
979.6  25132.71  49395.45  196.54
980.9  25755.11  50885.25  197.57
982.2  26579.14  52621.33  197.98
983.4  26922.37  53947.50  200.38
984.7  27569.91  55279.60  200.51
985.9  28058.33  56473.63  201.27
987.2  28458.86  57209.60  201.03
988.5  28734.44  57916.10  201.56
989.7  28825.20  58184.20  201.85
991.0  28884.89  58393.47  202.16
992.2  29064.54  58886.58  202.61
993.5  29008.80  58833.60  202.81
994.7  29041.43  59292.92  204.17
996.0  29205.17  59178.90  202.63
997.2  29055.19  59205.97  203.77
998.5  29032.68  59235.67  204.03
999.7  28971.88  58867.90  203.19
1001.0  28724.40  58396.80  203.30
1002.2  28494.20  58006.05  203.57
1003.4  28357.03  57550.98  202.95
1004.7  27606.39  56449.62  204.48
1005.9  27480.43  55802.60  203.06
1007.2  27537.30  55962.90  203.23
1008.4  27480.99  55892.70  203.39
1009.6  27683.10  56049.73  202.47
1010.9  27409.06  56130.25  204.79
1012.1  27500.85  56020.25  203.70
1013.3  27378.17  56067.00  204.79
1014.6  27291.31  55847.47  204.63
1015.8  27131.57  55778.60  205.59
1017.1  27008.19  55787.40  206.56
1018.3  27106.30  55950.18  206.41
1019.5  27021.33  55652.87  205.96
1020.8  26972.00  55425.42  205.49
1022.0  26962.05  55274.80  205.01
1023.2  26873.41  55283.97  205.72
1024.4  26780.68  55292.63  206.46
1025.7  26851.50  55305.25  205.97
1026.9  27011.83  55099.60  203.98
1028.1  27180.77  54884.25  201.92
1029.3  27135.26  54984.60  202.63
1030.6  26911.50  55104.50  204.76
1031.8  26968.78  55006.25  203.96
1033.0  26736.51  55604.20  207.97
1034.2  26689.93  54840.50  205.47
1035.4  26846.58  54991.08  204.83
1036.7  26748.01  55040.53  205.77
1037.9  26861.06  55094.05  205.11
1039.1  26923.36  55033.43  204.41
1040.3  26815.56  55617.47  207.41
1041.5  26807.10  55417.02  206.73
1042.7  26799.36  55208.30  206.01
1043.9  27040.56  54990.75  203.36
1045.2  26721.00  55223.40  206.67
1046.4  26646.77  55470.57  208.17
1047.6  26502.30  54343.10  205.05
1048.8  26625.11  54439.67  204.47
1050.0  26756.07  55202.00  206.32
1051.2  26600.49  55321.30  207.97
1052.4  26363.71  54603.48  207.12
1053.6  26647.03  54404.35  204.17
1054.8  26402.21  54357.50  205.88
1056.0  26463.96  54309.57  205.22
1057.2  26040.57  53925.68  207.08
1058.4  26265.24  53527.90  203.80
1059.7  25904.06  54080.40  208.77
1060.9  25786.36  53663.50  208.11
1062.1  25750.29  53408.00  207.41
1063.3  25345.67  53140.20  209.66
1064.5  25297.29  52860.00  208.96
1065.7  25928.52  53276.02  205.47
1066.9  26097.34  52590.10  201.52
1068.1  25564.95  53023.60  207.41
1069.3  26151.30  53271.17  203.70
1070.5  25913.67  52535.37  202.73
1071.7  25661.63  52773.07  205.65
1072.9  25398.39  53024.70  208.77
1074.1  25806.80  52688.88  204.17
1075.3  25044.69  52818.60  210.90
1076.5  25390.41  52661.60  207.41
