/*** Spectra Vista SIG Data ***/
name= 230505_1652_R941_T946.sig
instrument= HK: 9202056 (HR-512i)
integration= 20.0, 0.0, 0.0, 200.0, 0.0, 0.0
scan method= Time-based, Time-based
scan coadds= 250, 0, 0, 25, 0, 0
scan time= 5, 5
scan settings= AI, AI
external data set1= 0,0,0,0,0,0,0,0,0,0,0,0,0,0,0,0,0,0,0,0,0,0,0,0,0,0,0,0,0,0,0,0
external data set2= 0,0,0,0,0,0,0,0,0,0,0,0,0,0,0,0,0,0,0,0,0,0,0,0,0,0,0,0,0,0,0,0
external data dark= 0,0,0,0,0,0,0,0,0,0,0,0,0,0,0,0
external data mask= 0
optic= LENS 4(1), LENS 4(1)
temp= 25.7, 0.0, 0.0, 26.7, 0.0, 0.0
battery= 8.27, 8.27
error= 0, 0
units= Radiance, Radiance
time= 5/5/2023 4:49:27 PM, 5/5/2023 4:52:09 PM
longitude=                 , 07746.6527W     
latitude=                 , 3409.6268N      
gpstime=                 , 175909.000      
comm= 
memory slot= 941, 946
factors= 1.000, 1.000, 1.000 [Overlap: Preserve, Matching Type: None]
inclinometer x offset= 5, 9
inclinometer y offset= -9, 21
data= 
339.7  36959.18  4271.44  11.56
341.4  39887.10  4588.32  11.50
343.0  41529.28  4752.15  11.44
344.7  42466.25  4823.53  11.36
346.4  44552.10  5052.30  11.34
348.0  46614.85  5249.69  11.26
349.7  48999.60  5482.62  11.19
351.3  52776.58  5878.48  11.14
353.0  55552.35  6143.52  11.06
354.6  59260.55  6498.50  10.97
356.2  58951.20  6416.03  10.88
357.9  55047.38  5924.33  10.76
359.5  55444.20  5900.54  10.64
361.2  59437.80  6261.76  10.53
362.8  62479.73  6541.13  10.47
364.5  66499.80  6935.15  10.43
366.1  72416.10  7532.73  10.40
367.7  76400.10  7917.39  10.36
369.4  76980.75  7972.58  10.36
371.0  77427.35  8026.66  10.37
372.6  75360.00  7818.60  10.38
374.3  71567.75  7431.14  10.38
375.9  72705.88  7563.71  10.40
377.5  79164.80  8248.21  10.42
379.1  83674.53  8701.28  10.40
380.8  81662.00  8501.36  10.41
382.4  75658.50  7886.70  10.42
384.0  68187.83  7154.96  10.49
385.6  71125.75  7476.70  10.51
387.3  75348.00  7918.56  10.51
388.9  79112.00  8302.27  10.49
390.5  85529.68  8950.18  10.46
392.1  88578.00  9253.24  10.45
393.8  80360.00  8392.00  10.44
395.4  81823.88  8527.31  10.42
397.0  86671.00  9008.64  10.39
398.6  98349.70  10151.32  10.32
400.2  120241.60  12317.35  10.24
401.8  134841.88  13684.91  10.15
403.4  142293.20  14304.08  10.05
405.0  143640.00  14292.00  9.95
406.6  143162.25  14108.33  9.85
408.3  144996.08  14143.45  9.75
409.9  148552.40  14351.40  9.66
411.5  151317.00  14505.53  9.59
413.1  157075.00  14950.00  9.52
414.7  159703.95  15134.81  9.48
416.3  161497.88  15261.54  9.45
417.9  161177.40  15223.07  9.44
419.5  159824.18  15103.42  9.45
421.1  160949.40  15232.52  9.46
422.7  161619.70  15319.70  9.48
424.3  160368.90  15227.07  9.50
425.9  159937.53  15220.87  9.52
427.5  157368.00  15002.10  9.53
429.1  152352.93  14549.77  9.55
430.7  142962.68  13694.89  9.58
432.3  145519.08  13974.74  9.60
433.9  155842.75  14989.14  9.62
435.5  162720.83  15661.38  9.62
437.1  170639.00  16440.70  9.63
438.7  170349.85  16439.50  9.65
440.3  170759.40  16511.32  9.67
441.9  176542.88  17103.49  9.69
443.5  183348.83  17779.28  9.70
445.0  187143.13  18162.13  9.70
446.6  187947.65  18263.69  9.72
448.2  191949.30  18693.22  9.74
449.8  196882.08  19224.30  9.76
451.4  201827.40  19753.28  9.79
453.0  200388.65  19671.49  9.82
454.6  197513.25  19460.81  9.85
456.2  198285.90  19612.18  9.89
457.8  200114.25  19869.50  9.93
459.3  199977.68  19936.79  9.97
460.9  200569.60  20075.28  10.01
462.5  202959.60  20393.88  10.05
464.1  202755.60  20459.16  10.09
465.7  200613.60  20324.52  10.13
467.2  198513.63  20193.66  10.17
468.8  197518.35  20166.47  10.21
470.4  196566.75  20136.60  10.24
472.0  197351.85  20279.91  10.28
473.6  199324.68  20534.72  10.30
475.1  200509.05  20696.10  10.32
476.7  200465.15  20721.42  10.34
478.3  201747.30  20912.45  10.37
479.9  203129.78  21148.83  10.41
481.5  204205.55  21365.83  10.46
483.0  203666.18  21398.57  10.51
484.6  199449.60  21029.76  10.54
486.2  190006.08  20106.96  10.58
487.8  185465.70  19690.02  10.62
489.3  189187.50  20135.63  10.64
490.9  193030.80  20580.90  10.66
492.5  193296.68  20648.90  10.68
494.0  194727.50  20834.20  10.70
495.6  196346.33  21033.37  10.71
497.2  196663.23  21086.98  10.72
498.8  194291.63  20847.47  10.73
500.3  191040.85  20504.23  10.73
501.9  187347.50  20106.46  10.73
503.5  186457.70  19979.18  10.72
505.0  187126.85  20026.68  10.70
506.6  188476.88  20148.55  10.69
508.2  187531.20  20018.34  10.67
509.7  187019.33  19911.24  10.65
511.3  186697.13  19805.51  10.61
512.9  184731.98  19513.37  10.56
514.4  181276.75  19091.48  10.53
516.0  177060.00  18630.00  10.52
517.5  171432.90  18055.33  10.53
519.1  171431.33  18077.96  10.55
520.7  175144.20  18484.62  10.55
522.2  177067.75  18698.03  10.56
523.8  179383.48  18964.56  10.57
525.4  180168.23  19063.47  10.58
526.9  177851.00  18836.97  10.59
528.5  179417.63  19010.02  10.60
530.0  182342.93  19317.26  10.59
531.6  183364.60  19412.82  10.59
533.2  182229.03  19284.16  10.58
534.7  183218.00  19374.60  10.57
536.3  183424.40  19373.82  10.56
537.8  182503.83  19241.64  10.54
539.4  180835.20  19019.16  10.52
541.0  179096.40  18777.66  10.48
542.5  179165.40  18726.60  10.45
544.1  180410.10  18794.45  10.42
545.6  180999.38  18777.04  10.37
547.2  180732.58  18669.25  10.33
548.7  180810.00  18590.60  10.28
550.3  181103.03  18535.37  10.23
551.8  181255.73  18477.11  10.19
553.4  181753.00  18462.73  10.16
554.9  182474.60  18480.11  10.13
556.5  181667.80  18352.20  10.10
558.0  179979.50  18136.60  10.08
559.6  178470.25  17937.76  10.05
561.1  179383.48  17974.41  10.02
562.7  180430.75  18008.17  9.98
564.2  181613.95  18045.71  9.94
565.8  181240.80  17908.99  9.88
567.3  180916.13  17745.66  9.81
568.9  180350.60  17521.74  9.72
570.4  179127.45  17237.41  9.62
572.0  179226.38  17077.01  9.53
573.5  180385.80  17000.24  9.42
575.1  180560.80  16824.88  9.32
576.6  180087.25  16581.33  9.21
578.2  179363.80  16311.93  9.09
579.7  179269.35  16097.53  8.98
581.2  180348.90  15979.18  8.86
582.8  182032.60  15893.26  8.73
584.3  182499.00  15667.04  8.58
585.9  181541.55  15284.42  8.42
587.4  179301.60  14742.00  8.22
588.9  174328.25  13925.30  7.99
590.5  171193.20  13296.27  7.77
592.0  171481.43  13012.05  7.59
593.6  172244.80  12803.44  7.43
595.1  172528.95  12569.26  7.29
596.6  173118.00  12378.84  7.15
598.2  173558.88  12185.09  7.02
599.7  173374.83  11957.31  6.90
601.2  172932.20  11737.97  6.79
602.8  173009.45  11582.69  6.69
604.3  173809.85  11511.34  6.62
605.8  174484.00  11451.87  6.56
607.4  174322.13  11363.29  6.52
608.9  173281.20  11233.23  6.48
610.5  172181.63  11117.65  6.46
612.0  171208.05  11009.41  6.43
613.5  169971.75  10891.90  6.41
615.0  168843.33  10781.86  6.39
616.6  167376.40  10650.20  6.36
618.1  167435.10  10612.35  6.34
619.6  168283.00  10619.10  6.31
621.2  168710.30  10596.68  6.28
622.7  167942.40  10496.64  6.25
624.2  166719.60  10363.86  6.22
625.8  165206.43  10197.11  6.17
627.3  164025.75  10022.49  6.11
628.8  162669.15  9832.13  6.04
630.3  161897.38  9735.82  6.01
631.8  161582.85  9702.23  6.00
633.4  162128.45  9741.55  6.01
634.9  162722.20  9794.53  6.02
636.4  163435.88  9845.44  6.02
638.0  164423.10  9907.92  6.03
639.5  164430.00  9905.70  6.02
641.0  164021.55  9871.79  6.02
642.5  163775.85  9842.35  6.01
644.0  163529.00  9793.25  5.99
645.5  162743.05  9679.72  5.95
647.1  161363.60  9491.72  5.88
648.6  159861.85  9309.00  5.82
650.1  159078.75  9239.40  5.81
651.6  159302.80  9232.73  5.80
653.1  159632.33  9235.33  5.79
654.7  158259.30  9131.07  5.77
656.2  153641.78  8831.29  5.75
657.7  151653.60  8706.04  5.74
659.2  153904.08  8835.19  5.74
660.7  156715.50  8993.71  5.74
662.2  159162.90  9119.76  5.73
663.7  160296.83  9169.16  5.72
665.2  160636.95  9187.26  5.72
666.8  160692.08  9193.57  5.72
668.3  160587.60  9202.98  5.73
669.8  160409.15  9212.39  5.74
671.3  159918.70  9189.07  5.75
672.8  159624.60  9172.98  5.75
674.3  159305.75  9134.20  5.73
675.8  159201.25  9097.58  5.71
677.3  158946.55  9052.37  5.70
678.8  158693.15  9003.56  5.67
680.3  158259.80  8943.30  5.65
681.8  157704.40  8878.80  5.63
683.3  156608.93  8776.08  5.60
684.8  154325.30  8583.79  5.56
686.3  147315.60  8024.31  5.45
687.8  138765.90  7349.16  5.30
689.3  135369.33  7058.33  5.21
690.8  135598.80  7040.76  5.19
692.3  137599.18  7119.78  5.17
693.8  138693.00  7121.25  5.13
695.3  139861.80  7194.33  5.14
696.8  141989.30  7379.06  5.20
698.3  142492.00  7411.60  5.20
699.8  141425.23  7283.36  5.15
701.3  140095.28  7178.28  5.12
702.8  140146.05  7195.30  5.13
704.2  141225.00  7284.52  5.16
705.7  142281.20  7356.60  5.17
707.2  142952.03  7410.84  5.18
708.7  143325.60  7457.31  5.20
710.2  143646.88  7493.69  5.22
711.7  143513.75  7506.05  5.23
713.2  142978.00  7466.48  5.22
714.7  141499.50  7316.63  5.17
716.2  136571.30  6848.74  5.01
717.6  127143.00  6050.70  4.76
719.1  118454.10  5409.16  4.57
720.6  116742.40  5304.00  4.54
722.1  120254.25  5591.70  4.65
723.6  120422.05  5576.67  4.63
725.0  118803.60  5413.14  4.56
726.5  118164.83  5345.36  4.52
728.0  117978.53  5327.44  4.52
729.5  118150.00  5345.94  4.52
731.0  119574.85  5453.75  4.56
732.4  123139.50  5783.91  4.70
733.9  127604.58  6201.32  4.86
735.4  130408.30  6446.77  4.94
736.8  131841.00  6594.90  5.00
738.3  132679.23  6730.02  5.07
739.8  133229.25  6860.70  5.15
741.2  133631.10  6986.32  5.23
742.7  134436.80  7121.88  5.30
744.2  135592.80  7247.10  5.34
745.7  136186.13  7326.26  5.38
747.1  136653.30  7381.91  5.40
748.6  136570.58  7392.44  5.41
750.0  136007.63  7368.98  5.42
751.5  135397.60  7344.22  5.42
753.0  135133.03  7330.61  5.42
754.4  135005.00  7322.20  5.42
755.9  134531.25  7293.75  5.42
757.3  133224.65  7190.85  5.40
758.8  123035.45  6479.57  5.27
760.3  94847.25  4624.65  4.88
761.7  73691.05  3206.23  4.35
763.2  66858.00  2633.40  3.94
764.6  69064.20  2677.32  3.88
766.1  81345.60  3460.80  4.25
767.5  97398.68  4579.88  4.70
769.0  111107.00  5562.20  5.01
770.4  120114.13  6235.96  5.19
771.9  125090.00  6632.50  5.30
773.3  127562.25  6834.45  5.36
774.8  128449.75  6921.20  5.39
776.2  128910.90  6966.11  5.40
777.7  128890.30  6978.51  5.41
779.1  128612.00  6959.70  5.41
780.5  128351.88  6940.37  5.41
782.0  128072.73  6925.11  5.41
783.4  127564.80  6877.44  5.39
784.9  127008.50  6834.73  5.38
786.3  126395.20  6753.16  5.34
787.8  125244.73  6615.57  5.28
789.2  123610.65  6439.57  5.21
790.6  122049.38  6293.24  5.16
792.0  120868.30  6226.68  5.15
793.5  119920.50  6222.33  5.19
794.9  119556.45  6222.78  5.20
796.3  119276.43  6153.81  5.16
797.8  119478.90  6146.91  5.14
799.2  119427.55  6140.32  5.14
800.6  118759.40  6077.66  5.12
802.1  118080.45  6006.38  5.09
803.5  117445.90  5955.07  5.07
804.9  117315.90  5988.45  5.10
806.3  117691.00  6065.39  5.15
807.8  117630.40  6075.25  5.16
809.2  116712.75  5992.27  5.13
810.6  115336.88  5836.20  5.06
812.0  113223.80  5593.30  4.94
813.4  109118.75  5195.63  4.76
814.8  103187.75  4716.38  4.57
816.3  97580.63  4310.04  4.42
817.7  94079.70  4097.47  4.36
819.1  93249.83  4074.35  4.37
820.5  95634.00  4313.93  4.51
821.9  96755.08  4412.36  4.56
823.3  93809.10  4195.15  4.47
824.7  95827.00  4360.74  4.55
826.1  99237.60  4613.84  4.65
827.5  99949.50  4640.51  4.64
828.9  99064.13  4568.28  4.61
830.3  99199.38  4601.30  4.64
831.7  99504.90  4634.39  4.66
833.2  99854.03  4696.67  4.70
834.5  101189.90  4816.32  4.76
835.9  103273.95  4992.26  4.83
837.3  105064.13  5145.29  4.90
838.7  106431.88  5275.69  4.96
840.1  107475.00  5388.08  5.01
841.5  108104.90  5459.77  5.05
842.9  108302.03  5529.38  5.11
844.3  108238.00  5568.88  5.15
845.7  108545.60  5624.36  5.18
847.1  108742.75  5686.90  5.23
848.5  108168.38  5653.73  5.23
849.9  106029.85  5526.50  5.21
851.2  104752.73  5449.70  5.20
852.6  104181.38  5432.03  5.21
854.0  100561.18  5245.96  5.22
855.4  98764.15  5171.38  5.24
856.8  101358.65  5337.77  5.27
858.2  103535.10  5475.74  5.29
859.5  104665.00  5544.65  5.30
860.9  104944.80  5571.36  5.31
862.3  105109.50  5605.84  5.33
863.7  105157.70  5598.84  5.32
865.0  103597.50  5507.03  5.32
866.4  99598.10  5292.88  5.31
867.8  98632.05  5239.25  5.31
869.1  100011.00  5311.91  5.31
870.5  101203.50  5394.34  5.33
871.9  101869.10  5460.73  5.36
873.2  101959.70  5440.46  5.34
874.6  101427.20  5398.23  5.32
876.0  101102.40  5396.14  5.34
877.3  101067.13  5383.48  5.33
878.7  100895.85  5379.06  5.33
880.0  100144.20  5329.92  5.32
881.4  99474.00  5300.36  5.33
882.8  99467.70  5282.89  5.31
884.1  99691.25  5308.94  5.33
885.5  99248.48  5263.34  5.30
886.8  98412.60  5175.53  5.26
888.2  98153.13  5148.83  5.25
889.5  98128.80  5156.31  5.25
890.9  97950.10  5144.97  5.25
892.2  96640.68  5036.04  5.21
893.6  94301.98  4815.42  5.11
894.9  90612.90  4428.90  4.89
896.2  85326.63  3981.10  4.67
897.6  80319.00  3603.90  4.49
898.9  75349.00  3280.93  4.35
900.3  72188.68  3072.13  4.26
901.6  71095.50  2997.54  4.22
903.0  73410.20  3177.65  4.33
904.3  78371.18  3557.55  4.54
905.6  80685.48  3682.02  4.56
907.0  78092.63  3479.78  4.46
908.3  74022.33  3174.34  4.29
909.6  71304.65  2968.72  4.16
911.0  70862.40  2980.72  4.21
912.3  70884.63  2966.60  4.19
913.6  69661.05  2876.05  4.13
914.9  68755.40  2814.72  4.09
916.2  68138.55  2746.33  4.03
917.6  68304.30  2738.19  4.01
918.9  70642.23  2914.18  4.13
920.2  74101.30  3264.17  4.41
921.5  75577.60  3402.56  4.50
922.9  75525.00  3386.70  4.48
924.2  74347.78  3273.88  4.40
925.5  73794.88  3256.14  4.41
926.8  73250.10  3139.29  4.29
928.1  69177.25  2800.84  4.05
929.4  62435.10  2349.89  3.76
930.7  54013.20  1922.80  3.56
932.0  44790.95  1481.14  3.31
933.4  36307.55  1112.95  3.07
934.7  31149.68  895.32  2.87
936.0  29391.88  834.35  2.84
937.3  28689.95  789.46  2.75
938.6  32506.55  953.79  2.93
939.9  38514.00  1218.30  3.16
941.2  40994.00  1273.60  3.11
942.5  40327.35  1215.90  3.02
943.8  37858.13  1117.13  2.95
945.1  36407.85  1073.30  2.95
946.4  35901.60  1089.87  3.04
947.7  36873.00  1127.88  3.06
949.0  37739.70  1169.71  3.10
950.2  38795.25  1188.53  3.06
951.5  39203.10  1253.59  3.20
952.8  39363.50  1180.91  3.00
954.1  40261.95  1224.34  3.04
955.4  40236.00  1221.45  3.04
956.7  41369.50  1362.76  3.29
958.0  42765.60  1458.48  3.41
959.3  43032.15  1484.74  3.45
960.5  44526.60  1535.40  3.45
961.8  46854.00  1665.92  3.56
963.1  48769.20  1722.83  3.53
964.4  50410.53  1833.11  3.64
965.7  51563.70  1865.07  3.62
966.9  54468.38  2094.94  3.85
968.2  59476.18  2447.35  4.11
969.5  63712.00  2664.32  4.18
970.8  66375.00  2861.50  4.31
972.0  67083.98  2948.09  4.39
973.3  65369.70  2915.55  4.46
974.6  63220.95  2754.18  4.36
975.8  61890.85  2679.81  4.33
977.1  62782.90  2765.05  4.40
978.4  63710.40  2754.15  4.32
979.6  64620.08  2841.93  4.40
980.9  66312.00  3004.76  4.53
982.2  68008.38  3206.61  4.72
983.4  69772.10  3272.82  4.69
984.7  71178.60  3448.86  4.85
985.9  72341.23  3635.80  5.03
987.2  73172.10  3677.76  5.03
988.5  73960.43  3874.12  5.24
989.7  74465.10  3763.29  5.05
991.0  74492.60  3929.28  5.27
992.2  74933.88  3893.21  5.20
993.5  74970.00  3898.44  5.20
994.7  75357.50  3943.13  5.23
996.0  75318.60  3945.26  5.24
997.2  75464.60  4003.31  5.30
998.5  75147.38  4064.58  5.41
999.7  75202.13  4075.47  5.42
1001.0  74655.00  4081.14  5.47
1002.2  73779.63  3968.84  5.38
1003.4  73403.35  3928.63  5.35
1004.7  72207.03  3896.06  5.40
1005.9  71226.30  3795.27  5.33
1007.2  71508.15  4041.77  5.65
1008.4  70980.30  4011.93  5.65
1009.6  71258.35  3998.67  5.61
1010.9  71438.50  3980.15  5.57
1012.1  71298.50  4074.20  5.71
1013.3  71358.00  4128.57  5.79
1014.6  71001.20  4137.48  5.83
1015.8  70835.40  4157.73  5.87
1017.1  71283.90  4235.71  5.94
1018.3  70893.40  4170.20  5.88
1019.5  70798.90  4279.64  6.04
1020.8  70265.13  4183.73  5.95
1022.0  69820.80  4200.16  6.02
1023.2  70125.30  4174.13  5.95
1024.4  69873.23  4146.95  5.93
1025.7  70195.13  4292.93  6.12
1026.9  70757.40  4281.12  6.05
1028.1  70739.70  4268.78  6.03
1029.3  70605.23  4186.33  5.93
1030.6  70482.50  4164.88  5.91
1031.8  70628.03  4158.47  5.89
1033.0  69844.30  4204.22  6.02
1034.2  70409.63  4252.46  6.04
1035.4  71010.23  4303.65  6.06
1036.7  70766.40  4201.76  5.94
1037.9  70510.28  4397.42  6.24
1039.1  70089.75  4205.39  6.00
1040.3  70591.40  4171.31  5.91
1041.5  70780.15  4197.43  5.93
1042.7  70137.08  4225.13  6.02
1043.9  70330.28  4341.38  6.17
1045.2  70365.30  4364.43  6.20
1046.4  70404.95  4297.45  6.10
1047.6  69334.30  4216.28  6.08
1048.8  70131.10  4034.94  5.75
1050.0  69988.25  4041.58  5.77
1051.2  69826.28  4047.90  5.80
1052.4  69463.93  4043.42  5.82
1053.6  68888.63  4027.34  5.85
1054.8  69577.60  4022.46  5.78
1056.0  69188.90  4129.02  5.97
1057.2  69495.78  4443.17  6.39
1058.4  68655.35  4189.14  6.10
1059.7  67998.15  4056.03  5.96
1060.9  67079.38  4146.73  6.18
1062.1  67594.50  3880.43  5.74
1063.3  66853.80  3985.52  5.96
1064.5  67396.50  3964.50  5.88
1065.7  67723.75  3927.98  5.80
1066.9  67813.55  4013.46  5.92
1068.1  68173.20  4402.85  6.46
1069.3  68283.95  3922.70  5.74
1070.5  66908.25  3865.81  5.78
1071.7  66981.20  3957.98  5.91
1072.9  67060.65  3742.92  5.58
1074.1  67742.85  4032.31  5.95
1075.3  67428.00  4214.25  6.25
1076.5  67472.68  4114.19  6.10
