/*** Spectra Vista SIG Data ***/
name= 230503_1612_R882_T891.sig
instrument= HK: 9202056 (HR-512i)
integration= 10.0, 0.0, 0.0, 70.0, 0.0, 0.0
scan method= Time-based, Time-based
scan coadds= 500, 0, 0, 71, 0, 0
scan time= 5, 5
scan settings= AI, AI
external data set1= 0,0,0,0,0,0,0,0,0,0,0,0,0,0,0,0,0,0,0,0,0,0,0,0,0,0,0,0,0,0,0,0
external data set2= 0,0,0,0,0,0,0,0,0,0,0,0,0,0,0,0,0,0,0,0,0,0,0,0,0,0,0,0,0,0,0,0
external data dark= 0,0,0,0,0,0,0,0,0,0,0,0,0,0,0,0
external data mask= 0
optic= LENS 4(1), LENS 4(1)
temp= 22.5, 0.0, 0.0, 24.4, 0.0, 0.0
battery= 8.35, 8.29
error= 0, 0
units= Radiance, Radiance
time= 5/3/2023 4:07:50 PM, 5/3/2023 4:12:35 PM
longitude= 07755.9963W     , 07756.0352W     
latitude= 3404.2484N      , 3404.2385N      
gpstime= 171645.000      , 172128.000      
comm= 
memory slot= 882, 891
factors= 1.000, 1.000, 1.000 [Overlap: Preserve, Matching Type: None]
inclinometer x offset= 5, 2
inclinometer y offset= -12, -38
data= 
339.7  89025.75  46966.54  52.76
341.4  96459.00  50501.31  52.36
343.0  101201.60  52336.64  51.72
344.7  103521.50  52859.61  51.06
346.4  108854.10  54787.93  50.33
348.0  114551.95  56824.32  49.61
349.7  120322.80  58907.83  48.96
351.3  130405.25  62871.52  48.21
353.0  137577.30  65379.30  47.52
354.6  147143.10  68860.07  46.80
356.2  148013.25  68116.95  46.02
357.9  138651.75  62660.79  45.19
359.5  139255.20  61628.06  44.26
361.2  150062.10  65255.79  43.49
362.8  158062.10  67653.65  42.80
364.5  168433.80  71024.42  42.17
366.1  183526.90  76193.73  41.52
367.7  194889.60  79664.91  40.88
369.4  196927.50  79248.40  40.24
371.0  198862.30  78737.10  39.59
372.6  194405.25  75679.61  38.93
374.3  184698.50  70717.14  38.29
375.9  186908.70  70300.14  37.61
377.5  203759.40  75357.56  36.98
379.1  216929.90  79116.71  36.47
380.8  212693.60  76440.80  35.94
382.4  198202.50  70187.79  35.41
384.0  177820.20  61973.29  34.85
385.6  184295.80  63073.39  34.22
387.3  195530.40  65974.63  33.74
388.9  205151.80  68272.63  33.28
390.5  221487.75  72632.69  32.79
392.1  231018.75  74699.04  32.33
393.8  209680.00  67040.00  31.97
395.4  210634.20  66181.80  31.42
397.0  223288.00  69095.46  30.94
398.6  249775.90  76074.64  30.46
400.2  305591.60  91567.71  29.96
401.8  342851.25  101352.25  29.56
403.4  361713.80  105438.30  29.15
405.0  363900.00  104537.14  28.73
406.6  360995.25  102118.50  28.29
408.3  363227.55  101131.95  27.84
409.9  370751.20  101617.94  27.41
411.5  375756.75  101481.75  27.01
413.1  388900.00  103464.29  26.60
414.7  394852.50  103582.80  26.23
416.3  398684.00  103143.86  25.87
417.9  397869.90  101556.13  25.52
419.5  394143.60  99301.89  25.19
421.1  396542.00  98580.63  24.86
422.7  398855.60  97859.77  24.54
424.3  395707.50  95910.50  24.24
425.9  395076.00  94536.04  23.93
427.5  389430.50  92018.07  23.63
429.1  377970.80  88232.88  23.34
430.7  355084.05  82039.91  23.10
432.3  359071.05  81904.64  22.81
433.9  385620.20  86780.35  22.50
435.5  402911.45  89672.98  22.26
437.1  423548.00  93143.43  21.99
438.7  424333.60  92341.91  21.76
440.3  424876.55  91472.80  21.53
441.9  439301.25  93450.21  21.27
443.5  457170.50  96119.51  21.02
445.0  467751.25  97268.04  20.79
446.6  470122.95  96754.74  20.58
448.2  479873.25  97677.94  20.35
449.8  492571.95  99175.98  20.13
451.4  505527.30  100656.88  19.91
453.0  503280.25  99199.18  19.71
454.6  495901.50  96782.36  19.52
456.2  497777.70  96109.20  19.31
457.8  502901.10  96051.36  19.10
459.3  503165.70  95138.42  18.91
460.9  504639.30  94441.44  18.71
462.5  510979.20  94644.34  18.52
464.1  511387.20  93764.23  18.34
465.7  506368.80  91969.03  18.16
467.2  501388.00  90173.93  17.98
468.8  499100.70  88884.13  17.81
470.4  497218.50  87705.64  17.64
472.0  499169.85  87202.11  17.47
473.6  504886.25  87331.99  17.30
475.1  508563.50  87130.95  17.13
476.7  509231.90  86432.57  16.97
478.3  512771.10  86209.52  16.81
479.9  516427.65  86034.92  16.66
481.5  519042.70  85702.26  16.51
483.0  517871.35  84753.93  16.37
484.6  507763.20  82395.43  16.23
486.2  484390.55  78027.65  16.11
487.8  471290.40  75286.80  15.97
489.3  480337.50  75975.00  15.82
490.9  490668.00  76887.09  15.67
492.5  491873.80  76442.69  15.54
494.0  495305.00  76337.14  15.41
495.6  499833.25  76364.20  15.28
497.2  501096.40  75903.94  15.15
498.8  495579.85  74432.64  15.02
500.3  487673.80  72632.06  14.89
501.9  478506.75  70677.32  14.77
503.5  476749.00  69782.51  14.64
505.0  478872.65  69472.81  14.51
506.6  482665.05  69421.44  14.38
508.2  480524.40  68586.17  14.27
509.7  478930.50  67838.98  14.16
511.3  477982.50  67160.94  14.05
512.9  473108.85  65919.15  13.93
514.4  464179.50  64193.79  13.83
516.0  453810.00  62395.71  13.75
517.5  439345.80  60153.56  13.69
519.1  438423.05  59528.86  13.58
520.7  447832.00  60170.00  13.44
522.2  453108.00  60298.50  13.31
523.8  459103.90  60670.95  13.22
525.4  461858.05  60752.85  13.15
526.9  456025.20  59705.03  13.09
528.5  459494.40  59810.70  13.02
530.0  467281.50  60381.92  12.92
531.6  470502.80  60272.91  12.81
533.2  467684.10  59464.86  12.71
534.7  470008.00  59352.00  12.63
536.3  470848.60  59130.60  12.56
537.8  468639.85  58523.20  12.49
539.4  464728.80  57691.89  12.41
541.0  460340.40  56785.03  12.34
542.5  460588.80  56434.11  12.25
544.1  463947.30  56456.56  12.17
545.6  465672.75  56284.93  12.09
547.2  465150.70  55875.06  12.01
548.7  465192.00  55536.00  11.94
550.3  465995.10  55266.49  11.86
551.8  466470.90  54954.45  11.78
553.4  467867.40  54773.09  11.71
554.9  469856.20  54625.13  11.63
556.5  468163.60  54036.69  11.54
558.0  464035.00  53184.29  11.46
559.6  460113.50  52360.00  11.38
561.1  462529.60  52261.24  11.30
562.7  465508.30  52232.35  11.22
564.2  469074.25  52277.53  11.14
565.8  468456.60  51935.60  11.09
567.3  468133.25  51613.94  11.03
568.9  467778.50  51296.23  10.97
570.4  465501.60  50788.93  10.91
572.0  466139.25  50601.32  10.86
573.5  469813.05  50699.25  10.79
575.1  471017.60  50563.89  10.74
576.6  470096.50  50194.29  10.68
578.2  468301.35  49749.33  10.62
579.7  467624.30  49421.70  10.57
581.2  469827.70  49386.80  10.51
582.8  473637.00  49515.78  10.45
584.3  474726.00  49366.71  10.40
585.9  472479.90  48860.79  10.34
587.4  468018.00  48127.89  10.28
588.9  457943.25  46865.25  10.23
590.5  451318.50  45919.16  10.17
592.0  452946.45  45802.61  10.11
593.6  455218.40  45774.86  10.06
595.1  455917.00  45591.70  10.00
596.6  456591.20  45442.40  9.95
598.2  456580.25  45229.61  9.91
599.7  454843.85  44838.96  9.86
601.2  452409.30  44404.65  9.82
602.8  451507.25  44114.33  9.77
604.3  452986.20  44028.79  9.72
605.8  454454.80  43957.14  9.67
607.4  454021.20  43698.34  9.62
608.9  451418.05  43247.00  9.58
610.5  448575.05  42782.85  9.54
612.0  446082.00  42337.56  9.49
613.5  442939.75  41853.04  9.45
615.0  440037.50  41376.90  9.40
616.6  436310.40  40849.71  9.36
618.1  436363.20  40656.60  9.32
619.6  438634.00  40665.43  9.27
621.2  440025.80  40601.14  9.23
622.7  438412.80  40270.63  9.19
624.2  435568.50  39849.94  9.15
625.8  431994.45  39350.63  9.11
627.3  430023.00  38992.07  9.07
628.8  427575.05  38606.45  9.03
630.3  425787.10  38272.10  8.99
631.8  424641.10  38048.96  8.96
633.4  425437.10  37990.54  8.93
634.9  426345.30  37953.66  8.90
636.4  427683.05  37947.49  8.87
638.0  429676.80  38006.57  8.85
639.5  429492.00  37896.00  8.82
641.0  428116.15  37703.60  8.81
642.5  427256.20  37545.50  8.79
644.0  426689.00  37391.57  8.76
645.5  425422.50  37169.96  8.74
647.1  423486.80  36891.83  8.71
648.6  421176.60  36631.41  8.70
650.1  419136.00  36436.71  8.69
651.6  419608.25  36518.66  8.70
653.1  420298.35  36570.28  8.70
654.7  416918.15  36128.04  8.67
656.2  404818.20  34958.15  8.64
657.7  398132.00  34388.57  8.64
659.2  402897.95  34780.85  8.63
660.7  409504.00  35259.96  8.61
662.2  415439.70  35587.13  8.57
663.7  418075.05  35673.04  8.53
665.2  418722.60  35495.34  8.48
666.8  418742.20  35262.72  8.42
668.3  418388.40  35124.17  8.40
669.8  417886.15  35020.23  8.38
671.3  416711.70  34818.91  8.36
672.8  415973.40  34586.74  8.31
674.3  415267.80  34359.71  8.27
675.8  415009.00  34174.07  8.23
677.3  414523.20  34003.40  8.20
678.8  413910.20  33848.73  8.18
680.3  412908.50  33658.79  8.15
681.8  411648.65  33446.50  8.13
683.3  409034.45  33077.00  8.09
684.8  403876.60  32479.83  8.04
686.3  388614.00  31149.51  8.02
687.8  368768.40  29499.60  8.00
689.3  360636.85  28652.50  7.94
690.8  361063.20  28435.89  7.88
692.3  366968.10  28659.73  7.81
693.8  371908.90  28828.73  7.75
695.3  375312.60  28908.29  7.70
696.8  379012.80  29055.40  7.67
698.3  379568.00  28984.00  7.64
699.8  377669.95  28723.10  7.61
701.3  374461.80  28418.00  7.59
702.8  373939.20  28317.49  7.57
704.2  375362.60  28352.60  7.55
705.7  377076.00  28438.63  7.54
707.2  377677.70  28450.67  7.53
708.7  377484.60  28393.54  7.52
710.2  377357.00  28343.77  7.51
711.7  376319.00  28232.71  7.50
713.2  374610.40  28055.77  7.49
714.7  371765.10  27778.24  7.47
716.2  363688.00  27099.83  7.45
717.6  347274.00  25827.43  7.44
719.1  330132.20  24537.11  7.43
720.6  325312.00  24145.83  7.42
722.1  330924.00  24501.64  7.40
723.6  331700.80  24529.04  7.39
725.0  329015.70  24328.54  7.39
726.5  327987.90  24237.73  7.39
728.0  327229.20  24164.23  7.38
729.5  326761.20  24130.40  7.38
731.0  328900.65  24294.75  7.39
732.4  334243.80  24708.04  7.39
733.9  341086.55  25212.60  7.39
735.4  345225.10  25541.06  7.40
736.8  346845.00  25658.14  7.40
738.3  346967.50  25676.41  7.40
739.8  346211.25  25616.25  7.40
741.2  344991.15  25542.00  7.40
742.7  345202.40  25562.51  7.41
744.2  346743.60  25670.40  7.40
745.7  347382.75  25706.04  7.40
747.1  347931.60  25747.76  7.40
748.6  347306.10  25684.05  7.40
750.0  345523.05  25533.65  7.39
751.5  343748.60  25373.96  7.38
753.0  342648.85  25288.26  7.38
754.4  342178.00  25234.00  7.37
755.9  341000.00  25107.14  7.36
757.3  338074.10  24778.65  7.33
758.8  316977.00  23068.58  7.28
760.3  252388.50  18585.21  7.36
761.7  200797.50  14935.04  7.44
763.2  185526.00  13718.57  7.39
764.6  190542.60  14043.09  7.37
766.1  218467.20  15993.60  7.32
767.5  254844.60  18610.29  7.30
769.0  285919.00  20843.57  7.29
770.4  306154.25  22347.96  7.30
771.9  317030.00  23150.00  7.30
773.3  322195.50  23519.32  7.30
774.8  323895.00  23635.86  7.30
776.2  324627.00  23662.76  7.29
777.7  324493.40  23648.35  7.29
779.1  323528.00  23553.14  7.28
780.5  322809.65  23470.06  7.27
782.0  322134.95  23394.31  7.26
783.4  320870.40  23292.34  7.26
784.9  319680.20  23184.40  7.25
786.3  318746.00  23077.14  7.24
787.8  316924.65  22928.36  7.23
789.2  314490.75  22712.26  7.22
790.6  311625.90  22481.70  7.21
792.0  308959.70  22264.90  7.21
793.5  305744.40  22032.26  7.21
794.9  304091.10  21904.97  7.20
796.3  304065.35  21874.94  7.19
797.8  304684.50  21896.23  7.19
799.2  304628.10  21868.56  7.18
800.6  303287.60  21761.54  7.18
802.1  302040.30  21654.06  7.17
803.5  300733.40  21541.77  7.16
804.9  299566.80  21438.86  7.16
806.3  299310.50  21407.25  7.15
807.8  298944.15  21360.25  7.15
809.2  296884.90  21206.06  7.14
810.6  294789.75  21019.71  7.13
812.0  292042.20  20770.63  7.11
813.4  285918.75  20293.75  7.10
814.8  276067.75  19557.05  7.08
816.3  265529.25  18817.16  7.09
817.7  257922.60  18239.37  7.07
819.1  254689.65  18005.41  7.07
820.5  257565.00  18166.50  7.05
821.9  259578.20  18256.31  7.03
823.3  253976.80  17936.60  7.06
824.7  256913.40  18143.01  7.06
826.1  263278.40  18515.20  7.03
827.5  265154.25  18644.36  7.03
828.9  263407.50  18560.32  7.05
830.3  262894.50  18538.14  7.05
831.7  262986.60  18503.83  7.04
833.2  262906.80  18512.96  7.04
834.5  264525.80  18624.50  7.04
835.9  267853.95  18848.33  7.04
837.3  270980.50  19037.46  7.03
838.7  272753.75  19189.82  7.04
840.1  274132.90  19304.56  7.04
841.5  274806.00  19338.20  7.04
842.9  274404.45  19315.95  7.04
844.3  273585.00  19264.14  7.04
845.7  273638.00  19274.86  7.04
847.1  273586.00  19234.46  7.03
848.5  272095.25  19135.00  7.03
849.9  266693.10  18767.54  7.04
851.2  263282.25  18520.07  7.03
852.6  262196.55  18392.44  7.01
854.0  253417.45  17831.08  7.04
855.4  247826.40  17511.54  7.07
856.8  253649.60  17828.71  7.03
858.2  259350.30  18183.32  7.01
859.5  261922.00  18387.43  7.02
860.9  262800.00  18446.06  7.02
862.3  263084.20  18449.60  7.01
863.7  263073.70  18457.71  7.02
865.0  259720.75  18200.96  7.01
866.4  249823.70  17568.40  7.03
867.8  246486.90  17339.85  7.03
869.1  249461.40  17522.14  7.02
870.5  252626.85  17703.79  7.01
871.9  254576.10  17866.44  7.02
873.2  254801.40  17892.57  7.02
874.6  253766.10  17800.70  7.01
876.0  252956.60  17738.77  7.01
877.3  252515.45  17674.05  7.00
878.7  252393.90  17631.43  6.99
880.0  250672.80  17607.77  7.02
881.4  248895.75  17492.25  7.03
882.8  249096.15  17472.41  7.01
884.1  249552.50  17485.36  7.01
885.5  248832.45  17445.47  7.01
886.8  247139.75  17320.36  7.01
888.2  246336.30  17307.00  7.03
889.5  246457.75  17295.85  7.02
890.9  246083.80  17265.00  7.02
892.2  244341.20  17153.18  7.02
893.6  240771.00  16928.16  7.03
894.9  235090.80  16518.60  7.03
896.2  226243.00  15882.79  7.02
897.6  216972.00  15181.71  7.00
898.9  207085.00  14471.00  6.99
900.3  200004.35  13978.99  6.99
901.6  196761.60  13725.00  6.98
903.0  200775.60  14044.66  7.00
904.3  210302.55  14665.29  6.97
905.6  215072.65  15039.51  6.99
907.0  211214.25  14797.71  7.01
908.3  203321.95  14229.80  7.00
909.6  197821.85  13872.50  7.01
911.0  197121.20  13818.97  7.01
912.3  197678.25  13814.25  6.99
913.6  195686.85  13667.94  6.98
914.9  194098.40  13570.97  6.99
916.2  192985.00  13487.74  6.99
917.6  192876.90  13454.53  6.98
918.9  195906.30  13688.16  6.99
920.2  201419.40  14099.80  7.00
921.5  203526.40  14336.00  7.04
922.9  202566.00  14310.00  7.06
924.2  200948.65  14192.20  7.06
925.5  199949.75  14071.75  7.04
926.8  199652.20  14047.31  7.04
928.1  193358.85  13594.41  7.03
929.4  180787.35  12643.84  6.99
930.7  163612.80  11536.80  7.05
932.0  142403.10  10095.17  7.09
933.4  122241.50  8705.47  7.12
934.7  108184.50  7674.17  7.09
936.0  103535.25  7314.11  7.06
937.3  101666.40  7096.84  6.98
938.6  109782.60  7730.39  7.04
939.9  125367.00  8702.14  6.94
941.2  132136.00  9210.86  6.97
942.5  131317.20  9264.00  7.05
943.8  124538.75  8866.07  7.12
945.1  119956.50  8478.13  7.07
946.4  118817.20  8364.83  7.04
947.7  121030.20  8490.09  7.01
949.0  123150.60  8575.77  6.96
950.2  125580.00  8905.93  7.09
951.5  127638.00  9117.00  7.14
952.8  127352.50  9129.69  7.17
954.1  129026.60  9148.91  7.09
955.4  128851.00  9032.57  7.01
956.7  130922.30  9247.30  7.06
958.0  134476.80  9464.23  7.04
959.3  134884.40  9562.70  7.09
960.5  138186.00  9797.31  7.09
961.8  142644.40  10114.51  7.09
963.1  146307.60  10374.81  7.09
964.4  149344.55  10628.96  7.12
965.7  151948.35  10814.27  7.12
966.9  157539.30  11173.00  7.09
968.2  166760.95  11789.54  7.07
969.5  174339.20  12328.69  7.07
970.8  178180.00  12727.14  7.14
972.0  179893.35  12892.50  7.17
973.3  176774.40  12714.43  7.19
974.6  173388.15  12519.00  7.22
975.8  170359.35  12305.25  7.22
977.1  171758.40  12361.40  7.20
978.4  173876.30  12514.54  7.20
979.6  174575.70  12566.36  7.20
980.9  177522.75  12729.54  7.17
982.2  181120.75  12786.18  7.06
983.4  182702.20  13152.91  7.20
984.7  184917.60  13418.06  7.26
985.9  186662.85  13600.79  7.29
987.2  188485.20  13682.14  7.26
988.5  188618.65  13752.28  7.29
989.7  188965.20  13611.90  7.20
991.0  189096.60  13682.31  7.24
992.2  189218.50  13874.43  7.33
993.5  190209.60  13953.60  7.34
994.7  189270.00  13894.82  7.34
996.0  190089.80  13834.03  7.28
997.2  189581.80  13935.97  7.35
998.5  189050.00  13908.68  7.36
999.7  189218.25  13723.52  7.25
1001.0  188130.60  13651.20  7.26
1002.2  186229.95  13665.59  7.34
1003.4  185059.15  13587.74  7.34
1004.7  181816.25  13209.51  7.27
1005.9  178845.60  13071.77  7.31
1007.2  178252.20  13176.45  7.39
1008.4  177965.10  13079.19  7.35
1009.6  178402.20  13035.96  7.31
1010.9  178596.25  13267.15  7.43
1012.1  178246.25  13095.64  7.35
1013.3  178395.00  13106.57  7.35
1014.6  177758.40  13134.86  7.39
1015.8  177601.80  13052.49  7.35
1017.1  177693.20  12987.54  7.31
1018.3  177233.50  13106.34  7.39
1019.5  177525.60  13133.27  7.40
1020.8  177003.75  13179.50  7.45
1022.0  176733.90  13091.40  7.41
1023.2  175869.80  13039.17  7.41
1024.4  176103.25  12984.57  7.37
1025.7  176358.00  13094.25  7.42
1026.9  176001.60  13251.09  7.53
1028.1  176849.25  13067.68  7.39
1029.3  176200.65  13032.06  7.40
1030.6  175565.50  12998.07  7.40
1031.8  176900.10  13201.50  7.46
1033.0  176306.00  12980.77  7.36
1034.2  175675.50  13344.96  7.60
1035.4  175015.10  13115.89  7.49
1036.7  175441.70  13268.70  7.56
1037.9  175896.60  13213.91  7.51
1039.1  176003.15  13127.92  7.46
1040.3  176478.50  13063.99  7.40
1041.5  176127.35  13403.55  7.61
1042.7  177455.25  13278.96  7.48
1043.9  177128.10  13396.24  7.56
1045.2  176358.60  13233.26  7.50
1046.4  175555.20  13323.39  7.59
1047.6  174272.70  13385.00  7.68
1048.8  174847.40  13449.80  7.69
1050.0  175463.50  13518.86  7.70
1051.2  176083.65  13589.38  7.72
1052.4  176251.75  13329.96  7.56
1053.6  175930.95  13020.71  7.40
1054.8  176118.30  13045.80  7.41
1056.0  176320.10  13072.56  7.41
1057.2  175448.35  13345.79  7.61
1058.4  174547.50  13963.80  8.00
1059.7  174170.70  13633.71  7.83
1060.9  173186.75  13590.11  7.85
1062.1  170238.00  13232.79  7.77
1063.3  172277.10  13223.83  7.68
1064.5  174438.00  13592.57  7.79
1065.7  173372.80  13544.75  7.81
1066.9  174377.70  13048.67  7.48
1068.1  176114.10  13391.16  7.60
1069.3  171436.30  12868.10  7.51
1070.5  172474.60  13169.24  7.64
1071.7  170497.60  13483.23  7.91
1072.9  171550.50  13813.16  8.05
1074.1  170970.05  13364.24  7.82
1075.3  171941.40  13485.60  7.84
1076.5  171150.20  13165.40  7.69
