/*** Spectra Vista SIG Data ***/
name= 230505_1720_R963_T969.sig
instrument= HK: 9202056 (HR-512i)
integration= 20.0, 0.0, 0.0, 10.0, 0.0, 0.0
scan method= Time-based, Time-based
scan coadds= 250, 0, 0, 500, 0, 0
scan time= 5, 5
scan settings= AI, AI
external data set1= 0,0,0,0,0,0,0,0,0,0,0,0,0,0,0,0,0,0,0,0,0,0,0,0,0,0,0,0,0,0,0,0
external data set2= 0,0,0,0,0,0,0,0,0,0,0,0,0,0,0,0,0,0,0,0,0,0,0,0,0,0,0,0,0,0,0,0
external data dark= 0,0,0,0,0,0,0,0,0,0,0,0,0,0,0,0
external data mask= 0
optic= LENS 4(1), LENS 4(1)
temp= 27.7, 0.0, 0.0, 28.3, 0.0, 0.0
battery= 8.25, 8.21
error= 0, 0
units= Radiance, Radiance
time= 5/5/2023 5:17:42 PM, 5/5/2023 5:20:29 PM
longitude= 07749.1536W     , 07749.5909W     
latitude= 3411.4076N      , 3411.5103N      
gpstime= 182541.000      , 182827.000      
comm= 
memory slot= 963, 969
factors= 1.000, 1.000, 1.000 [Overlap: Preserve, Matching Type: None]
inclinometer x offset= 3, 6
inclinometer y offset= -14, -39
data= 
339.7  33272.25  75716.85  227.57
341.4  35976.60  81686.00  227.05
343.0  37700.93  84889.50  225.17
344.7  38540.13  86535.00  224.53
346.4  40265.30  90482.10  224.71
348.0  42203.35  94553.15  224.04
349.7  44155.80  98982.00  224.17
351.3  47655.95  106372.45  223.21
353.0  50204.35  111505.80  222.10
354.6  53471.10  118521.10  221.65
356.2  53932.73  117648.30  218.14
357.9  50851.50  109343.25  215.02
359.5  50470.80  109660.40  217.27
361.2  53934.30  117163.40  217.23
362.8  56860.83  122760.75  215.90
364.5  60553.65  130208.55  215.03
366.1  65744.60  141193.20  214.76
367.7  69767.10  148458.60  212.79
369.4  70834.23  149068.15  210.45
371.0  71453.20  149531.20  209.27
372.6  70061.25  144832.50  206.72
374.3  66839.38  136947.75  204.89
375.9  67130.80  138514.75  206.34
377.5  72530.25  150458.10  207.44
379.1  77271.70  158593.05  205.24
380.8  76395.20  154173.60  201.81
382.4  71622.00  142312.50  198.70
384.0  64675.58  127544.85  197.21
385.6  66270.75  132347.30  199.71
387.3  70293.60  139557.60  198.54
388.9  74212.45  145817.80  196.49
390.5  80219.15  156811.60  195.48
392.1  84124.13  161671.50  192.18
393.8  77800.00  145520.00  187.04
395.4  78297.98  146784.75  187.47
397.0  82998.50  154465.35  186.11
398.6  93745.05  173359.80  184.93
400.2  114512.60  210220.60  183.58
401.8  129726.63  233423.75  179.94
403.4  138181.40  243904.50  176.51
405.0  140130.00  243420.00  173.71
406.6  139812.75  239951.25  171.62
408.3  141295.35  240352.35  170.11
409.9  144452.00  243719.20  168.72
411.5  146995.88  245864.25  167.26
413.1  152250.00  253050.00  166.21
414.7  154849.80  255410.40  164.94
416.3  156589.13  256610.75  163.88
417.9  156330.30  254676.60  162.91
419.5  155033.63  251306.10  162.10
421.1  155920.40  252092.00  161.68
422.7  156708.20  252346.60  161.03
424.3  155685.85  249490.00  160.25
425.9  155360.43  248167.15  159.74
427.5  153121.75  243557.00  159.06
429.1  148613.73  235296.95  158.33
430.7  139955.78  220313.25  157.42
432.3  141396.45  223733.90  158.23
433.9  151054.93  239391.25  158.48
435.5  158135.80  249341.65  157.68
437.1  166041.00  260984.00  157.18
438.7  166582.90  260071.75  156.12
440.3  166963.48  260144.85  155.81
441.9  172297.13  268629.75  155.91
443.5  179061.65  278647.15  155.62
445.0  183248.75  283960.00  154.96
446.6  184335.53  284635.45  154.41
448.2  188014.30  290245.60  154.37
449.8  192857.60  297256.05  154.13
451.4  197892.33  304219.25  153.73
453.0  197176.65  301566.65  152.94
454.6  194487.00  296733.90  152.57
456.2  194989.23  297509.75  152.58
457.8  196809.43  299867.25  152.36
459.3  196989.90  299224.65  151.90
460.9  197537.45  299674.10  151.70
462.5  199858.80  302858.40  151.54
464.1  199940.40  302164.80  151.13
465.7  198104.40  298574.40  150.72
467.2  196089.00  295111.50  150.50
468.8  195079.35  293289.75  150.34
470.4  194238.00  291559.50  150.10
472.0  194951.03  292456.80  150.02
473.6  196915.68  295182.80  149.90
475.1  198211.93  296708.65  149.69
476.7  198400.75  296439.90  149.41
478.3  199695.90  298044.75  149.25
479.9  201093.98  299693.25  149.03
481.5  202241.10  300735.90  148.70
483.0  201907.60  299421.55  148.30
484.6  198086.40  292684.80  147.76
486.2  189224.00  278456.85  147.16
487.8  184180.50  271441.80  147.38
489.3  187237.50  276750.00  147.81
490.9  191170.80  282087.60  147.56
492.5  191896.38  282123.60  147.02
494.0  193267.50  283860.50  146.87
495.6  194886.30  285948.60  146.73
497.2  195397.65  286091.25  146.41
498.8  193342.58  282289.65  146.00
500.3  190277.45  277322.40  145.75
501.9  186696.75  271705.25  145.53
503.5  185680.30  270298.60  145.57
505.0  186293.10  271168.85  145.56
506.6  187704.90  272884.95  145.38
508.2  187045.20  271188.00  144.99
509.7  186540.08  270073.35  144.78
511.3  186318.53  269247.70  144.51
512.9  184623.30  266129.55  144.15
514.4  181337.75  260958.00  143.91
516.0  177090.00  254790.00  143.88
517.5  171568.58  246295.35  143.56
519.1  171171.65  245805.30  143.60
520.7  174867.00  250712.00  143.37
522.2  177174.50  253180.50  142.90
523.8  179563.78  256476.75  142.83
525.4  180568.50  257599.20  142.66
526.9  178480.95  254265.40  142.46
528.5  179707.13  256554.90  142.76
530.0  182643.75  260772.30  142.78
531.6  183961.00  262160.40  142.51
533.2  183031.30  260415.65  142.28
534.7  183904.00  261800.00  142.36
536.3  184188.90  262015.00  142.25
537.8  183430.10  260573.60  142.06
539.4  181897.80  258115.20  141.90
541.0  180214.20  255576.00  141.82
542.5  180186.60  255714.00  141.92
544.1  181462.70  257526.90  141.92
545.6  182137.13  258297.00  141.81
547.2  182027.60  257863.15  141.66
548.7  182126.00  257908.00  141.61
550.3  182454.23  258276.25  141.56
551.8  182687.40  258495.30  141.50
553.4  183240.20  259144.60  141.42
554.9  184020.75  260071.10  141.33
556.5  183434.40  258799.60  141.09
558.0  181852.75  256325.50  140.95
559.6  180270.13  254124.50  140.97
561.1  181021.20  255455.05  141.12
562.7  182069.65  257003.80  141.16
564.2  183279.85  258738.95  141.17
565.8  183077.70  258359.20  141.12
567.3  182897.48  257858.55  140.99
568.9  182557.25  256941.70  140.75
570.4  181564.88  254951.55  140.42
572.0  181717.13  254794.50  140.21
573.5  182943.60  256145.40  140.01
575.1  183372.80  256120.00  139.67
576.6  183045.75  255193.50  139.42
578.2  182382.83  253904.60  139.22
579.7  182230.95  253432.75  139.07
581.2  183194.55  254584.60  138.97
582.8  184878.83  256537.65  138.76
584.3  185451.75  256794.00  138.47
585.9  184639.20  255162.90  138.20
587.4  182525.40  252039.60  138.08
588.9  177898.00  245428.50  137.96
590.5  174602.50  241431.40  138.27
592.0  174675.90  242144.55  138.63
593.6  175489.60  243157.20  138.56
595.1  175904.85  243371.70  138.35
596.6  176489.20  243827.20  138.15
598.2  176964.38  244014.50  137.89
599.7  176844.78  243247.00  137.55
601.2  176378.83  242147.50  137.29
602.8  176431.85  241956.55  137.14
604.3  177202.40  242899.40  137.07
605.8  177977.30  243553.60  136.85
607.4  177930.68  243157.95  136.66
608.9  176982.85  241523.50  136.47
610.5  175921.90  239893.50  136.36
612.0  174968.63  238416.75  136.26
613.5  173771.25  236537.50  136.12
615.0  172663.23  234848.95  136.02
616.6  171249.20  232744.00  135.91
618.1  171234.00  232810.20  135.96
619.6  172083.00  233928.00  135.94
621.2  172664.00  234433.40  135.77
622.7  172089.60  233280.00  135.56
624.2  170995.95  231542.10  135.41
625.8  169510.40  229454.45  135.36
627.3  168441.38  228121.00  135.43
628.8  167197.63  226542.40  135.49
630.3  166431.70  225437.85  135.45
631.8  166076.30  224833.70  135.38
633.4  166564.75  225315.20  135.27
634.9  167155.60  225857.10  135.12
636.4  167881.00  226556.65  134.95
638.0  168843.30  227598.60  134.80
639.5  168945.00  227346.00  134.57
641.0  168553.00  226530.15  134.40
642.5  168302.05  226053.80  134.31
644.0  168022.50  225664.00  134.31
645.5  167376.15  224640.40  134.21
647.1  166094.20  223057.60  134.30
648.6  164646.95  221343.80  134.44
650.1  163702.88  220276.50  134.56
651.6  163775.33  220479.75  134.62
653.1  164283.38  220533.45  134.24
654.7  163295.68  218274.15  133.67
656.2  158723.18  211630.90  133.33
657.7  156279.20  208907.20  133.68
659.2  158198.30  212006.60  134.01
660.7  161084.63  215686.75  133.90
662.2  163732.40  218758.80  133.61
663.7  164996.48  220011.45  133.34
665.2  165360.85  220270.10  133.21
666.8  165454.95  220166.95  133.07
668.3  165355.35  219903.30  132.99
669.8  165181.78  219540.75  132.91
671.3  164804.15  218789.60  132.76
672.8  164569.60  218272.30  132.63
674.3  164370.60  217713.70  132.45
675.8  164301.75  217453.00  132.35
677.3  164133.20  217072.80  132.25
678.8  163914.85  216674.70  132.19
680.3  163542.10  216103.60  132.14
681.8  163015.83  215363.75  132.11
683.3  161970.60  213826.80  132.02
684.8  159866.70  210896.00  131.92
686.3  153277.60  202057.60  131.82
687.8  144690.00  191373.00  132.26
689.3  140864.33  187544.35  133.14
690.8  140842.80  188066.40  133.53
692.3  142811.48  190803.45  133.61
693.8  144040.20  192443.50  133.60
695.3  145116.40  193805.30  133.55
696.8  147159.70  196194.20  133.32
698.3  147840.00  196392.00  132.84
699.8  146997.95  194851.30  132.55
701.3  145642.25  192750.55  132.35
702.8  145664.25  192487.80  132.14
704.2  146685.70  193572.40  131.96
705.7  147802.00  194675.20  131.71
707.2  148510.83  195145.95  131.40
708.7  148905.90  195230.40  131.11
710.2  149259.13  195359.75  130.89
711.7  149131.25  194954.00  130.73
713.2  148659.60  194032.00  130.52
714.7  147299.10  192192.30  130.48
716.2  142704.50  186255.60  130.52
717.6  133488.00  174798.00  130.95
719.1  124389.00  164117.60  131.94
720.6  121937.60  162112.00  132.95
722.1  125241.00  166334.00  132.81
723.6  125837.35  166506.80  132.32
725.0  124375.95  164535.30  132.29
726.5  123614.78  163773.75  132.49
728.0  123375.15  163393.20  132.44
729.5  123543.20  163464.00  132.31
731.0  124880.60  165092.60  132.20
732.4  128300.70  169141.50  131.83
733.9  132816.95  174121.50  131.10
735.4  135846.70  177144.55  130.40
736.8  137427.00  178581.00  129.95
738.3  138270.85  179104.05  129.53
739.8  138773.25  179256.00  129.17
741.2  139087.80  179258.40  128.88
742.7  139838.80  179872.00  128.63
744.2  140973.00  180986.40  128.38
745.7  141637.13  181542.00  128.17
747.1  142115.85  181905.90  128.00
748.6  142074.30  181592.85  127.82
750.0  141526.78  180676.35  127.66
751.5  140866.05  179756.20  127.61
753.0  140549.43  179295.15  127.57
754.4  140399.00  179056.00  127.53
755.9  139968.75  178375.00  127.44
757.3  138741.53  176540.00  127.24
758.8  129400.45  163644.15  126.46
760.3  101845.50  127839.00  125.52
761.7  79110.95  101868.00  128.77
763.2  70950.00  94644.00  133.40
764.6  72627.30  98235.00  135.26
766.1  84571.20  113836.80  134.60
767.5  100791.18  133528.80  132.48
769.0  115080.00  149878.00  130.24
770.4  124650.00  160313.75  128.61
771.9  129990.00  165830.00  127.57
773.3  132620.88  168526.50  127.07
774.8  133633.50  169383.50  126.75
776.2  134080.35  169760.40  126.61
777.7  134157.10  169634.85  126.44
779.1  133829.00  169090.00  126.35
780.5  133560.90  168712.45  126.32
782.0  133306.38  168311.15  126.26
783.4  132787.20  167577.60  126.20
784.9  132260.00  166958.80  126.24
786.3  131635.40  166189.20  126.25
787.8  130554.75  164890.25  126.30
789.2  128993.83  163114.25  126.45
790.6  127423.65  161228.25  126.53
792.0  126199.50  159686.10  126.53
793.5  125165.70  158286.60  126.46
794.9  124756.43  157632.30  126.35
796.3  124561.10  157492.05  126.44
797.8  124667.85  157797.30  126.57
799.2  124698.40  157765.10  126.52
800.6  124072.20  156819.20  126.39
802.1  123337.78  155951.80  126.44
803.5  122743.50  155238.60  126.47
804.9  122510.70  154882.00  126.42
806.3  122774.00  155031.50  126.27
807.8  122846.28  154986.00  126.16
809.2  121967.35  153697.05  126.01
810.6  120628.50  152172.75  126.15
812.0  118602.98  149885.75  126.38
813.4  114537.50  145243.75  126.81
814.8  108698.30  138412.05  127.34
816.3  102858.23  131720.10  128.06
817.7  98998.90  127340.20  128.63
819.1  97909.48  126151.50  128.85
820.5  100138.50  128898.00  128.72
821.9  101507.75  130023.80  128.09
823.3  98762.13  126391.65  127.98
824.7  100375.75  128820.60  128.34
826.1  103796.00  132932.80  128.07
827.5  104834.25  133767.00  127.60
828.9  104090.50  132594.50  127.38
830.3  103981.63  132481.25  127.41
831.7  104290.05  132804.30  127.34
833.2  104643.83  133050.00  127.15
834.5  105985.95  134559.60  126.96
835.9  108074.20  136875.70  126.65
837.3  109937.88  138971.50  126.41
838.7  111375.63  140543.75  126.19
840.1  112490.50  141580.40  125.86
841.5  113121.20  142055.80  125.58
842.9  113315.33  142141.80  125.44
844.3  113246.25  141726.00  125.15
845.7  113548.40  142049.20  125.10
847.1  113738.00  142172.50  125.00
848.5  113230.25  141421.00  124.90
849.9  111161.60  138478.30  124.57
851.2  109714.28  136842.75  124.73
852.6  109045.88  136206.00  124.91
854.0  105576.90  131395.55  124.45
855.4  103427.55  128909.70  124.64
856.8  105659.23  132221.60  125.14
858.2  108148.05  135142.35  124.96
859.5  109422.50  136497.00  124.74
860.9  109850.40  136831.20  124.56
862.3  109988.00  136952.80  124.52
863.7  110092.58  137099.80  124.53
865.0  108686.50  135040.25  124.25
866.4  104660.85  129606.40  123.83
867.8  103200.08  128277.60  124.30
869.1  104445.45  130203.00  124.66
870.5  105786.30  131755.50  124.55
871.9  106604.95  132603.80  124.39
873.2  106656.50  132684.60  124.40
874.6  106280.65  131934.60  124.14
876.0  105916.80  131593.60  124.24
877.3  105841.15  131438.05  124.18
878.7  105626.95  131236.60  124.25
880.0  104932.80  130333.20  124.21
881.4  104215.88  129400.50  124.17
882.8  104377.05  129564.15  124.13
884.1  104448.75  129750.00  124.22
885.5  104063.18  129340.35  124.29
886.8  103178.08  128335.35  124.38
888.2  102864.48  127879.50  124.32
889.5  102898.95  127885.45  124.28
890.9  102669.20  127761.00  124.44
892.2  101536.83  126367.30  124.45
893.6  99377.05  123690.20  124.47
894.9  95760.00  119700.00  125.00
896.2  90303.00  113607.00  125.81
897.6  84993.00  107502.00  126.48
898.9  79964.75  101546.50  126.99
900.3  76487.13  97600.10  127.60
901.6  75066.60  96331.20  128.33
903.0  77171.50  99350.20  128.74
904.3  82309.43  105282.55  127.91
905.6  84806.15  107935.10  127.27
907.0  82678.38  104932.75  126.92
908.3  78674.38  99882.25  126.96
909.6  75605.13  96830.05  128.07
911.0  75080.40  96451.60  128.46
912.3  74878.13  96414.50  128.76
913.6  73707.75  95097.45  129.02
914.9  72713.60  94117.20  129.44
916.2  72146.70  93523.50  129.63
917.6  72366.45  93579.90  129.31
918.9  74456.60  96122.25  129.10
920.2  77968.80  99936.20  128.17
921.5  79654.40  101606.40  127.56
922.9  79659.00  101442.00  127.35
924.2  78702.20  100313.05  127.46
925.5  78049.13  99811.25  127.88
926.8  77402.60  98995.60  127.90
928.1  73564.10  94148.55  127.98
929.4  66551.70  86105.55  129.38
930.7  58208.40  75863.20  130.33
932.0  48538.40  63885.10  131.62
933.4  39409.20  52910.50  134.26
934.7  33761.03  45885.15  135.91
936.0  31477.75  43613.75  138.55
937.3  30615.45  42746.10  139.62
938.6  34258.40  47883.90  139.77
939.9  40675.50  56199.00  138.16
941.2  43581.00  59302.00  136.07
942.5  43367.10  58363.20  134.58
943.8  40754.38  55028.75  135.03
945.1  38933.25  53033.40  136.22
946.4  38252.30  52142.80  136.31
947.7  39042.00  53791.20  137.78
949.0  40167.40  54733.60  136.26
950.2  41262.00  56062.50  135.87
951.5  41938.20  56981.25  135.87
952.8  41910.55  56498.20  134.81
954.1  42616.45  57920.70  135.91
955.4  42870.50  57959.00  135.20
956.7  44046.35  59377.40  134.81
958.0  45484.80  61800.00  135.87
959.3  46051.95  61402.60  133.33
960.5  47597.40  63463.20  133.33
961.8  49717.30  66116.20  132.98
963.1  51419.70  68382.90  132.99
964.4  53106.28  70628.65  132.99
965.7  54580.73  72408.60  132.66
966.9  57261.63  75417.75  131.71
968.2  62321.93  81957.60  131.51
969.5  66897.60  86880.00  129.87
970.8  69620.00  89680.00  128.81
972.0  70693.88  90247.50  127.66
973.3  69052.50  89001.00  128.89
974.6  66976.65  85755.15  128.04
975.8  65400.13  84222.60  128.78
977.1  66361.20  85228.60  128.43
978.4  67360.48  86938.15  129.06
979.6  68003.33  87287.85  128.36
980.9  70111.13  89797.50  128.08
982.2  71884.50  91617.50  127.45
983.4  73728.25  93509.00  126.83
984.7  74847.60  95394.00  127.45
985.9  76089.48  96704.85  127.09
987.2  77003.10  98073.60  127.36
988.5  77873.68  98613.90  126.63
989.7  78068.25  98486.10  126.15
991.0  78585.60  99050.60  126.04
992.2  78701.50  98795.50  125.53
993.5  78825.60  98532.00  125.00
994.7  78862.50  99016.25  125.56
996.0  79353.53  99528.15  125.42
997.2  79145.80  99392.40  125.58
998.5  79401.00  99251.25  125.00
999.7  79568.70  98975.70  124.39
1001.0  78636.60  98544.60  125.32
1002.2  77850.23  97694.40  125.49
1003.4  77021.83  97181.90  126.17
1004.7  75843.35  95583.40  126.03
1005.9  74865.60  93582.00  125.00
1007.2  74617.20  94307.85  126.39
1008.4  74580.75  94640.40  126.90
1009.6  74846.90  95352.90  127.40
1010.9  74500.15  94911.15  127.40
1012.1  74354.15  94725.15  127.40
1013.3  74416.20  94804.20  127.40
1014.6  75087.60  93987.20  125.17
1015.8  74428.50  93420.60  125.52
1017.1  74383.20  94012.10  126.39
1018.3  74542.33  93829.50  125.87
1019.5  74497.35  94046.30  126.24
1020.8  74019.75  93329.25  126.09
1022.0  73639.13  93821.70  127.41
1023.2  74021.15  93500.40  126.32
1024.4  73849.75  93164.30  126.15
1025.7  74256.00  93980.25  126.56
1026.9  74325.00  93946.80  126.40
1028.1  74398.65  93913.05  126.23
1029.3  74354.18  93723.75  126.05
1030.6  73686.25  93549.50  126.96
1031.8  74588.48  93730.65  125.66
1033.0  74591.00  93577.80  125.45
1034.2  74592.38  93414.75  125.23
1035.4  73879.33  94680.30  128.16
1036.7  73715.00  94355.20  128.00
1037.9  74301.15  94013.70  126.53
1039.1  73983.63  93453.00  126.32
1040.3  74602.28  93052.30  124.73
1041.5  74072.25  93824.85  126.67
1042.7  74362.20  94642.80  127.27
1043.9  74671.65  95510.25  127.91
1045.2  73928.10  94414.20  127.71
1046.4  74062.35  93263.70  125.93
1047.6  74019.05  93695.00  126.58
1048.8  73973.90  94148.60  127.27
1050.0  74917.00  94632.00  126.32
1051.2  74886.15  95125.65  127.03
1052.4  74647.80  93309.75  125.00
1053.6  74187.75  93264.60  125.71
1054.8  73926.20  95669.20  129.41
1056.0  73652.70  93739.80  127.27
1057.2  74052.88  95699.10  129.23
1058.4  74473.60  93092.00  125.00
1059.7  73962.90  93050.10  125.81
1060.9  73177.50  92691.50  126.67
1062.1  72601.50  92629.50  127.59
1063.3  71996.40  92566.80  128.57
1064.5  72682.50  92505.00  127.27
1065.7  71787.18  94813.25  132.08
1066.9  73349.35  94108.60  128.30
1068.1  73854.30  93738.15  126.92
1069.3  72642.50  92982.40  128.00
1070.5  72855.65  95158.40  130.61
1071.7  71548.10  91338.00  127.66
1072.9  71739.30  93573.00  130.43
1074.1  70968.70  93549.65  131.82
1075.3  74170.80  94399.20  127.27
1076.5  72409.70  92157.80  127.27
