/*** Spectra Vista SIG Data ***/
name= 230503_1520_R874_T881.sig
instrument= HK: 9202056 (HR-512i)
integration= 10.0, 0.0, 0.0, 100.0, 0.0, 0.0
scan method= Time-based, Time-based
scan coadds= 500, 0, 0, 50, 0, 0
scan time= 5, 5
scan settings= AI, AI
external data set1= 0,0,0,0,0,0,0,0,0,0,0,0,0,0,0,0,0,0,0,0,0,0,0,0,0,0,0,0,0,0,0,0
external data set2= 0,0,0,0,0,0,0,0,0,0,0,0,0,0,0,0,0,0,0,0,0,0,0,0,0,0,0,0,0,0,0,0
external data dark= 0,0,0,0,0,0,0,0,0,0,0,0,0,0,0,0
external data mask= 0
optic= LENS 4(1), LENS 4(1)
temp= 22.5, 0.0, 0.0, 24.8, 0.0, 0.0
battery= 8.35, 8.29
error= 0, 0
units= Radiance, Radiance
time= 5/3/2023 3:17:24 PM, 5/3/2023 3:20:37 PM
longitude= 07756.4134W     , 07756.3632W     
latitude= 3402.4272N      , 3402.3536N      
gpstime= 162621.000      , 162931.000      
comm= 
memory slot= 874, 881
factors= 1.000, 1.000, 1.000 [Overlap: Preserve, Matching Type: None]
inclinometer x offset= 8, -3
inclinometer y offset= -13, -29
data= 
339.7  92622.75  36077.91  38.95
341.4  100282.60  38740.02  38.63
343.0  105029.95  40064.52  38.15
344.7  107527.75  40318.90  37.50
346.4  112834.70  41750.37  37.00
348.0  118522.30  43173.88  36.43
349.7  124534.80  44647.20  35.85
351.3  134638.30  47546.71  35.31
353.0  141989.40  49308.56  34.73
354.6  151826.70  51792.81  34.11
356.2  152205.90  51023.28  33.52
357.9  142409.25  46668.15  32.77
359.5  143184.80  45743.00  31.95
361.2  154098.00  48308.50  31.35
362.8  162215.20  49934.92  30.78
364.5  172802.40  52289.72  30.26
366.1  188136.30  55992.08  29.76
367.7  199472.40  58418.64  29.29
369.4  201462.80  57968.30  28.77
371.0  203239.40  57470.14  28.28
372.6  198408.75  55130.55  27.79
374.3  188434.50  51370.00  27.26
375.9  190931.95  51014.81  26.72
377.5  208032.50  54740.66  26.31
379.1  221089.00  57406.53  25.97
380.8  216417.60  55349.28  25.58
382.4  201307.50  50694.30  25.18
384.0  180730.35  44605.58  24.68
385.6  187403.00  45423.38  24.24
387.3  198619.20  47464.56  23.90
388.9  208298.30  49076.41  23.56
390.5  224682.70  52189.94  23.23
392.1  233766.00  53621.33  22.94
393.8  211840.00  47944.00  22.63
395.4  213087.00  47231.73  22.17
397.0  225418.05  49248.23  21.85
398.6  252517.60  54201.30  21.46
400.2  308085.40  65263.42  21.18
401.8  344729.00  72137.98  20.93
403.4  362710.60  74884.60  20.65
405.0  364080.00  74064.00  20.34
406.6  360533.25  72164.40  20.02
408.3  362281.50  71304.35  19.68
409.9  369036.00  71486.32  19.37
411.5  373479.75  71233.88  19.07
413.1  386000.00  72495.00  18.78
414.7  391326.60  72459.66  18.52
416.3  394663.50  72041.75  18.25
417.9  393385.20  70817.49  18.00
419.5  389484.90  69128.96  17.75
421.1  391705.60  68539.92  17.50
422.7  393630.60  67954.26  17.26
424.3  390390.50  66495.22  17.03
425.9  389575.45  65460.56  16.80
427.5  383703.00  63618.70  16.58
429.1  372167.25  60886.64  16.36
430.7  349494.30  56468.04  16.16
432.3  354047.20  56286.30  15.90
433.9  380012.15  59567.41  15.68
435.5  397013.70  61427.92  15.47
437.1  417126.00  63680.40  15.27
438.7  417484.60  62968.95  15.08
440.3  418162.15  62237.91  14.88
441.9  432416.25  63468.23  14.68
443.5  449826.55  65149.68  14.48
445.0  460040.00  65751.00  14.29
446.6  462234.85  65221.31  14.11
448.2  471924.55  65690.89  13.92
449.8  484324.75  66544.60  13.74
451.4  496938.05  67407.64  13.56
453.0  494447.25  66275.61  13.40
454.6  487226.25  64507.55  13.24
456.2  489121.40  63939.32  13.07
457.8  494061.20  63801.37  12.91
459.3  494182.05  63080.67  12.76
460.9  495644.60  62527.41  12.62
462.5  501880.80  62554.56  12.46
464.1  502084.80  61877.28  12.32
465.7  497107.20  60571.68  12.18
467.2  492178.50  59287.18  12.05
468.8  489954.45  58328.69  11.90
470.4  488025.00  57424.95  11.77
472.0  490091.10  56974.20  11.63
473.6  495611.60  56948.76  11.49
475.1  499175.25  56693.05  11.36
476.7  499862.70  56100.07  11.22
478.3  503303.10  55825.70  11.09
479.9  506835.90  55612.58  10.97
481.5  509356.60  55311.91  10.86
483.0  508092.90  54620.18  10.75
484.6  497971.20  52995.84  10.64
486.2  474891.20  50045.17  10.54
487.8  462483.00  48187.44  10.42
489.3  471562.50  48558.75  10.30
490.9  481665.60  49048.20  10.18
492.5  482771.85  48664.11  10.08
494.0  486289.50  48501.20  9.97
495.6  490676.55  48422.36  9.87
497.2  491863.05  48049.07  9.77
498.8  486370.55  47023.67  9.67
500.3  478651.80  45807.47  9.57
501.9  469704.50  44483.90  9.47
503.5  468028.60  43852.12  9.37
505.0  470168.30  43588.45  9.27
506.6  473894.10  43493.40  9.18
508.2  471711.60  42887.88  9.09
509.7  470208.15  42343.34  9.01
511.3  469306.25  41873.16  8.92
512.9  464508.00  41060.52  8.84
514.4  455792.00  39918.40  8.76
516.0  445530.00  38676.00  8.68
517.5  431386.20  37129.73  8.61
519.1  430693.90  36714.99  8.52
520.7  439947.20  37135.56  8.44
522.2  444995.00  37210.00  8.36
523.8  450930.30  37364.17  8.29
525.4  453585.70  37261.16  8.21
526.9  447879.80  36478.50  8.14
528.5  451562.10  36422.00  8.07
530.0  459288.15  36694.92  7.99
531.6  462380.40  36616.12  7.92
533.2  459661.35  36082.67  7.85
534.7  462056.00  35940.80  7.78
536.3  462870.00  35686.86  7.71
537.8  460731.95  35228.87  7.65
539.4  456862.80  34640.76  7.58
541.0  452667.60  34008.72  7.51
542.5  453054.00  33741.00  7.45
544.1  456440.60  33697.05  7.38
545.6  458180.25  33535.88  7.32
547.2  457798.30  33227.84  7.26
548.7  457968.00  32956.00  7.20
550.3  458845.00  32755.34  7.14
551.8  459411.75  32511.78  7.08
553.4  460860.40  32318.00  7.01
554.9  462891.30  32159.92  6.95
556.5  461155.60  31757.92  6.89
558.0  457102.50  31225.75  6.83
559.6  453330.50  30728.78  6.78
561.1  455828.45  30657.01  6.73
562.7  458861.65  30611.01  6.67
564.2  462472.35  30590.86  6.61
565.8  462082.40  30301.00  6.56
567.3  461969.05  30015.88  6.50
568.9  461737.60  29728.74  6.44
570.4  459508.95  29320.52  6.38
572.0  460143.00  29101.80  6.32
573.5  463692.60  29067.57  6.27
575.1  464694.40  28895.20  6.22
576.6  463661.00  28593.75  6.17
578.2  461742.25  28253.17  6.12
579.7  461022.40  27999.46  6.07
581.2  463110.10  27921.58  6.03
582.8  466875.25  27949.62  5.99
584.3  467868.00  27813.00  5.94
585.9  465578.40  27474.39  5.90
587.4  461084.40  26998.92  5.86
588.9  450902.00  26190.18  5.81
590.5  444400.60  25582.99  5.76
592.0  446055.75  25462.14  5.71
593.6  448323.20  25390.56  5.66
595.1  449028.80  25234.00  5.62
596.6  449814.40  25091.36  5.58
598.2  449908.25  24919.23  5.54
599.7  448254.45  24647.16  5.50
601.2  445975.60  24352.62  5.46
602.8  445197.20  24131.49  5.42
604.3  446775.50  24035.05  5.38
605.8  448300.80  23946.30  5.34
607.4  447897.60  23754.47  5.30
608.9  445297.50  23448.67  5.27
610.5  442531.65  23138.12  5.23
612.0  440116.95  22845.03  5.19
613.5  437017.00  22525.08  5.15
615.0  434157.85  22222.83  5.12
616.6  430482.40  21883.20  5.08
618.1  430617.60  21731.22  5.05
619.6  432896.00  21686.60  5.01
621.2  434257.60  21598.28  4.97
622.7  432652.80  21373.44  4.94
624.2  429840.90  21099.24  4.91
625.8  426346.70  20779.83  4.87
627.3  424331.75  20535.60  4.84
628.8  421879.85  20269.38  4.80
630.3  420114.20  20054.90  4.77
631.8  419039.40  19896.11  4.75
633.4  419901.90  19837.18  4.72
634.9  420885.65  19798.42  4.70
636.4  422183.50  19769.44  4.68
638.0  424172.40  19786.65  4.66
639.5  423990.00  19698.00  4.65
641.0  422653.00  19578.41  4.63
642.5  421833.30  19466.93  4.61
644.0  421271.00  19367.20  4.60
645.5  419966.70  19216.54  4.58
647.1  417949.60  19048.84  4.56
648.6  415557.40  18903.34  4.55
650.1  413649.00  18788.55  4.54
651.6  414124.35  18811.58  4.54
653.1  414772.35  18843.66  4.54
654.7  411343.00  18674.41  4.54
656.2  399313.35  18090.73  4.53
657.7  393034.40  17747.20  4.52
659.2  397868.25  17912.38  4.50
660.7  404394.75  18121.13  4.48
662.2  410293.00  18239.52  4.45
663.7  412939.35  18251.12  4.42
665.2  413511.70  18169.97  4.39
666.8  413564.10  18054.96  4.37
668.3  413205.00  17926.74  4.34
669.8  412697.45  17803.12  4.31
671.3  411507.10  17656.36  4.29
672.8  410731.70  17490.47  4.26
674.3  410028.30  17315.30  4.22
675.8  409807.50  17159.90  4.19
677.3  409311.00  17021.41  4.16
678.8  408740.20  16890.39  4.13
680.3  407730.80  16736.00  4.10
681.8  406469.35  16579.05  4.08
683.3  403859.50  16351.78  4.05
684.8  398711.80  16021.64  4.02
686.3  383302.40  15273.56  3.98
687.8  363636.00  14332.50  3.94
689.3  355746.30  13830.92  3.89
690.8  356316.00  13695.12  3.84
692.3  362143.95  13818.14  3.82
693.8  366840.20  13880.44  3.78
695.3  370058.00  13885.56  3.75
696.8  373954.80  13915.12  3.72
698.3  374640.00  13832.00  3.69
699.8  372790.35  13668.43  3.67
701.3  369652.60  13465.76  3.64
702.8  369124.30  13378.93  3.62
704.2  370628.20  13358.54  3.60
705.7  372412.80  13373.20  3.59
707.2  373027.55  13335.78  3.58
708.7  372892.20  13291.26  3.56
710.2  372813.75  13244.91  3.55
711.7  371771.50  13161.00  3.54
713.2  370054.40  13056.96  3.53
714.7  367146.90  12914.85  3.52
716.2  358738.40  12562.30  3.50
717.6  341766.00  11907.00  3.48
719.1  324278.60  11235.66  3.46
720.6  319654.40  11021.44  3.45
722.1  325528.50  11183.40  3.44
723.6  326176.10  11169.74  3.42
725.0  323415.90  11029.41  3.41
726.5  322317.75  10954.95  3.40
728.0  321583.50  10898.42  3.39
729.5  321201.20  10847.56  3.38
731.0  323594.90  10890.75  3.37
732.4  329250.90  11068.53  3.36
733.9  336409.50  11286.91  3.36
735.4  340749.75  11403.65  3.35
736.8  342456.00  11428.50  3.34
738.3  342666.25  11418.39  3.33
739.8  342053.25  11382.53  3.33
741.2  341043.75  11325.56  3.32
742.7  341348.00  11312.08  3.31
744.2  342980.40  11330.76  3.30
745.7  343709.25  11322.68  3.29
747.1  344170.50  11289.27  3.28
748.6  343636.95  11236.02  3.27
750.0  341884.05  11141.41  3.26
751.5  340082.60  11046.88  3.25
753.0  339140.50  10980.52  3.24
754.4  338644.00  10930.60  3.23
755.9  337437.50  10850.00  3.22
757.3  334480.25  10699.59  3.20
758.8  313030.70  9980.32  3.19
760.3  248454.00  7888.35  3.17
761.7  197728.40  6229.62  3.15
763.2  182622.00  5702.40  3.12
764.6  187945.20  5787.54  3.08
766.1  215913.60  6572.16  3.04
767.5  252198.45  7694.19  3.05
769.0  283042.00  8651.55  3.06
770.4  303107.25  9279.50  3.06
771.9  313880.00  9625.00  3.07
773.3  319082.50  9791.80  3.07
774.8  320677.50  9824.10  3.06
776.2  321445.80  9818.34  3.05
777.7  321274.80  9780.16  3.04
779.1  320346.00  9723.60  3.04
780.5  319586.80  9661.06  3.02
782.0  318949.25  9610.20  3.01
783.4  317644.80  9538.56  3.00
784.9  316490.40  9476.04  2.99
786.3  315515.20  9400.84  2.98
787.8  313650.80  9310.51  2.97
789.2  311090.85  9195.92  2.96
790.6  308179.80  9074.73  2.94
792.0  305461.10  8963.08  2.93
793.5  302445.00  8849.16  2.93
794.9  300910.95  8775.50  2.92
796.3  300833.40  8726.27  2.90
797.8  301491.30  8719.21  2.89
799.2  301384.50  8685.64  2.88
800.6  299990.00  8628.72  2.88
802.1  298690.50  8560.60  2.87
803.5  297422.40  8485.62  2.85
804.9  296392.20  8436.74  2.85
806.3  296182.50  8396.73  2.83
807.8  295764.95  8355.34  2.82
809.2  293752.35  8276.00  2.82
810.6  291604.50  8199.45  2.81
812.0  288699.80  8073.99  2.80
813.4  282306.25  7862.50  2.79
814.8  272069.90  7541.89  2.77
816.3  261241.20  7212.72  2.76
817.7  253562.40  6953.96  2.74
819.1  250484.60  6841.73  2.73
820.5  253638.00  6930.00  2.73
821.9  255705.65  6982.33  2.73
823.3  249918.90  6791.02  2.72
824.7  253153.10  6841.32  2.70
826.1  259705.60  7010.08  2.70
827.5  261396.75  7026.53  2.69
828.9  259590.00  6960.58  2.68
830.3  259275.50  6940.73  2.68
831.7  259315.80  6935.19  2.67
833.2  259314.45  6905.30  2.66
834.5  261283.40  6944.14  2.66
835.9  264699.50  7008.37  2.65
837.3  267917.00  7101.75  2.65
838.7  269928.75  7133.13  2.64
840.1  271410.20  7150.67  2.63
841.5  272043.40  7168.22  2.63
842.9  271750.35  7136.58  2.63
844.3  270894.00  7101.25  2.62
845.7  270909.20  7079.72  2.61
847.1  270973.10  7070.20  2.61
848.5  269447.50  7008.75  2.60
849.9  264166.70  6868.65  2.60
851.2  260881.50  6770.12  2.60
852.6  259764.30  6713.01  2.58
854.0  250950.70  6495.78  2.59
855.4  245494.70  6328.90  2.58
856.8  251457.15  6442.43  2.56
858.2  256958.40  6560.64  2.55
859.5  259673.00  6608.60  2.54
860.9  260172.00  6622.56  2.55
862.3  260600.60  6634.76  2.55
863.7  260740.85  6639.65  2.55
865.0  257358.00  6543.00  2.54
866.4  247246.30  6259.40  2.53
867.8  244249.50  6171.50  2.53
869.1  247197.00  6208.23  2.51
870.5  250335.45  6263.16  2.50
871.9  252256.50  6301.58  2.50
873.2  252453.00  6321.11  2.50
874.6  251388.90  6279.77  2.50
876.0  250549.40  6218.60  2.48
877.3  250280.80  6196.08  2.48
878.7  250131.20  6212.14  2.48
880.0  248382.60  6141.90  2.47
881.4  246788.25  6111.75  2.48
882.8  246961.65  6083.33  2.46
884.1  247173.75  6098.25  2.47
885.5  246643.95  6084.03  2.47
886.8  244701.60  6028.88  2.46
888.2  244092.80  5967.71  2.44
889.5  243959.10  5974.05  2.45
890.9  244012.00  5916.14  2.42
892.2  242009.70  5852.07  2.42
893.6  238410.50  5783.23  2.43
894.9  232457.40  5625.90  2.42
896.2  223330.00  5413.33  2.42
897.6  213528.00  5166.00  2.42
898.9  203592.00  4915.15  2.41
900.3  196211.60  4728.30  2.41
901.6  193431.00  4662.84  2.41
903.0  197403.40  4747.02  2.40
904.3  207151.95  4962.20  2.40
905.6  211882.45  5051.15  2.38
907.0  207977.25  4963.40  2.39
908.3  199764.50  4761.51  2.38
909.6  194492.45  4605.67  2.37
911.0  193465.60  4583.56  2.37
912.3  193970.00  4592.53  2.37
913.6  191929.20  4538.09  2.36
914.9  190286.80  4485.96  2.36
916.2  189125.30  4423.81  2.34
917.6  189266.10  4453.32  2.35
918.9  192549.65  4516.22  2.35
920.2  198325.40  4671.94  2.36
921.5  200390.40  4704.00  2.35
922.9  199704.00  4706.40  2.36
924.2  198045.70  4709.23  2.38
925.5  197004.50  4646.95  2.36
926.8  196662.40  4584.36  2.33
928.1  190321.80  4420.60  2.32
929.4  177356.85  4082.30  2.30
930.7  159767.20  3705.76  2.32
932.0  138477.20  3247.79  2.35
933.4  117497.80  2809.73  2.39
934.7  103707.90  2536.74  2.45
936.0  98984.25  2427.20  2.45
937.3  97430.30  2310.60  2.37
938.6  105500.30  2491.52  2.36
939.9  121044.00  2751.00  2.27
941.2  128156.00  2905.40  2.27
942.5  126858.90  2958.69  2.33
943.8  119987.50  2854.88  2.38
945.1  115326.60  2735.85  2.37
946.4  114543.20  2735.36  2.39
947.7  117126.00  2689.56  2.30
949.0  119619.40  2780.82  2.32
950.2  121095.00  2780.70  2.30
951.5  123535.35  2871.86  2.32
952.8  123184.60  2871.22  2.33
954.1  125259.40  2872.49  2.29
955.4  124540.00  2874.00  2.31
956.7  126542.00  2920.20  2.31
958.0  130521.60  3065.28  2.35
959.3  130858.00  3070.13  2.35
960.5  134603.40  3121.98  2.32
961.8  139000.20  3227.72  2.32
963.1  142596.90  3286.62  2.30
964.4  146109.65  3342.73  2.29
965.7  148657.05  3455.87  2.32
966.9  153628.75  3519.50  2.29
968.2  163346.05  3699.48  2.26
969.5  170864.00  3938.56  2.31
970.8  175820.00  4012.00  2.28
972.0  177486.75  4031.06  2.27
973.3  174319.20  3989.70  2.29
974.6  170258.40  3943.49  2.32
975.8  167807.15  3892.11  2.32
977.1  169156.00  3903.60  2.31
978.4  170558.05  3915.54  2.30
979.6  171869.10  3856.91  2.24
980.9  174759.75  3937.28  2.25
982.2  178301.75  4017.08  2.25
983.4  180544.30  4100.01  2.27
984.7  182716.20  4109.28  2.25
985.9  184413.90  4273.01  2.32
987.2  186186.60  4290.72  2.30
988.5  186270.70  4304.58  2.31
989.7  187363.80  4403.85  2.35
991.0  187459.40  4338.58  2.31
992.2  187544.00  4353.70  2.32
993.5  187639.20  4369.68  2.33
994.7  187517.50  4293.63  2.29
996.0  187399.85  4303.92  2.30
997.2  187741.20  4325.41  2.30
998.5  187159.50  4348.15  2.32
999.7  186307.20  4269.54  2.29
1001.0  186139.80  4280.22  2.30
1002.2  184194.65  4375.90  2.38
1003.4  182991.45  4342.17  2.37
1004.7  179738.35  4259.70  2.37
1005.9  176766.00  4159.20  2.35
1007.2  177215.85  4041.77  2.28
1008.4  176936.40  4114.80  2.33
1009.6  177376.90  4101.20  2.31
1010.9  177575.70  4082.20  2.30
1012.1  176209.15  4176.06  2.37
1013.3  176356.20  4281.48  2.43
1014.6  175715.20  4188.56  2.38
1015.8  175548.60  4106.40  2.34
1017.1  174593.90  4029.09  2.31
1018.3  175148.40  4065.95  2.32
1019.5  175412.20  4015.46  2.29
1020.8  174858.25  4076.45  2.33
1022.0  173461.05  4036.52  2.33
1023.2  173643.60  4118.47  2.37
1024.4  173830.95  4090.14  2.35
1025.7  174037.50  4176.90  2.40
1026.9  174812.40  4162.20  2.38
1028.1  174409.95  4146.81  2.38
1029.3  174951.00  3998.88  2.29
1030.6  174284.00  3972.65  2.28
1031.8  174259.80  3960.45  2.27
1033.0  173593.60  4068.60  2.34
1034.2  174281.25  4043.33  2.32
1035.4  173580.55  4447.11  2.56
1036.7  173967.40  4422.90  2.54
1037.9  174380.25  4397.42  2.52
1039.1  172888.05  4049.63  2.34
1040.3  174874.15  4010.88  2.29
1041.5  174481.30  4115.13  2.36
1042.7  174075.15  4225.13  2.43
1043.9  175391.55  4167.72  2.38
1045.2  174577.20  4097.22  2.35
1046.4  173726.50  3840.27  2.21
1047.6  174272.70  3935.19  2.26
1048.8  172926.00  4227.08  2.44
1050.0  173492.00  4337.30  2.50
1051.2  174059.70  4452.69  2.56
1052.4  174178.20  4147.10  2.38
1053.6  173811.30  4451.27  2.56
1054.8  173944.00  4131.17  2.38
1056.0  174088.20  4017.42  2.31
1057.2  173169.80  4329.25  2.50
1058.4  172220.20  3956.41  2.30
1059.7  171784.80  4056.03  2.36
1060.9  170747.50  3902.80  2.29
1062.1  170238.00  4005.60  2.35
1063.3  169705.80  4114.08  2.42
1064.5  171795.00  3964.50  2.31
1065.7  170663.85  4063.43  2.38
1066.9  171609.80  4151.85  2.42
1068.1  170433.00  4260.83  2.50
1069.3  168530.60  4067.98  2.41
1070.5  166527.20  3865.81  2.32
1071.7  170497.60  3957.98  2.32
1072.9  168431.40  4054.83  2.41
1074.1  167744.20  4516.19  2.69
1075.3  168570.00  4719.96  2.80
1076.5  167858.85  4607.89  2.75
