/*** Spectra Vista SIG Data ***/
name= 230503_1822_R906_T907.sig
instrument= HK: 9202056 (HR-512i)
integration= 10.0, 0.0, 0.0, 10.0, 0.0, 0.0
scan method= Time-based, Time-based
scan coadds= 300, 0, 0, 300, 0, 0
scan time= 3, 3
scan settings= AI, AI
external data set1= 0,0,0,0,0,0,0,0,0,0,0,0,0,0,0,0,0,0,0,0,0,0,0,0,0,0,0,0,0,0,0,0
external data set2= 0,0,0,0,0,0,0,0,0,0,0,0,0,0,0,0,0,0,0,0,0,0,0,0,0,0,0,0,0,0,0,0
external data dark= 0,0,0,0,0,0,0,0,0,0,0,0,0,0,0,0
external data mask= 0
optic= LENS 4(1), LENS 4(1)
temp= 21.2, 0.0, 0.0, 22.2, 0.0, 0.0
battery= 8.28, 8.31
error= 0, 0
units= Radiance, Radiance
time= 5/3/2023 6:22:26 PM, 5/3/2023 6:22:49 PM
longitude= 07757.5909W     , 07757.6010W     
latitude= 3409.6846N      , 3409.6964N      
gpstime= 193119.000      , 193142.000      
comm= 
memory slot= 906, 907
factors= 1.000, 1.000, 1.000 [Overlap: Preserve, Matching Type: None]
inclinometer x offset= 3, 2
inclinometer y offset= -11, -16
data= 
339.7  56652.75  30574.50  53.97
341.4  61525.20  33195.80  53.95
343.0  64582.60  34788.05  53.87
344.7  66343.50  35735.75  53.86
346.4  69966.70  37662.60  53.83
348.0  73819.10  39556.45  53.59
349.7  77781.60  41558.40  53.43
351.3  84387.90  45061.50  53.40
353.0  89311.60  47730.90  53.44
354.6  96013.80  51129.30  53.25
356.2  96812.10  51328.20  53.02
357.9  91182.00  48221.25  52.88
359.5  91977.20  48751.60  53.00
361.2  99307.60  52589.00  52.96
362.8  105049.00  55456.10  52.79
364.5  112248.75  59218.80  52.76
366.1  122755.60  64652.90  52.67
367.7  130730.40  68621.40  52.49
369.4  132717.20  69581.05  52.43
371.0  134507.10  70388.50  52.33
372.6  131997.75  68883.75  52.19
374.3  125856.50  65613.50  52.13
375.9  127824.40  66785.95  52.25
377.5  139775.35  72980.05  52.21
379.1  149070.90  77600.05  52.06
380.8  146832.00  75969.60  51.74
382.4  137137.50  70794.00  51.62
384.0  123631.20  63922.95  51.70
385.6  128560.40  66610.60  51.81
387.3  136656.00  70761.60  51.78
388.9  143840.00  74437.20  51.75
390.5  155861.75  80478.20  51.63
392.1  162920.25  83749.50  51.41
393.8  148320.00  76160.00  51.35
395.4  149927.40  77109.90  51.43
397.0  158798.90  81749.85  51.48
398.6  178772.90  92163.30  51.55
400.2  219117.40  112692.80  51.43
401.8  246568.00  126327.25  51.23
403.4  261037.00  133322.00  51.07
405.0  263460.00  134340.00  50.99
406.6  262242.75  133633.50  50.96
408.3  264894.00  134895.60  50.92
409.9  271216.00  138073.60  50.91
411.5  275931.00  140397.75  50.88
413.1  286550.00  145600.00  50.81
414.7  291780.30  148039.50  50.74
416.3  295506.75  149740.25  50.67
417.9  295627.80  149625.90  50.61
419.5  293629.95  148551.00  50.59
421.1  296218.80  149757.20  50.56
422.7  298535.60  150730.80  50.49
424.3  296934.00  149775.80  50.44
425.9  297069.85  149679.20  50.39
427.5  293327.00  147611.50  50.32
429.1  285191.90  143297.05  50.25
430.7  268269.45  134770.80  50.24
432.3  272323.35  136909.50  50.27
433.9  292686.80  147144.55  50.27
435.5  306416.65  153874.20  50.22
437.1  322658.00  161766.00  50.14
438.7  323615.25  161978.85  50.05
440.3  324770.95  162442.70  50.02
441.9  336332.25  168147.00  49.99
443.5  350471.75  175024.40  49.94
445.0  359057.50  179102.50  49.88
446.6  361446.80  180137.65  49.84
448.2  369653.90  184197.35  49.83
449.8  380005.60  189209.80  49.79
451.4  390631.10  194276.85  49.73
453.0  389294.40  193362.40  49.67
454.6  384333.75  190734.45  49.63
456.2  386337.95  191692.55  49.62
457.8  390820.90  193747.90  49.57
459.3  391500.15  193900.50  49.53
460.9  393243.40  194627.40  49.49
462.5  398738.40  197227.20  49.46
464.1  399472.80  197390.40  49.41
465.7  396127.20  195595.20  49.38
467.2  392748.50  193807.00  49.35
468.8  391418.85  193087.50  49.33
470.4  390339.00  192415.50  49.29
472.0  392444.10  193357.20  49.27
473.6  397284.25  195610.80  49.24
475.1  400538.70  197073.35  49.20
476.7  401406.70  197348.70  49.16
478.3  404599.20  198788.55  49.13
479.9  407943.00  200330.55  49.11
481.5  410550.60  201502.00  49.08
483.0  410192.45  201134.60  49.03
484.6  402624.00  197222.40  48.98
486.2  384437.55  188232.10  48.96
487.8  374749.20  183594.60  48.99
489.3  382350.00  187275.00  48.98
490.9  390934.80  191282.40  48.93
492.5  392268.25  191730.55  48.88
494.0  395514.00  193231.00  48.86
495.6  399470.05  195066.55  48.83
497.2  400848.60  195540.25  48.78
498.8  396773.20  193430.45  48.75
500.3  390756.70  190329.50  48.71
501.9  383634.25  186765.25  48.68
503.5  382278.00  186035.20  48.66
505.0  384158.65  186826.70  48.63
506.6  387465.75  188361.90  48.61
508.2  386110.80  187563.60  48.58
509.7  385348.95  187099.20  48.55
511.3  385067.75  186807.55  48.51
512.9  381573.45  184995.90  48.48
514.4  374814.50  181627.50  48.46
516.0  366570.00  177600.00  48.45
517.5  355197.15  171975.60  48.42
519.1  354929.90  171843.75  48.42
520.7  362824.00  175529.20  48.38
522.2  367311.50  177571.00  48.34
523.8  372349.55  179969.45  48.33
525.4  374627.75  180953.95  48.30
526.9  370029.70  178700.70  48.29
528.5  373078.65  180213.75  48.30
530.0  379469.25  183331.35  48.31
531.6  382178.80  184543.20  48.29
533.2  380081.30  183538.00  48.29
534.7  382256.00  184604.00  48.29
536.3  383111.80  185036.80  48.30
537.8  381597.65  184259.60  48.29
539.4  378589.20  182739.60  48.27
541.0  375166.80  181056.00  48.26
542.5  375525.60  181221.60  48.26
544.1  378437.40  182626.10  48.26
545.6  379980.75  183344.25  48.25
547.2  379790.45  183197.30  48.24
548.7  380072.00  183316.00  48.23
550.3  380925.80  183706.90  48.23
551.8  381534.30  183963.15  48.22
553.4  382868.20  184555.80  48.20
554.9  384745.70  185393.50  48.19
556.5  383483.60  184690.00  48.16
558.0  380225.50  183047.50  48.14
559.6  377081.25  181504.75  48.13
561.1  379080.75  182463.60  48.13
562.7  381590.55  183587.15  48.11
564.2  384483.55  184884.05  48.09
565.8  384022.00  184569.20  48.06
567.3  383784.35  184328.45  48.03
568.9  383393.70  183950.10  47.98
570.4  381480.30  182822.40  47.92
572.0  382068.75  182962.50  47.89
573.5  385162.05  184283.40  47.85
575.1  386232.00  184619.20  47.80
576.6  385733.50  184250.50  47.77
578.2  384504.25  183562.85  47.74
579.7  384360.15  183464.95  47.73
581.2  386666.30  184547.40  47.73
582.8  390325.95  186246.90  47.72
584.3  391604.50  186785.25  47.70
585.9  390047.10  185891.10  47.66
587.4  386143.20  183934.80  47.63
588.9  377018.00  179371.75  47.58
590.5  371051.00  176489.20  47.56
592.0  372097.80  176983.95  47.56
593.6  374030.80  177855.60  47.55
595.1  374827.20  178138.40  47.53
596.6  375888.80  178639.20  47.52
598.2  376516.25  178927.75  47.52
599.7  375771.05  178509.65  47.50
601.2  374462.55  177810.50  47.48
602.8  374325.00  177715.25  47.48
604.3  375944.80  178494.80  47.48
605.8  377529.80  179153.80  47.45
607.4  377439.75  179042.40  47.44
608.9  375552.55  178045.70  47.41
610.5  373474.75  176990.55  47.39
612.0  371685.60  176098.65  47.38
613.5  369333.75  174926.00  47.36
615.0  367122.35  173805.45  47.34
616.6  364193.60  172396.00  47.34
618.1  364505.40  172519.20  47.33
619.6  366586.00  173470.00  47.32
621.2  367904.20  174001.00  47.30
622.7  366681.60  173299.20  47.26
624.2  364437.90  172176.30  47.24
625.8  361456.00  170678.90  47.22
627.3  359569.25  169717.00  47.20
628.8  357215.60  168522.55  47.18
630.3  355794.70  167750.05  47.15
631.8  355083.30  167446.50  47.16
633.4  356206.40  167928.20  47.14
634.9  357381.30  168469.20  47.14
636.4  358918.00  169204.20  47.14
638.0  361038.60  170136.00  47.12
639.5  361158.00  170142.00  47.11
641.0  360313.80  169696.45  47.10
642.5  359790.20  169433.60  47.09
644.0  359437.00  169205.00  47.08
645.5  358220.90  168566.90  47.06
647.1  356124.80  167511.20  47.04
648.6  353614.50  166249.30  47.01
650.1  351920.25  165406.50  47.00
651.6  352408.00  165640.75  47.00
653.1  353203.50  165872.10  46.96
654.7  350625.40  164584.05  46.94
656.2  340547.90  159734.75  46.91
657.7  335544.80  157506.40  46.94
659.2  339931.80  159669.25  46.97
660.7  345996.50  162445.50  46.95
662.2  351466.70  164934.90  46.93
663.7  354024.15  166038.15  46.90
665.2  354779.50  166359.20  46.89
666.8  355090.65  166431.95  46.87
668.3  355014.00  166308.90  46.85
669.8  354740.65  166185.25  46.85
671.3  353912.80  165761.60  46.84
672.8  353468.60  165459.70  46.81
674.3  353092.40  165169.00  46.78
675.8  352995.00  165135.00  46.78
677.3  352743.30  165001.90  46.78
678.8  352335.50  164819.60  46.78
680.3  351612.90  164483.50  46.78
681.8  350659.75  164046.40  46.78
683.3  348535.55  163037.60  46.78
684.8  344104.80  160862.00  46.75
686.3  329969.60  154090.60  46.70
687.8  311766.00  145454.40  46.65
689.3  304423.00  142100.70  46.68
690.8  304869.60  142471.20  46.73
692.3  309799.15  144835.40  46.75
693.8  313312.50  146491.00  46.76
695.3  316058.60  147743.70  46.75
696.8  320171.40  149660.60  46.74
698.3  321328.00  150136.00  46.72
699.8  319669.25  149271.40  46.70
701.3  316970.00  147937.55  46.67
702.8  316809.60  147855.30  46.67
704.2  318603.60  148649.40  46.66
705.7  320635.20  149597.60  46.66
707.2  321715.55  150087.60  46.65
708.7  322108.80  150267.60  46.65
710.2  322463.85  150408.30  46.64
711.7  321909.50  150121.00  46.63
713.2  320635.20  149544.00  46.64
714.7  317796.60  148158.30  46.62
716.2  309027.20  143861.20  46.55
717.6  291276.00  135324.00  46.46
719.1  273547.40  126936.40  46.40
720.6  269062.40  124956.80  46.44
722.1  275443.00  128020.50  46.48
723.6  276180.30  128326.20  46.46
725.0  273182.40  126873.90  46.44
726.5  271947.00  126284.70  46.44
728.0  271325.70  125976.60  46.43
729.5  271494.80  126045.20  46.43
731.0  274000.10  127282.15  46.45
732.4  280331.70  130264.20  46.47
733.9  288342.95  134113.00  46.51
735.4  293447.00  136469.85  46.51
736.8  295773.00  137598.00  46.52
738.3  296728.90  138041.45  46.52
739.8  296950.50  138195.75  46.54
741.2  296809.65  138100.95  46.53
742.7  297664.80  138524.80  46.54
744.2  299527.20  139356.00  46.53
745.7  300397.50  139830.00  46.55
747.1  301067.10  140115.90  46.54
748.6  300750.00  139908.90  46.52
750.0  299368.40  139191.75  46.50
751.5  297923.60  138452.60  46.47
753.0  297040.30  138118.20  46.50
754.4  296732.00  137950.00  46.49
755.9  295687.50  137437.50  46.48
757.3  293119.45  136124.95  46.44
758.8  273313.10  126599.85  46.32
760.3  214075.50  98620.50  46.07
761.7  167168.00  76858.10  45.98
763.2  152196.00  70092.00  46.05
764.6  156643.20  72261.00  46.13
766.1  182448.00  84537.60  46.34
767.5  216305.80  100418.00  46.42
769.0  245298.50  113915.50  46.44
770.4  264327.25  122711.00  46.42
771.9  274680.00  127470.00  46.41
773.3  279816.25  129826.25  46.40
774.8  281567.00  130559.00  46.37
776.2  282403.80  130935.30  46.36
777.7  282359.00  130938.50  46.37
779.1  281644.00  130536.00  46.35
780.5  281062.50  130188.15  46.32
782.0  280493.30  129855.20  46.30
783.4  279321.60  129331.20  46.30
784.9  278290.60  128914.60  46.32
786.3  277218.40  128365.20  46.30
787.8  275322.80  127360.75  46.26
789.2  272558.65  126039.15  46.24
790.6  269616.30  124633.95  46.23
792.0  267059.80  123450.60  46.23
793.5  264713.40  122247.00  46.18
794.9  263608.65  121791.15  46.20
796.3  263360.25  121678.55  46.20
797.8  263882.50  121873.80  46.18
799.2  263902.90  121905.30  46.19
800.6  262525.60  121186.80  46.16
802.1  261191.35  120592.80  46.17
803.5  260055.40  120047.40  46.16
804.9  259355.20  119672.80  46.14
806.3  259624.00  119841.50  46.16
807.8  259502.20  119716.75  46.13
809.2  257677.50  118834.80  46.12
810.6  255333.75  117648.75  46.08
812.0  251933.40  116043.95  46.06
813.4  244800.00  112625.00  46.01
814.8  233820.20  107509.75  45.98
816.3  222648.75  102363.45  45.98
817.7  215326.80  98831.20  45.90
819.1  212980.10  97739.00  45.89
820.5  216793.50  99561.00  45.92
821.9  219092.45  100568.95  45.90
823.3  213278.45  97867.00  45.89
824.7  216641.80  99466.00  45.91
826.1  223361.60  102748.80  46.00
827.5  225199.50  103456.50  45.94
828.9  223451.00  102563.50  45.90
830.3  223344.00  102495.25  45.89
831.7  223787.70  102782.40  45.93
833.2  224189.25  102980.70  45.93
834.5  226562.70  104027.00  45.92
835.9  230274.85  105879.80  45.98
837.3  233800.75  107361.75  45.92
838.7  236028.75  108480.00  45.96
840.1  237734.70  109337.90  45.99
841.5  238746.80  109631.60  45.92
842.9  238721.55  109702.80  45.95
844.3  238303.00  109583.50  45.98
845.7  238618.40  109606.80  45.93
847.1  238849.80  109588.10  45.88
848.5  237674.50  109180.75  45.94
849.9  232902.50  107056.20  45.97
851.2  230151.90  105793.05  45.97
852.6  229117.95  105235.35  45.93
854.0  221349.70  101630.10  45.91
855.4  216681.55  99596.90  45.96
856.8  221774.75  102033.25  46.01
858.2  226888.80  104218.50  45.93
859.5  229225.00  105357.00  45.96
860.9  229862.40  105645.60  45.96
862.3  230265.20  105730.40  45.92
863.7  230593.25  105696.05  45.84
865.0  227369.25  104324.50  45.88
866.4  218710.80  100334.50  45.88
867.8  215909.10  99191.40  45.94
869.1  218892.00  100388.40  45.86
870.5  221502.00  101585.40  45.86
871.9  223068.20  102255.70  45.84
873.2  223293.70  102351.10  45.84
874.6  222466.30  101823.40  45.77
876.0  221663.00  101503.60  45.79
877.3  221433.50  101371.85  45.78
878.7  221127.50  101204.40  45.77
880.0  219859.20  100560.60  45.74
881.4  218337.00  99895.50  45.75
882.8  218572.80  99894.60  45.70
884.1  218628.75  100123.75  45.80
885.5  217974.60  99795.60  45.78
886.8  216108.75  98855.90  45.74
888.2  215600.35  98489.65  45.68
889.5  215792.50  98583.10  45.68
890.9  215467.20  98525.60  45.73
892.2  213332.25  97689.85  45.79
893.6  209376.35  95600.25  45.66
894.9  203011.20  92408.40  45.52
896.2  192986.25  87875.50  45.53
897.6  183270.00  83394.00  45.50
898.9  173402.50  78842.00  45.47
900.3  166375.30  75602.15  45.44
901.6  163968.00  74554.20  45.47
903.0  167831.80  76523.00  45.60
904.3  177746.35  80865.40  45.49
905.6  182638.95  83211.05  45.56
907.0  178304.75  80925.00  45.39
908.3  170210.30  77442.95  45.50
909.6  164805.30  74634.05  45.29
911.0  163658.40  74236.80  45.36
912.3  163733.50  74450.25  45.47
913.6  161289.90  73129.65  45.34
914.9  159794.00  72420.40  45.32
916.2  158544.60  71849.80  45.32
917.6  158875.20  72216.00  45.45
918.9  162644.95  73846.30  45.40
920.2  169241.80  77040.60  45.52
921.5  171852.80  78400.00  45.62
922.9  171720.00  78228.00  45.56
924.2  169983.85  77089.45  45.35
925.5  168861.00  76576.50  45.35
926.8  168093.20  76406.00  45.45
928.1  160963.65  72889.20  45.28
929.4  147854.55  66894.75  45.24
930.7  130400.80  59082.40  45.31
932.0  110639.00  50322.90  45.48
933.4  91589.90  41233.70  45.02
934.7  79459.65  35812.80  45.07
936.0  75091.50  33753.25  44.95
937.3  73169.00  32733.50  44.74
938.6  80974.40  36594.20  45.19
939.9  94713.00  42837.00  45.23
941.2  101092.00  45770.00  45.28
942.5  100109.10  44988.30  44.94
943.8  94335.00  42616.25  45.18
945.1  90072.60  40406.40  44.86
946.4  89326.60  40175.60  44.98
947.7  91098.00  41211.00  45.24
949.0  93135.40  41933.00  45.02
950.2  95530.50  43056.00  45.07
951.5  97096.05  43761.60  45.07
952.8  96787.90  43531.40  44.98
954.1  98889.00  44735.50  45.24
955.4  99153.00  44547.00  44.93
956.7  101233.60  45749.80  45.19
958.0  104812.80  47462.40  45.28
959.3  104686.40  47310.20  45.19
960.5  107989.80  48621.00  45.02
961.8  111929.00  50498.20  45.12
963.1  116091.90  52479.90  45.21
964.4  119691.30  54454.15  45.50
965.7  122326.65  54855.00  44.84
966.9  127372.20  57540.95  45.18
968.2  137165.15  62037.35  45.23
969.5  145379.20  65449.60  45.02
970.8  150450.00  67850.00  45.10
972.0  152217.45  69189.75  45.45
973.3  149153.40  67518.00  45.27
974.6  145220.40  65098.80  44.83
975.8  142285.15  63805.00  44.84
977.1  143782.60  65060.00  45.25
978.4  146003.00  65701.35  45.00
979.6  146833.05  66988.35  45.62
980.9  149892.75  68384.25  45.62
982.2  154340.25  69770.25  45.21
983.4  156807.40  71210.70  45.41
984.7  159234.60  71912.40  45.16
985.9  160425.10  73465.70  45.79
987.2  163200.60  73555.20  45.07
988.5  164356.50  73569.10  44.76
989.7  164143.50  73664.40  44.88
991.0  165357.20  74492.60  45.05
992.2  164938.25  75352.50  45.69
993.5  165362.40  75398.40  45.60
994.7  165611.25  75357.50  45.50
996.0  164983.60  75318.60  45.65
997.2  165654.00  75464.60  45.56
998.5  164473.50  74674.75  45.40
999.7  164959.50  74716.95  45.29
1001.0  164241.00  74655.00  45.45
1002.2  163841.65  74288.45  45.34
1003.4  161280.60  73403.35  45.51
1004.7  158959.35  71687.55  45.10
1005.9  155970.00  70706.40  45.33
1007.2  156488.85  71508.15  45.70
1008.4  156362.40  70980.30  45.39
1009.6  156870.90  70745.70  45.10
1010.9  156144.15  70417.95  45.10
1012.1  156856.70  71298.50  45.45
1013.3  155968.20  70338.60  45.10
1014.6  155283.20  70490.40  45.39
1015.8  155016.60  70835.40  45.70
1017.1  153931.90  70250.80  45.64
1018.3  155339.95  69850.85  44.97
1019.5  155334.90  69742.20  44.90
1020.8  154476.00  69728.75  45.14
1022.0  153823.95  69820.80  45.39
1023.2  153607.80  70125.30  45.65
1024.4  153380.25  70441.30  45.93
1025.7  153153.00  69615.00  45.45
1026.9  153406.80  71352.00  46.51
1028.1  154895.55  70739.70  45.67
1029.3  153706.95  69980.40  45.53
1030.6  153780.00  69201.00  45.00
1031.8  154457.55  69967.95  45.30
1033.0  153250.60  70522.40  46.02
1034.2  153367.50  69712.50  45.45
1035.4  153496.85  68858.40  44.86
1036.7  153327.20  69292.10  45.19
1037.9  153151.35  69752.10  45.54
1039.1  154197.45  70089.75  45.45
1040.3  154017.60  70591.40  45.83
1041.5  153082.65  69134.10  45.16
1042.7  153794.55  70982.10  46.15
1043.9  154552.95  71198.55  46.07
1045.2  153200.40  69474.60  45.35
1046.4  153610.80  69490.60  45.24
1047.6  153659.80  69334.30  45.12
1048.8  153712.00  69170.40  45.00
1050.0  153777.00  69002.50  44.87
1051.2  153820.20  68814.30  44.74
1052.4  153442.70  70500.70  45.95
1053.6  152614.80  69948.45  45.83
1054.8  154375.30  71751.90  46.48
1056.0  154001.10  69188.90  44.93
1057.2  152662.85  68356.50  44.78
1058.4  151274.50  67491.70  44.62
1059.7  152697.60  69191.10  45.31
1060.9  151233.50  68299.00  45.16
1062.1  150210.00  67594.50  45.00
1063.3  149135.40  66853.80  44.83
1064.5  150651.00  71361.00  47.37
1065.7  148992.25  70432.70  47.27
1066.9  149466.60  69197.50  46.30
1068.1  150549.15  68173.20  45.28
1069.3  148190.70  69736.80  47.06
1070.5  148685.00  68395.10  46.00
1071.7  146140.80  66981.20  45.83
1072.9  149716.80  68620.20  45.83
1074.1  148389.10  67742.85  45.65
1075.3  151713.00  67428.00  44.44
1076.5  148110.75  65827.00  44.44
