/*** Spectra Vista SIG Data ***/
name= 230505_1718_R963_T965.sig
instrument= HK: 9202056 (HR-512i)
integration= 20.0, 0.0, 0.0, 200.0, 0.0, 0.0
scan method= Time-based, Time-based
scan coadds= 250, 0, 0, 25, 0, 0
scan time= 5, 5
scan settings= AI, AI
external data set1= 0,0,0,0,0,0,0,0,0,0,0,0,0,0,0,0,0,0,0,0,0,0,0,0,0,0,0,0,0,0,0,0
external data set2= 0,0,0,0,0,0,0,0,0,0,0,0,0,0,0,0,0,0,0,0,0,0,0,0,0,0,0,0,0,0,0,0
external data dark= 0,0,0,0,0,0,0,0,0,0,0,0,0,0,0,0
external data mask= 0
optic= LENS 4(1), LENS 4(1)
temp= 27.7, 0.0, 0.0, 27.7, 0.0, 0.0
battery= 8.25, 8.24
error= 0, 0
units= Radiance, Radiance
time= 5/5/2023 5:17:42 PM, 5/5/2023 5:18:38 PM
longitude= 07749.1536W     , 07749.2924W     
latitude= 3411.4076N      , 3411.4662N      
gpstime= 182541.000      , 182636.000      
comm= 
memory slot= 963, 965
factors= 1.000, 1.000, 1.000 [Overlap: Preserve, Matching Type: None]
inclinometer x offset= 3, 6
inclinometer y offset= -14, 10
data= 
339.7  33272.25  3713.90  11.16
341.4  35976.60  3971.33  11.04
343.0  37700.93  4127.96  10.95
344.7  38540.13  4198.55  10.89
346.4  40265.30  4386.32  10.89
348.0  42203.35  4558.55  10.80
349.7  44155.80  4752.54  10.76
351.3  47655.95  5079.66  10.66
353.0  50204.35  5314.58  10.59
354.6  53471.10  5613.82  10.50
356.2  53932.73  5533.03  10.26
357.9  50851.50  5103.94  10.04
359.5  50470.80  5096.20  10.10
361.2  53934.30  5399.55  10.01
362.8  56860.83  5631.12  9.90
364.5  60553.65  5958.29  9.84
366.1  65744.60  6465.29  9.83
367.7  69767.10  6783.75  9.72
369.4  70834.23  6832.79  9.65
371.0  71453.20  6879.15  9.63
372.6  70061.25  6688.20  9.55
374.3  66839.38  6357.04  9.51
375.9  67130.80  6483.18  9.66
377.5  72530.25  7073.11  9.75
379.1  77271.70  7469.96  9.67
380.8  76395.20  7283.08  9.53
382.4  71622.00  6753.38  9.43
384.0  64675.58  6106.30  9.44
385.6  66270.75  6398.89  9.66
387.3  70293.60  6786.00  9.65
388.9  74212.45  7111.09  9.58
390.5  80219.15  7672.20  9.56
392.1  84124.13  7933.73  9.43
393.8  77800.00  7172.00  9.22
395.4  78297.98  7297.08  9.32
397.0  82998.50  7701.23  9.28
398.6  93745.05  8699.63  9.28
400.2  114512.60  10544.73  9.21
401.8  129726.63  11710.04  9.03
403.4  138181.40  12238.84  8.86
405.0  140130.00  12222.00  8.72
406.6  139812.75  12052.43  8.62
408.3  141295.35  12089.96  8.56
409.9  144452.00  12263.68  8.49
411.5  146995.88  12391.54  8.43
413.1  152250.00  12777.50  8.39
414.7  154849.80  12932.33  8.35
416.3  156589.13  13047.93  8.33
417.9  156330.30  13012.43  8.32
419.5  155033.63  12910.31  8.33
421.1  155920.40  13026.18  8.35
422.7  156708.20  13104.30  8.36
424.3  155685.85  13032.79  8.37
425.9  155360.43  13034.70  8.39
427.5  153121.75  12859.23  8.40
429.1  148613.73  12475.69  8.39
430.7  139955.78  11734.62  8.38
432.3  141396.45  11999.72  8.49
433.9  151054.93  12871.81  8.52
435.5  158135.80  13452.58  8.51
437.1  166041.00  14124.60  8.51
438.7  166582.90  14122.26  8.48
440.3  166963.48  14197.52  8.50
441.9  172297.13  14722.43  8.54
443.5  179061.65  15316.56  8.55
445.0  183248.75  15643.38  8.54
446.6  184335.53  15739.10  8.54
448.2  188014.30  16125.63  8.58
449.8  192857.60  16595.51  8.61
451.4  197892.33  17074.63  8.63
453.0  197176.65  17013.56  8.63
454.6  194487.00  16848.14  8.66
456.2  194989.23  16995.07  8.72
457.8  196809.43  17233.75  8.76
459.3  196989.90  17298.61  8.78
460.9  197537.45  17433.85  8.83
462.5  199858.80  17727.60  8.87
464.1  199940.40  17790.84  8.90
465.7  198104.40  17690.88  8.93
467.2  196089.00  17595.85  8.97
468.8  195079.35  17589.26  9.02
470.4  194238.00  17579.03  9.05
472.0  194951.03  17723.74  9.09
473.6  196915.68  17973.15  9.13
475.1  198211.93  18137.30  9.15
476.7  198400.75  18192.53  9.17
478.3  199695.90  18389.62  9.21
479.9  201093.98  18613.87  9.26
481.5  202241.10  18819.82  9.31
483.0  201907.60  18872.80  9.35
484.6  198086.40  18570.24  9.37
486.2  189224.00  17772.18  9.39
487.8  184180.50  17446.59  9.47
489.3  187237.50  17880.00  9.55
490.9  191170.80  18313.56  9.58
492.5  191896.38  18417.63  9.60
494.0  193267.50  18640.55  9.64
495.6  194886.30  18877.58  9.69
497.2  195397.65  18992.54  9.72
498.8  193342.58  18850.95  9.75
500.3  190277.45  18623.49  9.79
501.9  186696.75  18342.59  9.82
503.5  185680.30  18324.67  9.87
505.0  186293.10  18465.90  9.91
506.6  187704.90  18688.37  9.96
508.2  187045.20  18683.46  9.99
509.7  186540.08  18721.10  10.04
511.3  186318.53  18775.41  10.08
512.9  184623.30  18653.29  10.10
514.4  181337.75  18388.45  10.14
516.0  177090.00  18051.00  10.19
517.5  171568.58  17575.94  10.24
519.1  171171.65  17671.65  10.32
520.7  174867.00  18133.50  10.37
522.2  177174.50  18406.75  10.39
523.8  179563.78  18727.16  10.43
525.4  180568.50  18888.53  10.46
526.9  178480.95  18728.56  10.49
528.5  179707.13  18979.62  10.56
530.0  182643.75  19365.97  10.60
531.6  183961.00  19544.88  10.62
533.2  183031.30  19495.28  10.65
534.7  183904.00  19681.20  10.70
536.3  184188.90  19772.75  10.74
537.8  183430.10  19742.10  10.76
539.4  181897.80  19615.32  10.78
541.0  180214.20  19478.70  10.81
542.5  180186.60  19535.28  10.84
544.1  181462.70  19722.40  10.87
545.6  182137.13  19825.99  10.89
547.2  182027.60  19838.95  10.90
548.7  182126.00  19892.60  10.92
550.3  182454.23  19972.43  10.95
551.8  182687.40  20036.36  10.97
553.4  183240.20  20141.55  10.99
554.9  184020.75  20276.24  11.02
556.5  183434.40  20232.68  11.03
558.0  181852.75  20096.88  11.05
559.6  180270.13  19975.64  11.08
561.1  181021.20  20116.97  11.11
562.7  182069.65  20266.21  11.13
564.2  183279.85  20419.62  11.14
565.8  183077.70  20384.88  11.13
567.3  182897.48  20338.72  11.12
568.9  182557.25  20241.71  11.09
570.4  181564.88  20075.38  11.06
572.0  181717.13  20058.23  11.04
573.5  182943.60  20145.72  11.01
575.1  183372.80  20114.16  10.97
576.6  183045.75  20009.53  10.93
578.2  182382.83  19867.33  10.89
579.7  182230.95  19796.45  10.86
581.2  183194.55  19848.02  10.83
582.8  184878.83  19945.59  10.79
584.3  185451.75  19875.50  10.72
585.9  184639.20  19617.92  10.63
587.4  182525.40  19175.94  10.51
588.9  177898.00  18392.40  10.34
590.5  174602.50  17821.04  10.21
592.0  174675.90  17636.51  10.10
593.6  175489.60  17506.71  9.98
595.1  175904.85  17310.87  9.84
596.6  176489.20  17138.08  9.71
598.2  176964.38  16918.04  9.56
599.7  176844.78  16625.97  9.40
601.2  176378.83  16312.26  9.25
602.8  176431.85  16078.15  9.11
604.3  177202.40  15957.55  9.01
605.8  177977.30  15873.70  8.92
607.4  177930.68  15755.51  8.85
608.9  176982.85  15581.75  8.80
610.5  175921.90  15427.25  8.77
612.0  174968.63  15292.39  8.74
613.5  173771.25  15134.68  8.71
615.0  172663.23  14985.62  8.68
616.6  171249.20  14810.64  8.65
618.1  171234.00  14768.46  8.62
619.6  172083.00  14795.30  8.60
621.2  172664.00  14779.58  8.56
622.7  172089.60  14659.20  8.52
624.2  170995.95  14493.15  8.48
625.8  169510.40  14298.55  8.44
627.3  168441.38  14110.38  8.38
628.8  167197.63  13903.80  8.32
630.3  166431.70  13784.75  8.28
631.8  166076.30  13722.15  8.26
633.4  166564.75  13752.53  8.26
634.9  167155.60  13786.64  8.25
636.4  167881.00  13829.51  8.24
638.0  168843.30  13894.44  8.23
639.5  168945.00  13874.70  8.21
641.0  168553.00  13806.10  8.19
642.5  168302.05  13749.40  8.17
644.0  168022.50  13684.75  8.14
645.5  167376.15  13548.57  8.09
647.1  166094.20  13335.06  8.03
648.6  164646.95  13126.10  7.97
650.1  163702.88  13005.08  7.94
651.6  163775.33  12972.57  7.92
653.1  164283.38  12946.96  7.88
654.7  163295.68  12754.91  7.81
656.2  158723.18  12284.76  7.74
657.7  156279.20  12024.20  7.69
659.2  158198.30  12102.12  7.65
660.7  161084.63  12226.39  7.59
662.2  163732.40  12318.41  7.52
663.7  164996.48  12320.84  7.47
665.2  165360.85  12274.84  7.42
666.8  165454.95  12234.48  7.39
668.3  165355.35  12190.77  7.37
669.8  165181.78  12149.39  7.36
671.3  164804.15  12093.33  7.34
672.8  164569.60  12048.49  7.32
674.3  164370.60  11995.96  7.30
675.8  164301.75  11955.88  7.28
677.3  164133.20  11908.86  7.26
678.8  163914.85  11867.74  7.24
680.3  163542.10  11814.57  7.22
681.8  163015.83  11759.13  7.21
683.3  161970.60  11656.98  7.20
684.8  159866.70  11456.71  7.17
686.3  153277.60  10826.45  7.06
687.8  144690.00  10060.05  6.95
689.3  140864.33  9737.14  6.91
690.8  140842.80  9717.96  6.90
692.3  142811.48  9817.42  6.87
693.8  144040.20  9822.70  6.82
695.3  145116.40  9855.17  6.79
696.8  147159.70  9989.55  6.79
698.3  147840.00  9948.40  6.73
699.8  146997.95  9759.20  6.64
701.3  145642.25  9558.29  6.56
702.8  145664.25  9475.62  6.51
704.2  146685.70  9479.56  6.46
705.7  147802.00  9463.08  6.40
707.2  148510.83  9420.56  6.34
708.7  148905.90  9355.68  6.28
710.2  149259.13  9276.25  6.21
711.7  149131.25  9164.55  6.15
713.2  148659.60  9002.12  6.06
714.7  147299.10  8742.36  5.94
716.2  142704.50  8188.36  5.74
717.6  133488.00  7306.20  5.47
719.1  124389.00  6552.78  5.27
720.6  121937.60  6351.20  5.21
722.1  125241.00  6540.00  5.22
723.6  125837.35  6446.40  5.12
725.0  124375.95  6225.66  5.01
726.5  123614.78  6094.04  4.93
728.0  123375.15  5999.94  4.86
729.5  123543.20  5943.64  4.81
731.0  124880.60  5967.57  4.78
732.4  128300.70  6176.61  4.81
733.9  132816.95  6463.35  4.87
735.4  135846.70  6625.22  4.88
736.8  137427.00  6703.20  4.88
738.3  138270.85  6761.57  4.89
739.8  138773.25  6820.28  4.91
741.2  139087.80  6884.73  4.95
742.7  139838.80  6964.20  4.98
744.2  140973.00  7058.94  5.01
745.7  141637.13  7110.00  5.02
747.1  142115.85  7140.12  5.02
748.6  142074.30  7139.81  5.03
750.0  141526.78  7105.15  5.02
751.5  140866.05  7075.38  5.02
753.0  140549.43  7056.71  5.02
754.4  140399.00  7052.50  5.02
755.9  139968.75  7015.63  5.01
757.3  138741.53  6919.74  4.99
758.8  129400.45  6275.89  4.85
760.3  101845.50  4579.50  4.50
761.7  79110.95  3300.92  4.17
763.2  70950.00  2811.60  3.96
764.6  72627.30  2877.12  3.96
766.1  84571.20  3598.56  4.26
767.5  100791.18  4596.84  4.56
769.0  115080.00  5469.73  4.75
770.4  124650.00  6062.84  4.86
771.9  129990.00  6394.50  4.92
773.3  132620.88  6569.14  4.95
774.8  133633.50  6642.35  4.97
776.2  134080.35  6680.52  4.98
777.7  134157.10  6689.57  4.99
779.1  133829.00  6671.10  4.98
780.5  133560.90  6659.31  4.99
782.0  133306.38  6644.46  4.98
783.4  132787.20  6612.48  4.98
784.9  132260.00  6581.88  4.98
786.3  131635.40  6532.52  4.96
787.8  130554.75  6439.90  4.93
789.2  128993.83  6310.05  4.89
790.6  127423.65  6198.88  4.86
792.0  126199.50  6135.05  4.86
793.5  125165.70  6112.35  4.88
794.9  124756.43  6128.24  4.91
796.3  124561.10  6092.66  4.89
797.8  124667.85  6089.26  4.88
799.2  124698.40  6099.77  4.89
800.6  124072.20  6041.02  4.87
802.1  123337.78  5992.42  4.86
803.5  122743.50  5959.80  4.86
804.9  122510.70  5978.83  4.88
806.3  122774.00  6031.18  4.91
807.8  122846.28  6045.45  4.92
809.2  121967.35  5987.21  4.91
810.6  120628.50  5861.89  4.86
812.0  118602.98  5661.19  4.77
813.4  114537.50  5328.44  4.65
814.8  108698.30  4900.07  4.51
816.3  102858.23  4529.94  4.40
817.7  98998.90  4315.48  4.36
819.1  97909.48  4295.97  4.39
820.5  100138.50  4481.40  4.48
821.9  101507.75  4559.05  4.49
823.3  98762.13  4350.31  4.40
824.7  100375.75  4469.91  4.45
826.1  103796.00  4675.44  4.50
827.5  104834.25  4665.56  4.45
828.9  104090.50  4581.00  4.40
830.3  103981.63  4581.91  4.41
831.7  104290.05  4588.50  4.40
833.2  104643.83  4610.18  4.41
834.5  105985.95  4714.99  4.45
835.9  108074.20  4827.68  4.47
837.3  109937.88  4943.38  4.50
838.7  111375.63  5049.69  4.53
840.1  112490.50  5115.81  4.55
841.5  113121.20  5168.97  4.57
842.9  113315.33  5190.24  4.58
844.3  113246.25  5225.03  4.61
845.7  113548.40  5252.94  4.63
847.1  113738.00  5302.65  4.66
848.5  113230.25  5248.78  4.64
849.9  111161.60  5147.54  4.63
851.2  109714.28  5073.59  4.62
852.6  109045.88  5050.97  4.63
854.0  105576.90  4867.72  4.61
855.4  103427.55  4788.31  4.63
856.8  105659.23  4924.58  4.66
858.2  108148.05  5040.08  4.66
859.5  109422.50  5103.50  4.66
860.9  109850.40  5115.84  4.66
862.3  109988.00  5126.86  4.66
863.7  110092.58  5132.27  4.66
865.0  108686.50  5052.65  4.65
866.4  104660.85  4869.45  4.65
867.8  103200.08  4829.06  4.68
869.1  104445.45  4896.77  4.69
870.5  105786.30  4955.15  4.68
871.9  106604.95  4977.48  4.67
873.2  106656.50  4970.78  4.66
874.6  106280.65  4942.60  4.65
876.0  105916.80  4924.73  4.65
877.3  105841.15  4916.23  4.64
878.7  105626.95  4905.95  4.64
880.0  104932.80  4882.29  4.65
881.4  104215.88  4836.71  4.64
882.8  104377.05  4834.64  4.63
884.1  104448.75  4822.38  4.62
885.5  104063.18  4792.82  4.61
886.8  103178.08  4743.31  4.60
888.2  102864.48  4722.57  4.59
889.5  102898.95  4736.08  4.60
890.9  102669.20  4707.59  4.59
892.2  101536.83  4604.71  4.54
893.6  99377.05  4414.14  4.44
894.9  95760.00  4153.59  4.34
896.2  90303.00  3799.04  4.21
897.6  84993.00  3480.90  4.10
898.9  79964.75  3193.60  3.99
900.3  76487.13  3034.20  3.97
901.6  75066.60  2959.11  3.94
903.0  77171.50  3099.83  4.02
904.3  82309.43  3400.02  4.13
905.6  84806.15  3535.81  4.17
907.0  82678.38  3371.88  4.08
908.3  78674.38  3146.98  4.00
909.6  75605.13  2968.72  3.93
911.0  75080.40  2924.48  3.90
912.3  74878.13  2909.55  3.89
913.6  73707.75  2818.24  3.82
914.9  72713.60  2770.74  3.81
916.2  72146.70  2716.64  3.77
917.6  72366.45  2738.19  3.78
918.9  74456.60  2883.67  3.87
920.2  77968.80  3155.88  4.05
921.5  79654.40  3245.76  4.07
922.9  79659.00  3243.60  4.07
924.2  78702.20  3177.12  4.04
925.5  78049.13  3092.51  3.96
926.8  77402.60  3039.63  3.93
928.1  73564.10  2767.09  3.76
929.4  66551.70  2384.20  3.58
930.7  58208.40  1975.24  3.39
932.0  48538.40  1552.52  3.20
933.4  39409.20  1204.17  3.06
934.7  33761.03  988.58  2.93
936.0  31477.75  929.16  2.95
937.3  30615.45  866.48  2.83
938.6  34258.40  1051.11  3.07
939.9  40675.50  1277.25  3.14
941.2  43581.00  1333.30  3.06
942.5  43367.10  1317.23  3.04
943.8  40754.38  1220.56  2.99
945.1  38933.25  1178.52  3.03
946.4  38252.30  1132.61  2.96
947.7  39042.00  1171.26  3.00
949.0  40167.40  1213.85  3.02
950.2  41262.00  1255.80  3.04
951.5  41938.20  1299.17  3.10
952.8  41910.55  1273.53  3.04
954.1  42616.45  1342.07  3.15
955.4  42870.50  1341.20  3.13
956.7  44046.35  1435.77  3.26
958.0  45484.80  1507.92  3.32
959.3  46051.95  1434.41  3.11
960.5  47597.40  1535.40  3.23
961.8  49717.30  1613.86  3.25
963.1  51419.70  1749.33  3.40
964.4  53106.28  1833.11  3.45
965.7  54580.73  1892.50  3.47
966.9  57261.63  2067.01  3.61
968.2  62321.93  2418.89  3.88
969.5  66897.60  2606.40  3.90
970.8  69620.00  2743.50  3.94
972.0  70693.88  2797.67  3.96
973.3  69052.50  2639.34  3.82
974.6  66976.65  2597.69  3.88
975.8  65400.13  2488.40  3.80
977.1  66361.20  2634.93  3.97
978.4  67360.48  2687.78  3.99
979.6  68003.33  2672.77  3.93
980.9  70111.13  2832.08  4.04
982.2  71884.50  3030.43  4.22
983.4  73728.25  3092.99  4.20
984.7  74847.60  3118.65  4.17
985.9  76089.48  3260.98  4.29
987.2  77003.10  3371.28  4.38
988.5  77873.68  3443.66  4.42
989.7  78068.25  3443.01  4.41
991.0  78585.60  3560.91  4.53
992.2  78701.50  3558.31  4.52
993.5  78825.60  3598.56  4.57
994.7  78862.50  3548.81  4.50
996.0  79353.53  3631.43  4.58
997.2  79145.80  3681.20  4.65
998.5  79401.00  3686.48  4.64
999.7  79568.70  3638.81  4.57
1001.0  78636.60  3583.44  4.56
1002.2  77850.23  3510.89  4.51
1003.4  77021.83  3463.40  4.50
1004.7  75843.35  3376.59  4.45
1005.9  74865.60  3431.34  4.58
1007.2  74617.20  3575.41  4.79
1008.4  74580.75  3600.45  4.83
1009.6  74846.90  3639.82  4.86
1010.9  74500.15  3622.95  4.86
1012.1  74354.15  3615.85  4.86
1013.3  74416.20  3669.84  4.93
1014.6  75087.60  3677.76  4.90
1015.8  74428.50  3695.76  4.97
1017.1  74383.20  3719.16  5.00
1018.3  74542.33  3701.05  4.97
1019.5  74497.35  3698.45  4.96
1020.8  74019.75  3700.99  5.00
1022.0  73639.13  3709.23  5.04
1023.2  74021.15  3840.20  5.19
1024.4  73849.75  3749.30  5.08
1025.7  74256.00  3712.80  5.00
1026.9  74325.00  3686.52  4.96
1028.1  74398.65  3658.95  4.92
1029.3  74354.18  3686.47  4.96
1030.6  73686.25  3780.43  5.13
1031.8  74588.48  3828.44  5.13
1033.0  74591.00  3729.55  5.00
1034.2  74592.38  3694.76  4.95
1035.4  73879.33  3729.83  5.05
1036.7  73715.00  3685.75  5.00
1037.9  74301.15  3790.88  5.10
1039.1  73983.63  3816.00  5.16
1040.3  74602.28  3770.22  5.05
1041.5  74072.25  3703.61  5.00
1042.7  74362.20  3802.61  5.11
1043.9  74671.65  3559.93  4.77
1045.2  73928.10  3651.87  4.94
1046.4  74062.35  3565.97  4.81
1047.6  74019.05  3654.11  4.94
1048.8  73973.90  3650.66  4.94
1050.0  74917.00  3745.85  5.00
1051.2  74886.15  3744.31  5.00
1052.4  74647.80  3732.39  5.00
1053.6  74187.75  3815.37  5.14
1054.8  73926.20  3478.88  4.71
1056.0  73652.70  3347.85  4.55
1057.2  74052.88  3531.75  4.77
1058.4  74473.60  3723.68  5.00
1059.7  73962.90  3698.15  5.00
1060.9  73177.50  3658.88  5.00
1062.1  72601.50  3504.90  4.83
1063.3  71996.40  3728.39  5.18
1064.5  72682.50  3568.05  4.91
1065.7  71787.18  3521.64  4.91
1066.9  73349.35  3598.27  4.91
1068.1  73854.30  3550.69  4.81
1069.3  72642.50  3341.56  4.60
1070.5  72855.65  3122.39  4.29
1071.7  71548.10  3349.06  4.68
1072.9  71739.30  3431.01  4.78
1074.1  70968.70  3548.44  5.00
1075.3  74170.80  3539.97  4.77
1076.5  72409.70  3455.92  4.77
