/*** Spectra Vista SIG Data ***/
name= 230503_1823_R906_T909.sig
instrument= HK: 9202056 (HR-512i)
integration= 10.0, 0.0, 0.0, 1000.0, 0.0, 0.0
scan method= Time-based, Time-based
scan coadds= 300, 0, 0, 3, 0, 0
scan time= 3, 3
scan settings= AI, AI
external data set1= 0,0,0,0,0,0,0,0,0,0,0,0,0,0,0,0,0,0,0,0,0,0,0,0,0,0,0,0,0,0,0,0
external data set2= 0,0,0,0,0,0,0,0,0,0,0,0,0,0,0,0,0,0,0,0,0,0,0,0,0,0,0,0,0,0,0,0
external data dark= 0,0,0,0,0,0,0,0,0,0,0,0,0,0,0,0
external data mask= 0
optic= LENS 4(1), LENS 4(1)
temp= 21.2, 0.0, 0.0, 23.5, 0.0, 0.0
battery= 8.28, 8.31
error= 0, 0
units= Radiance, Radiance
time= 5/3/2023 6:22:26 PM, 5/3/2023 6:23:48 PM
longitude= 07757.5909W     , 07757.6301W     
latitude= 3409.6846N      , 3409.6699N      
gpstime= 193119.000      , 193241.000      
comm= 
memory slot= 906, 909
factors= 1.000, 1.000, 1.000 [Overlap: Preserve, Matching Type: None]
inclinometer x offset= 3, 13
inclinometer y offset= -11, -4
data= 
339.7  56652.75  1534.12  2.71
341.4  61525.20  1630.24  2.65
343.0  64582.60  1682.81  2.61
344.7  66343.50  1703.46  2.57
346.4  69966.70  1760.65  2.52
348.0  73819.10  1816.07  2.46
349.7  77781.60  1885.57  2.42
351.3  84387.90  2008.65  2.38
353.0  89311.60  2091.07  2.34
354.6  96013.80  2209.10  2.30
356.2  96812.10  2175.10  2.25
357.9  91182.00  2014.02  2.21
359.5  91977.20  1993.04  2.17
361.2  99307.60  2106.01  2.12
362.8  105049.00  2187.71  2.08
364.5  112248.75  2305.65  2.05
366.1  122755.60  2490.29  2.03
367.7  130730.40  2612.20  2.00
369.4  132717.20  2624.51  1.98
371.0  134507.10  2640.46  1.96
372.6  131997.75  2576.37  1.95
374.3  125856.50  2450.58  1.95
375.9  127824.40  2476.02  1.94
377.5  139775.35  2686.43  1.92
379.1  149070.90  2840.23  1.91
380.8  146832.00  2774.91  1.89
382.4  137137.50  2583.36  1.88
384.0  123631.20  2328.12  1.88
385.6  128560.40  2415.85  1.88
387.3  136656.00  2557.15  1.87
388.9  143840.00  2678.12  1.86
390.5  155861.75  2878.05  1.85
392.1  162920.25  2980.35  1.83
393.8  148320.00  2710.40  1.83
395.4  149927.40  2731.04  1.82
397.0  158798.90  2883.65  1.82
398.6  178772.90  3227.47  1.81
400.2  219117.40  3904.48  1.78
401.8  246568.00  4345.37  1.76
403.4  261037.00  4553.51  1.74
405.0  263460.00  4558.20  1.73
406.6  262242.75  4502.77  1.72
408.3  264894.00  4513.77  1.70
409.9  271216.00  4582.26  1.69
411.5  275931.00  4628.00  1.68
413.1  286550.00  4771.00  1.66
414.7  291780.30  4832.90  1.66
416.3  295506.75  4878.36  1.65
417.9  295627.80  4869.75  1.65
419.5  293629.95  4831.42  1.65
421.1  296218.80  4870.64  1.64
422.7  298535.60  4903.98  1.64
424.3  296934.00  4878.14  1.64
425.9  297069.85  4880.23  1.64
427.5  293327.00  4819.79  1.64
429.1  285191.90  4686.46  1.64
430.7  268269.45  4419.37  1.65
432.3  272323.35  4496.92  1.65
433.9  292686.80  4827.88  1.65
435.5  306416.65  5049.24  1.65
437.1  322658.00  5308.60  1.65
438.7  323615.25  5321.67  1.64
440.3  324770.95  5344.05  1.65
441.9  336332.25  5538.98  1.65
443.5  350471.75  5763.66  1.64
445.0  359057.50  5893.49  1.64
446.6  361446.80  5928.18  1.64
448.2  369653.90  6062.65  1.64
449.8  380005.60  6231.79  1.64
451.4  390631.10  6404.38  1.64
453.0  389294.40  6385.46  1.64
454.6  384333.75  6316.79  1.64
456.2  386337.95  6363.19  1.65
457.8  390820.90  6451.10  1.65
459.3  391500.15  6474.33  1.65
460.9  393243.40  6523.40  1.66
462.5  398738.40  6632.45  1.66
464.1  399472.80  6660.19  1.67
465.7  396127.20  6622.25  1.67
467.2  392748.50  6584.79  1.68
468.8  391418.85  6582.45  1.68
470.4  390339.00  6583.28  1.69
472.0  392444.10  6635.96  1.69
473.6  397284.25  6729.54  1.69
475.1  400538.70  6795.10  1.70
476.7  401406.70  6824.83  1.70
478.3  404599.20  6897.44  1.70
479.9  407943.00  6975.36  1.71
481.5  410550.60  7043.23  1.72
483.0  410192.45  7059.81  1.72
484.6  402624.00  6953.09  1.73
486.2  384437.55  6669.76  1.73
487.8  374749.20  6545.45  1.75
489.3  382350.00  6708.38  1.75
490.9  390934.80  6876.05  1.76
492.5  392268.25  6922.64  1.76
494.0  395514.00  7007.27  1.77
495.6  399470.05  7103.65  1.78
497.2  400848.60  7151.75  1.78
498.8  396773.20  7104.87  1.79
500.3  390756.70  7026.75  1.80
501.9  383634.25  6929.80  1.81
503.5  382278.00  6933.73  1.81
505.0  384158.65  6995.50  1.82
506.6  387465.75  7081.47  1.83
508.2  386110.80  7086.20  1.84
509.7  385348.95  7107.92  1.84
511.3  385067.75  7134.09  1.85
512.9  381573.45  7099.58  1.86
514.4  374814.50  7007.38  1.87
516.0  366570.00  6891.30  1.88
517.5  355197.15  6715.91  1.89
519.1  354929.90  6746.97  1.90
520.7  362824.00  6924.15  1.91
522.2  367311.50  7036.05  1.92
523.8  372349.55  7166.02  1.92
525.4  374627.75  7240.53  1.93
526.9  370029.70  7191.69  1.94
528.5  373078.65  7292.22  1.95
530.0  379469.25  7454.16  1.96
531.6  382178.80  7538.21  1.97
533.2  380081.30  7534.63  1.98
534.7  382256.00  7617.12  1.99
536.3  383111.80  7670.85  2.00
537.8  381597.65  7676.19  2.01
539.4  378589.20  7652.38  2.02
541.0  375166.80  7622.84  2.03
542.5  375525.60  7669.21  2.04
544.1  378437.40  7764.59  2.05
545.6  379980.75  7830.50  2.06
547.2  379790.45  7861.78  2.07
548.7  380072.00  7906.36  2.08
550.3  380925.80  7963.64  2.09
551.8  381534.30  8015.68  2.10
553.4  382868.20  8082.93  2.11
554.9  384745.70  8161.07  2.12
556.5  383483.60  8171.91  2.13
558.0  380225.50  8139.94  2.14
559.6  377081.25  8116.99  2.15
561.1  379080.75  8198.54  2.16
562.7  381590.55  8287.98  2.17
564.2  384483.55  8387.81  2.18
565.8  384022.00  8413.00  2.19
567.3  383784.35  8436.46  2.20
568.9  383393.70  8449.44  2.20
570.4  381480.30  8429.45  2.21
572.0  382068.75  8467.01  2.22
573.5  385162.05  8552.80  2.22
575.1  386232.00  8596.51  2.23
576.6  385733.50  8608.93  2.23
578.2  384504.25  8606.83  2.24
579.7  384360.15  8633.68  2.25
581.2  386666.30  8717.64  2.25
582.8  390325.95  8827.07  2.26
584.3  391604.50  8876.98  2.27
585.9  390047.10  8857.03  2.27
587.4  386143.20  8775.86  2.27
588.9  377018.00  8567.73  2.27
590.5  371051.00  8438.85  2.27
592.0  372097.80  8469.87  2.28
593.6  374030.80  8521.32  2.28
595.1  374827.20  8539.66  2.28
596.6  375888.80  8564.57  2.28
598.2  376516.25  8571.09  2.28
599.7  375771.05  8540.63  2.27
601.2  374462.55  8496.02  2.27
602.8  374325.00  8483.99  2.27
604.3  375944.80  8518.71  2.27
605.8  377529.80  8558.40  2.27
607.4  377439.75  8565.39  2.27
608.9  375552.55  8536.52  2.27
610.5  373474.75  8510.88  2.28
612.0  371685.60  8491.49  2.28
613.5  369333.75  8461.34  2.29
615.0  367122.35  8430.00  2.30
616.6  364193.60  8385.55  2.30
618.1  364505.40  8415.41  2.31
619.6  366586.00  8486.54  2.32
621.2  367904.20  8536.94  2.32
622.7  366681.60  8526.34  2.33
624.2  364437.90  8494.65  2.33
625.8  361456.00  8445.92  2.34
627.3  359569.25  8416.38  2.34
628.8  357215.60  8377.48  2.35
630.3  355794.70  8364.33  2.35
631.8  355083.30  8379.18  2.36
633.4  356206.40  8436.30  2.37
634.9  357381.30  8497.35  2.38
636.4  358918.00  8567.72  2.39
638.0  361038.60  8643.58  2.39
639.5  361158.00  8673.42  2.40
641.0  360313.80  8681.33  2.41
642.5  359790.20  8696.71  2.42
644.0  359437.00  8713.52  2.42
645.5  358220.90  8704.17  2.43
647.1  356124.80  8662.45  2.43
648.6  353614.50  8614.50  2.44
650.1  351920.25  8589.37  2.44
651.6  352408.00  8617.36  2.45
653.1  353203.50  8642.20  2.45
654.7  350625.40  8574.49  2.45
656.2  340547.90  8318.91  2.44
657.7  335544.80  8194.39  2.44
659.2  339931.80  8292.84  2.44
660.7  345996.50  8428.83  2.44
662.2  351466.70  8551.22  2.43
663.7  354024.15  8609.57  2.43
665.2  354779.50  8628.67  2.43
666.8  355090.65  8646.94  2.44
668.3  355014.00  8659.21  2.44
669.8  354740.65  8674.43  2.45
671.3  353912.80  8673.52  2.45
672.8  353468.60  8679.46  2.46
674.3  353092.40  8686.09  2.46
675.8  352995.00  8703.68  2.47
677.3  352743.30  8712.55  2.47
678.8  352335.50  8720.24  2.47
680.3  351612.90  8719.46  2.48
681.8  350659.75  8712.85  2.48
683.3  348535.55  8675.24  2.49
684.8  344104.80  8576.26  2.49
686.3  329969.60  8217.26  2.49
687.8  311766.00  7758.66  2.49
689.3  304423.00  7578.70  2.49
690.8  304869.60  7601.59  2.49
692.3  309799.15  7723.63  2.49
693.8  313312.50  7789.65  2.49
695.3  316058.60  7838.30  2.48
696.8  320171.40  7920.83  2.47
698.3  321328.00  7908.32  2.46
699.8  319669.25  7809.58  2.44
701.3  316970.00  7684.88  2.42
702.8  316809.60  7621.61  2.41
704.2  318603.60  7600.86  2.39
705.7  320635.20  7576.36  2.36
707.2  321715.55  7517.21  2.34
708.7  322108.80  7433.81  2.31
710.2  322463.85  7337.62  2.28
711.7  321909.50  7202.17  2.24
713.2  320635.20  7041.43  2.20
714.7  317796.60  6833.86  2.15
716.2  309027.20  6472.14  2.09
717.6  291276.00  5921.10  2.03
719.1  273547.40  5393.98  1.97
720.6  269062.40  5161.47  1.92
722.1  275443.00  5164.97  1.88
723.6  276180.30  5044.43  1.83
725.0  273182.40  4849.87  1.78
726.5  271947.00  4691.36  1.73
728.0  271325.70  4545.90  1.68
729.5  271494.80  4400.18  1.62
731.0  274000.10  4294.31  1.57
732.4  280331.70  4257.99  1.52
733.9  288342.95  4262.88  1.48
735.4  293447.00  4231.76  1.44
736.8  295773.00  4174.68  1.41
738.3  296728.90  4126.33  1.39
739.8  296950.50  4087.55  1.38
741.2  296809.65  4060.60  1.37
742.7  297664.80  4060.55  1.36
744.2  299527.20  4077.78  1.36
745.7  300397.50  4082.92  1.36
747.1  301067.10  4090.05  1.36
748.6  300750.00  4079.37  1.36
750.0  299368.40  4053.85  1.35
751.5  297923.60  4027.10  1.35
753.0  297040.30  4011.83  1.35
754.4  296732.00  4000.86  1.35
755.9  295687.50  3983.75  1.35
757.3  293119.45  3939.36  1.34
758.8  273313.10  3643.33  1.33
760.3  214075.50  2799.95  1.31
761.7  167168.00  2156.21  1.29
763.2  152196.00  1948.98  1.28
764.6  156643.20  2006.66  1.28
766.1  182448.00  2372.16  1.30
767.5  216305.80  2850.38  1.32
769.0  245298.50  3261.97  1.33
770.4  264327.25  3535.91  1.34
771.9  274680.00  3689.70  1.34
773.3  279816.25  3766.02  1.35
774.8  281567.00  3800.23  1.35
776.2  282403.80  3822.50  1.35
777.7  282359.00  3827.94  1.36
779.1  281644.00  3831.72  1.36
780.5  281062.50  3831.44  1.36
782.0  280493.30  3838.01  1.37
783.4  279321.60  3833.86  1.37
784.9  278290.60  3835.54  1.38
786.3  277218.40  3832.83  1.38
787.8  275322.80  3814.43  1.39
789.2  272558.65  3784.41  1.39
790.6  269616.30  3759.53  1.39
792.0  267059.80  3743.50  1.40
793.5  264713.40  3733.40  1.41
794.9  263608.65  3742.26  1.42
796.3  263360.25  3756.05  1.43
797.8  263882.50  3777.73  1.43
799.2  263902.90  3805.82  1.44
800.6  262525.60  3799.57  1.45
802.1  261191.35  3794.58  1.45
803.5  260055.40  3791.57  1.46
804.9  259355.20  3799.90  1.47
806.3  259624.00  3823.00  1.47
807.8  259502.20  3824.98  1.47
809.2  257677.50  3799.48  1.47
810.6  255333.75  3760.65  1.47
812.0  251933.40  3690.22  1.46
813.4  244800.00  3549.81  1.45
814.8  233820.20  3347.39  1.43
816.3  222648.75  3155.57  1.42
817.7  215326.80  3025.31  1.40
819.1  212980.10  2975.36  1.40
820.5  216793.50  3021.48  1.39
821.9  219092.45  3031.15  1.38
823.3  213278.45  2912.14  1.37
824.7  216641.80  2923.33  1.35
826.1  223361.60  2966.66  1.33
827.5  225199.50  2920.83  1.30
828.9  223451.00  2828.77  1.27
830.3  223344.00  2760.78  1.24
831.7  223787.70  2707.22  1.21
833.2  224189.25  2663.66  1.19
834.5  226562.70  2650.66  1.17
835.9  230274.85  2666.20  1.16
837.3  233800.75  2686.13  1.15
838.7  236028.75  2693.64  1.14
840.1  237734.70  2706.94  1.14
841.5  238746.80  2708.80  1.13
842.9  238721.55  2704.23  1.13
844.3  238303.00  2692.50  1.13
845.7  238618.40  2686.35  1.13
847.1  238849.80  2688.21  1.13
848.5  237674.50  2658.65  1.12
849.9  232902.50  2599.03  1.12
851.2  230151.90  2568.80  1.12
852.6  229117.95  2542.51  1.11
854.0  221349.70  2447.02  1.11
855.4  216681.55  2394.99  1.11
856.8  221774.75  2445.43  1.10
858.2  226888.80  2501.24  1.10
859.5  229225.00  2513.69  1.10
860.9  229862.40  2517.62  1.10
862.3  230265.20  2517.31  1.09
863.7  230593.25  2512.30  1.09
865.0  227369.25  2471.80  1.09
866.4  218710.80  2365.69  1.08
867.8  215909.10  2339.95  1.08
869.1  218892.00  2358.75  1.08
870.5  221502.00  2383.06  1.08
871.9  223068.20  2396.92  1.07
873.2  223293.70  2387.54  1.07
874.6  222466.30  2369.28  1.07
876.0  221663.00  2357.05  1.06
877.3  221433.50  2350.45  1.06
878.7  221127.50  2338.81  1.06
880.0  219859.20  2317.27  1.05
881.4  218337.00  2278.21  1.04
882.8  218572.80  2277.51  1.04
884.1  218628.75  2266.30  1.04
885.5  217974.60  2254.16  1.03
886.8  216108.75  2225.37  1.03
888.2  215600.35  2221.07  1.03
889.5  215792.50  2223.80  1.03
890.9  215467.20  2203.01  1.02
892.2  213332.25  2165.96  1.02
893.6  209376.35  2112.65  1.01
894.9  203011.20  2020.54  1.00
896.2  192986.25  1920.15  0.99
897.6  183270.00  1800.72  0.98
898.9  173402.50  1699.10  0.98
900.3  166375.30  1635.94  0.98
901.6  163968.00  1593.56  0.97
903.0  167831.80  1629.03  0.97
904.3  177746.35  1738.08  0.98
905.6  182638.95  1791.83  0.98
907.0  178304.75  1742.59  0.98
908.3  170210.30  1641.90  0.96
909.6  164805.30  1587.01  0.96
911.0  163658.40  1571.91  0.96
912.3  163733.50  1571.73  0.96
913.6  161289.90  1546.42  0.96
914.9  159794.00  1527.57  0.96
916.2  158544.60  1514.19  0.96
917.6  158875.20  1516.54  0.95
918.9  162644.95  1553.21  0.95
920.2  169241.80  1615.07  0.95
921.5  171852.80  1630.72  0.95
922.9  171720.00  1631.34  0.95
924.2  169983.85  1606.30  0.94
925.5  168861.00  1590.44  0.94
926.8  168093.20  1571.31  0.93
928.1  160963.65  1488.15  0.92
929.4  147854.55  1355.05  0.92
930.7  130400.80  1216.61  0.93
932.0  110639.00  1042.15  0.94
933.4  91589.90  868.46  0.95
934.7  79459.65  798.33  1.00
936.0  75091.50  773.67  1.03
937.3  73169.00  777.90  1.06
938.6  80974.40  829.21  1.02
939.9  94713.00  931.41  0.98
941.2  101092.00  971.12  0.96
942.5  100109.10  956.51  0.96
943.8  94335.00  926.80  0.98
945.1  90072.60  900.73  1.00
946.4  89326.60  918.91  1.03
947.7  91098.00  919.66  1.01
949.0  93135.40  944.60  1.01
950.2  95530.50  955.31  1.00
951.5  97096.05  970.96  1.00
952.8  96787.90  958.62  0.99
954.1  98889.00  993.60  1.00
955.4  99153.00  996.32  1.00
956.7  101233.60  1041.54  1.03
958.0  104812.80  1033.30  0.99
959.3  104686.40  1051.90  1.00
960.5  107989.80  1085.02  1.00
961.8  111929.00  1129.70  1.01
963.1  116091.90  1155.62  1.00
964.4  119691.30  1202.30  1.00
965.7  122326.65  1201.32  0.98
966.9  127372.20  1279.31  1.00
968.2  137165.15  1371.65  1.00
969.5  145379.20  1465.38  1.01
970.8  150450.00  1504.50  1.00
972.0  152217.45  1516.16  1.00
973.3  149153.40  1497.67  1.00
974.6  145220.40  1458.46  1.00
975.8  142285.15  1461.13  1.03
977.1  143782.60  1509.39  1.05
978.4  146003.00  1559.58  1.07
979.6  146833.05  1576.59  1.07
980.9  149892.75  1609.45  1.07
982.2  154340.25  1635.02  1.06
983.4  156807.40  1647.20  1.05
984.7  159234.60  1695.08  1.06
985.9  160425.10  1761.68  1.10
987.2  163200.60  1792.91  1.10
988.5  164356.50  1815.75  1.10
989.7  164143.50  1857.62  1.13
991.0  165357.20  1882.78  1.14
992.2  164938.25  1883.81  1.14
993.5  165362.40  1893.53  1.15
994.7  165611.25  1927.75  1.16
996.0  164983.60  1954.70  1.18
997.2  165654.00  1978.65  1.19
998.5  164473.50  1994.48  1.21
999.7  164959.50  1979.51  1.20
1001.0  164241.00  2020.66  1.23
1002.2  163841.65  2025.12  1.24
1003.4  161280.60  2098.72  1.30
1004.7  158959.35  2077.90  1.31
1005.9  155970.00  2121.19  1.36
1007.2  156488.85  2062.34  1.32
1008.4  156362.40  2047.11  1.31
1009.6  156870.90  2122.37  1.35
1010.9  156144.15  1990.07  1.27
1012.1  156856.70  2057.47  1.31
1013.3  155968.20  2110.16  1.35
1014.6  155283.20  2135.14  1.38
1015.8  155016.60  2155.86  1.39
1017.1  153931.90  2107.52  1.37
1018.3  155339.95  2095.53  1.35
1019.5  155334.90  2102.83  1.35
1020.8  154476.00  2124.05  1.38
1022.0  153823.95  2149.17  1.40
1023.2  153607.80  2170.55  1.41
1024.4  153380.25  2238.22  1.46
1025.7  153153.00  2274.09  1.48
1026.9  153406.80  2247.59  1.47
1028.1  154895.55  2378.32  1.54
1029.3  153706.95  2336.85  1.52
1030.6  153780.00  2357.96  1.53
1031.8  154457.55  2442.28  1.58
1033.0  153250.60  2400.47  1.57
1034.2  153367.50  2439.94  1.59
1035.4  153496.85  2453.08  1.60
1036.7  153327.20  2550.54  1.66
1037.9  153151.35  2623.29  1.71
1039.1  154197.45  2663.41  1.73
1040.3  154017.60  2631.13  1.71
1041.5  153082.65  2715.98  1.77
1042.7  153794.55  2737.88  1.78
1043.9  154552.95  2830.58  1.83
1045.2  153200.40  2796.80  1.83
1046.4  153610.80  2871.06  1.87
1047.6  153659.80  2960.76  1.93
1048.8  153712.00  2958.96  1.93
1050.0  153777.00  3055.83  1.99
1051.2  153820.20  3096.64  2.01
1052.4  153442.70  3172.53  2.07
1053.6  152614.80  3179.48  2.08
1054.8  154375.30  3283.19  2.13
1056.0  154001.10  3347.85  2.17
1057.2  152662.85  3349.47  2.19
1058.4  151274.50  3421.13  2.26
1059.7  152697.60  3411.84  2.23
1060.9  151233.50  3366.17  2.23
1062.1  150210.00  3630.08  2.42
1063.3  149135.40  3779.81  2.53
1064.5  150651.00  3753.06  2.49
1065.7  148992.25  3873.80  2.60
1066.9  149466.60  3736.67  2.50
1068.1  150549.15  3834.74  2.55
1069.3  148190.70  3864.58  2.61
1070.5  148685.00  3984.76  2.68
1071.7  146140.80  4171.10  2.85
1072.9  149716.80  4241.98  2.83
1074.1  148389.10  4161.35  2.80
1075.3  151713.00  4483.96  2.96
1076.5  148110.75  4311.67  2.91
