/*** Spectra Vista SIG Data ***/
name= 230505_1655_R990_T952.sig
instrument= HK: 9202056 (HR-512i)
integration= 10.0, 0.0, 0.0, 10.0, 0.0, 0.0
scan method= Time-based, Time-based
scan coadds= 500, 0, 0, 500, 0, 0
scan time= 5, 5
scan settings= AI, AI
external data set1= 0,0,0,0,0,0,0,0,0,0,0,0,0,0,0,0,0,0,0,0,0,0,0,0,0,0,0,0,0,0,0,0
external data set2= 0,0,0,0,0,0,0,0,0,0,0,0,0,0,0,0,0,0,0,0,0,0,0,0,0,0,0,0,0,0,0,0
external data dark= 0,0,0,0,0,0,0,0,0,0,0,0,0,0,0,0
external data mask= 0
optic= LENS 4(1), LENS 4(1)
temp= 32.5, 0.0, 0.0, 27.3, 0.0, 0.0
battery= 8.36, 8.20
error= 0, 0
units= Radiance, Radiance
time= 7/4/2023 8:44:45 AM, 5/5/2023 4:55:14 PM
longitude= 01653.1775E     , 07746.6527W     
latitude= 4243.1523N      , 3409.6268N      
gpstime= 092514.000      , 175909.000      
comm= 
memory slot= 990, 952
factors= 1.000, 1.000, 1.000 [Overlap: Preserve, Matching Type: None]
inclinometer x offset= 6, 5
inclinometer y offset= -4, -43
data= 
339.7  84889.20  82011.60  96.61
341.4  91592.60  88464.20  96.58
343.0  95708.75  92213.30  96.35
344.7  98073.00  93906.50  95.75
346.4  103342.50  98443.30  95.26
348.0  108375.85  102935.00  94.98
349.7  114285.60  107686.80  94.23
351.3  123168.10  115930.95  94.12
353.0  129956.40  121667.00  93.62
354.6  138556.50  129449.50  93.43
356.2  137722.20  128955.75  93.63
357.9  128882.25  119989.50  93.10
359.5  131027.60  120098.40  91.66
361.2  140400.40  128659.60  91.64
362.8  148045.80  134853.60  91.09
364.5  157755.00  143071.65  90.69
366.1  172003.40  155385.30  90.34
367.7  181020.60  163774.80  90.47
369.4  182844.20  164583.65  90.01
371.0  184074.80  165265.10  89.78
372.6  179097.75  160493.25  89.61
374.3  170221.50  151891.75  89.23
375.9  173919.35  153458.25  88.24
377.5  189928.05  166763.35  87.80
379.1  200184.05  176214.50  88.03
380.8  195350.40  171729.60  87.91
382.4  180400.50  158976.00  88.12
384.0  163369.80  142396.65  87.16
385.6  170993.10  147494.90  86.26
387.3  180648.00  155844.00  86.27
388.9  189509.20  162988.70  86.01
390.5  204735.85  175290.50  85.62
392.1  210705.75  181401.75  86.09
393.8  190240.00  163680.00  86.04
395.4  194384.40  164567.55  84.66
397.0  204117.55  173488.90  84.99
398.6  231779.10  194168.60  83.77
400.2  280586.20  236034.80  84.12
401.8  311577.00  262820.25  84.35
403.4  325891.30  275303.70  84.48
405.0  326160.00  275280.00  84.40
406.6  322707.00  271656.00  84.18
408.3  324884.70  272184.15  83.78
409.9  330122.40  276361.60  83.71
411.5  334305.00  278932.50  83.44
413.1  344900.00  287450.00  83.34
414.7  348967.50  290524.50  83.25
416.3  351653.50  292234.25  83.10
417.9  349670.70  290463.60  83.07
419.5  346150.20  286905.60  82.88
421.1  348477.60  287958.40  82.63
422.7  349322.60  288629.00  82.63
424.3  346586.60  285686.50  82.43
425.9  345530.90  284462.75  82.33
427.5  339897.50  279581.00  82.25
429.1  328971.70  270468.80  82.22
430.7  308785.50  253504.80  82.10
432.3  316272.45  256983.35  81.25
433.9  338085.30  275290.40  81.43
435.5  353256.20  287049.20  81.26
437.1  370234.00  300884.00  81.27
438.7  369123.05  300404.75  81.38
440.3  370856.15  300545.70  81.04
441.9  383800.50  310437.00  80.88
443.5  398380.45  322326.35  80.91
445.0  406448.75  328910.00  80.92
446.6  408423.95  330011.55  80.80
448.2  417818.30  336639.25  80.57
449.8  428894.05  345073.95  80.46
451.4  439729.65  353517.55  80.39
453.0  436189.60  351031.45  80.48
454.6  430615.20  345557.40  80.25
456.2  432734.10  346616.05  80.10
457.8  436885.70  349703.20  80.04
459.3  436621.65  349264.80  79.99
460.9  438216.90  349979.30  79.86
462.5  443700.00  353940.00  79.77
464.1  443210.40  353532.00  79.77
465.7  438600.00  349615.20  79.71
467.2  434028.25  345763.75  79.66
468.8  432190.80  343817.70  79.55
470.4  430150.50  342063.00  79.52
472.0  432673.05  343176.75  79.32
473.6  437313.80  346614.95  79.26
475.1  440209.05  348643.65  79.20
476.7  440511.20  348605.70  79.14
478.3  443773.05  350671.05  79.02
479.9  446662.35  352858.95  79.00
481.5  449178.30  354379.00  78.89
483.0  447992.15  353222.35  78.85
484.6  438067.20  345715.20  78.92
486.2  417055.80  329234.50  78.94
487.8  408051.00  320733.00  78.60
489.3  416625.00  327000.00  78.49
490.9  425047.20  333609.60  78.49
492.5  425691.20  333971.55  78.45
494.0  428984.50  336165.00  78.36
495.6  432455.80  338906.05  78.37
497.2  433076.20  339352.35  78.36
498.8  427845.80  335155.25  78.34
500.3  420355.80  329441.80  78.37
501.9  411479.50  322943.25  78.48
503.5  408337.80  321404.20  78.71
505.0  409304.55  322527.85  78.80
506.6  412037.55  324820.80  78.83
508.2  409665.60  323060.40  78.86
509.7  408352.95  321896.25  78.83
511.3  407436.70  321147.45  78.82
512.9  402439.05  317610.45  78.92
514.4  393938.00  311496.50  79.07
516.0  383700.00  304350.00  79.32
517.5  371809.80  294475.05  79.20
519.1  371946.25  294074.30  79.06
520.7  379363.60  300238.40  79.14
522.2  382622.50  303414.00  79.30
523.8  387254.35  307351.40  79.37
525.4  389008.00  308864.05  79.40
526.9  384621.10  304807.90  79.25
528.5  388537.95  307362.15  79.11
530.0  395083.50  312456.90  79.09
531.6  397543.20  314302.80  79.06
533.2  395479.35  312267.95  78.96
534.7  397908.00  313880.00  78.88
536.3  398401.80  314251.20  78.88
537.8  396694.55  312638.55  78.81
539.4  393134.40  309810.00  78.81
541.0  389574.00  306774.00  78.75
542.5  389850.00  306939.60  78.73
544.1  392786.00  309104.30  78.70
545.6  394272.00  310106.25  78.65
547.2  394133.20  309664.15  78.57
548.7  395136.00  309708.00  78.38
550.3  396549.05  310241.15  78.24
551.8  397863.90  310517.55  78.05
553.4  399828.00  311396.80  77.88
554.9  402056.80  312669.10  77.77
556.5  401003.60  311359.60  77.65
558.0  398338.50  308540.50  77.46
559.6  396299.75  305949.00  77.20
561.1  399454.65  307651.90  77.02
562.7  402926.60  309600.35  76.84
564.2  407065.75  311893.50  76.62
565.8  407101.00  311488.00  76.51
567.3  407025.90  311040.50  76.42
568.9  405961.00  310214.30  76.41
570.4  403867.35  308078.10  76.28
572.0  405069.75  308084.25  76.06
573.5  408425.85  310041.90  75.91
575.1  410004.80  310323.20  75.69
576.6  409798.00  309422.50  75.51
578.2  408779.05  308032.50  75.35
579.7  409071.00  307574.50  75.19
581.2  411546.30  309071.80  75.10
582.8  415077.10  311606.60  75.07
584.3  415512.25  312134.25  75.12
585.9  412452.90  310342.80  75.24
587.4  405226.80  306730.80  75.69
588.9  390543.75  298843.75  76.52
590.5  381477.50  293828.70  77.02
592.0  381162.75  294627.60  77.30
593.6  382818.80  295919.00  77.30
595.1  383795.50  296294.90  77.20
596.6  386415.20  296975.20  76.85
598.2  389061.00  297321.00  76.42
599.7  390702.35  296558.05  75.90
601.2  391571.95  295313.90  75.42
602.8  393469.05  295075.05  74.99
604.3  396336.00  296246.80  74.75
605.8  398453.40  297238.20  74.60
607.4  398434.95  296885.25  74.51
608.9  396259.80  295032.50  74.45
610.5  393926.50  293104.90  74.41
612.0  391766.70  291398.25  74.38
613.5  388964.50  289209.00  74.35
615.0  386446.55  287204.05  74.32
616.6  383256.80  284669.60  74.28
618.1  383707.80  284747.40  74.21
619.6  385700.00  286178.00  74.20
621.2  386736.80  286920.20  74.19
622.7  385075.20  285657.60  74.18
624.2  382394.70  283593.60  74.16
625.8  379061.40  281102.15  74.16
627.3  376446.75  279499.25  74.25
628.8  373549.75  277561.90  74.30
630.3  372014.40  276294.20  74.27
631.8  371203.30  275571.40  74.24
633.4  372242.20  276190.20  74.20
634.9  373349.75  276923.30  74.17
636.4  374837.75  277830.65  74.12
638.0  376926.30  279223.20  74.08
639.5  376824.00  279048.00  74.05
641.0  375813.90  278154.80  74.01
642.5  375162.20  277635.40  74.00
644.0  374186.00  277178.00  74.07
645.5  371210.90  275950.90  74.34
647.1  365847.60  274026.00  74.90
648.6  360638.50  271872.70  75.39
650.1  358690.50  270588.75  75.44
651.6  359105.55  271003.55  75.47
653.1  360111.00  271372.65  75.36
654.7  356903.30  268872.15  75.33
656.2  346711.45  260845.20  75.23
657.7  343663.20  257098.40  74.81
659.2  349848.85  260785.20  74.54
660.7  357408.75  265442.25  74.27
662.2  363972.70  269311.90  73.99
663.7  367251.00  271029.30  73.80
665.2  368561.60  271405.10  73.64
666.8  369159.45  271361.75  73.51
668.3  369243.90  271052.70  73.41
669.8  368936.15  270693.50  73.37
671.3  367906.30  269853.60  73.35
672.8  367215.70  269205.80  73.31
674.3  366515.50  268611.70  73.29
675.8  366428.00  268357.00  73.24
677.3  365978.20  267917.30  73.21
678.8  365363.90  267495.80  73.21
680.3  364374.10  266782.30  73.22
681.8  363132.35  265888.35  73.22
683.3  360539.30  264082.50  73.25
684.8  355349.00  260499.60  73.31
686.3  340050.80  249753.60  73.45
687.8  322413.00  236527.20  73.36
689.3  315632.80  231394.45  73.31
690.8  315081.60  231895.20  73.60
692.3  315344.15  235218.90  74.59
693.8  312421.30  237337.70  75.97
695.3  312313.30  239028.40  76.53
696.8  318316.80  241941.00  76.01
698.3  320320.00  242312.00  75.65
699.8  317063.10  240486.65  75.85
701.3  313253.80  238055.40  75.99
702.8  312860.30  237823.60  76.02
704.2  315859.80  239141.00  75.71
705.7  318705.60  240556.80  75.48
707.2  321020.70  241273.30  75.16
708.7  322696.20  241474.80  74.83
710.2  324067.35  241594.00  74.55
711.7  324210.00  241124.50  74.37
713.2  322886.40  240020.80  74.34
714.7  317796.60  237729.90  74.81
716.2  300849.60  230640.60  76.66
717.6  270702.00  216594.00  80.01
719.1  245471.80  203250.00  82.80
720.6  241318.40  200355.20  83.03
722.1  252280.50  205574.00  81.49
723.6  252221.70  205836.10  81.61
725.0  246501.00  203404.50  82.52
726.5  243706.35  202473.90  83.08
728.0  242931.15  202027.50  83.16
729.5  243472.40  202050.40  82.99
731.0  247359.65  204075.90  82.50
732.4  258564.90  208972.50  80.82
733.9  272903.05  215144.30  78.84
735.4  282117.00  218952.25  77.61
736.8  287223.00  220704.00  76.84
738.3  290936.55  221428.35  76.11
739.8  294005.25  221586.75  75.37
741.2  296867.70  221634.90  74.66
742.7  300234.40  222387.20  74.07
744.2  303937.20  223792.80  73.63
745.7  306085.50  224439.00  73.33
747.1  307514.70  224949.60  73.15
748.6  307486.80  224600.10  73.04
750.0  306282.50  223555.90  72.99
751.5  304950.10  222404.00  72.93
753.0  304364.75  221826.20  72.88
754.4  304048.00  221464.00  72.84
755.9  302937.50  220687.50  72.85
757.3  299928.85  218594.35  72.88
758.8  277259.40  203298.10  73.32
760.3  216591.00  159315.00  73.56
761.7  173828.60  126355.50  72.69
763.2  161502.00  116952.00  72.42
764.6  167499.00  120945.60  72.21
766.1  193536.00  140112.00  72.40
767.5  226551.15  164468.40  72.60
769.0  254272.00  185018.50  72.76
770.4  272429.50  198124.25  72.72
771.9  282380.00  205240.00  72.68
773.3  287315.75  208641.75  72.62
774.8  289003.00  209781.00  72.59
776.2  289923.00  210320.70  72.54
777.7  289966.60  210233.10  72.50
779.1  289266.00  209642.00  72.47
780.5  288707.40  209110.50  72.43
782.0  288002.45  208663.35  72.45
783.4  286694.40  207744.00  72.46
784.9  285214.80  206948.00  72.56
786.3  283049.60  206062.00  72.80
787.8  279155.60  204495.85  73.26
789.2  274015.75  202294.05  73.83
790.6  269452.20  200037.90  74.24
792.0  266726.60  198087.40  74.27
793.5  265474.80  196356.60  73.96
794.9  265241.70  195622.20  73.75
796.3  263971.70  195401.95  74.02
797.8  263971.20  195760.90  74.16
799.2  263993.00  195697.20  74.13
800.6  261976.00  194650.00  74.30
802.1  259888.65  193637.05  74.51
803.5  258352.60  192794.80  74.62
804.9  258585.60  192207.60  74.33
806.3  260406.00  192469.75  73.91
807.8  260992.45  192440.95  73.73
809.2  258485.90  190984.50  73.89
810.6  253689.75  189060.00  74.52
812.0  245875.30  186338.80  75.79
813.4  232050.00  180625.00  77.84
814.8  214479.25  172231.70  80.30
816.3  199009.50  163825.50  82.32
817.7  190395.40  158420.60  83.21
819.1  189909.15  156950.65  82.65
820.5  198313.50  160083.00  80.72
821.9  201724.65  161825.65  80.22
823.3  193585.70  157183.95  81.20
824.7  199659.80  159994.70  80.13
826.1  209440.00  165211.20  78.88
827.5  211422.00  166332.00  78.67
828.9  209071.75  164916.00  78.88
830.3  209385.00  164793.75  78.70
831.7  210677.70  165186.00  78.41
833.2  212081.70  165514.20  78.04
834.5  216565.30  167388.90  77.29
835.9  222731.60  170340.30  76.48
837.3  228230.75  172948.50  75.78
838.7  232638.75  174726.25  75.11
840.1  236731.60  176115.70  74.39
841.5  239037.60  176806.40  73.97
842.9  240490.95  176792.55  73.51
844.3  241293.00  176410.00  73.11
845.7  242863.20  176765.60  72.78
847.1  243921.90  176908.70  72.53
848.5  242970.00  175997.50  72.44
849.9  238113.20  172426.80  72.41
851.2  235433.55  170453.25  72.40
852.6  233982.45  169608.90  72.49
854.0  225789.85  163627.75  72.47
855.4  222177.70  160554.20  72.26
856.8  228183.45  164602.40  72.14
858.2  233381.10  168287.25  72.11
859.5  235972.00  169886.00  71.99
860.9  236695.20  170469.60  72.02
862.3  237361.20  170658.80  71.90
863.7  237591.80  170836.40  71.90
865.0  233912.25  168482.25  72.03
866.4  224970.20  161823.90  71.93
867.8  223180.65  159974.10  71.68
869.1  226062.60  162093.30  71.70
870.5  228758.10  164217.00  71.79
871.9  230413.60  165464.80  71.81
873.2  230338.90  165366.50  71.79
874.6  229399.80  164621.10  71.76
876.0  228684.00  164090.80  71.75
877.3  228340.60  163942.05  71.80
878.7  227915.60  163737.20  71.84
880.0  226313.40  162604.20  71.85
881.4  224659.50  161645.25  71.95
882.8  224549.40  161795.10  72.05
884.1  224900.00  161971.25  72.02
885.5  223664.70  161292.45  72.11
886.8  221428.35  160031.30  72.27
888.2  220760.40  159512.85  72.26
889.5  220789.80  159686.45  72.33
890.9  219841.00  159298.40  72.46
892.2  215896.90  157842.55  73.11
893.6  207960.05  154376.70  74.23
894.9  195829.20  149625.00  76.41
896.2  179635.00  142008.75  79.05
897.6  165558.00  134316.00  81.13
898.9  152943.50  126995.50  83.03
900.3  145135.90  122126.55  84.15
901.6  142959.60  120414.00  84.23
903.0  149933.20  123733.80  82.53
904.3  163568.65  131275.00  80.26
905.6  169080.60  134785.95  79.72
907.0  161580.25  131098.50  81.14
908.3  150507.50  125058.05  83.09
909.6  143164.20  120968.20  84.50
911.0  141724.80  120634.80  85.12
912.3  140913.50  120660.75  85.63
913.6  136720.65  118510.50  86.68
914.9  133992.40  117280.00  87.53
916.2  132417.40  116384.80  87.89
917.6  132696.90  116749.20  87.98
918.9  140063.85  119923.95  85.62
920.2  151296.60  124997.60  82.62
921.5  156800.00  127008.00  81.00
922.9  157092.00  126564.00  80.57
924.2  153533.80  125149.40  81.51
925.5  151516.75  124355.00  82.07
926.8  148493.40  123578.40  83.22
928.1  134642.55  118107.50  87.72
929.4  114921.75  107717.70  93.73
930.7  94042.40  95091.20  101.12
932.0  72807.60  80302.50  110.29
933.4  54735.00  66411.80  121.33
934.7  45139.05  57449.70  127.27
936.0  41717.50  54991.25  131.82
937.3  40050.40  53143.80  132.69
938.6  49051.80  59562.90  121.43
939.9  61701.00  69954.00  113.38
941.2  65272.00  74426.00  114.02
942.5  64037.40  73359.30  114.56
943.8  59580.00  69096.25  115.97
945.1  55979.70  66081.30  118.05
946.4  55134.60  65392.20  118.60
947.7  57261.60  66805.20  116.67
949.0  59147.60  68417.00  115.67
950.2  61444.50  69966.00  113.87
951.5  62451.45  71112.60  113.87
952.8  61592.30  70854.30  115.04
954.1  64042.40  72518.60  113.24
955.4  64665.00  72329.00  111.85
956.7  68138.00  73978.40  108.57
958.0  72676.80  76632.00  105.44
959.3  72475.20  77004.90  106.25
960.5  75746.40  79329.00  104.73
961.8  80693.00  82775.40  102.58
963.1  86406.30  85346.10  98.77
964.4  91116.35  88420.60  97.04
965.7  93802.05  89962.20  95.91
966.9  102232.95  94411.85  92.35
968.2  117244.90  101877.85  86.89
969.5  129161.60  107731.20  83.41
970.8  136880.00  112100.00  81.90
972.0  139582.80  113110.20  81.03
973.3  135036.00  110484.00  81.82
974.6  128945.70  107663.40  83.50
975.8  125695.85  105278.25  83.76
977.1  128818.80  106698.40  82.83
978.4  131402.70  108174.95  82.32
979.6  133300.05  108940.65  81.73
980.9  139531.50  111901.50  80.20
982.2  145178.50  114874.25  79.13
983.4  150333.70  116526.60  77.51
984.7  154831.80  118141.80  76.30
985.9  159675.45  120693.65  75.59
987.2  163200.60  121825.80  74.65
988.5  165921.80  122093.40  73.58
989.7  167346.30  122507.10  73.21
991.0  168631.60  122790.00  72.82
992.2  169961.75  123075.75  72.41
993.5  171360.00  123379.20  72.00
994.7  171745.00  124427.50  72.45
996.0  173053.45  123737.70  71.50
997.2  173016.40  124240.50  71.81
998.5  172980.75  123827.75  71.58
999.7  172722.30  123234.45  71.35
1001.0  171208.80  122434.20  71.51
1002.2  169947.55  122118.00  71.86
1003.4  168517.55  120960.45  71.78
1004.7  165193.05  118440.30  71.70
1005.9  164288.40  117497.40  71.52
1007.2  163743.30  118143.90  72.15
1008.4  164592.00  118300.50  71.88
1009.6  165073.30  117909.50  71.43
1010.9  164308.55  118383.80  72.05
1012.1  163986.55  117133.25  71.43
1013.3  165142.80  117231.00  70.99
1014.6  164477.60  116462.40  70.81
1015.8  164256.00  117032.40  71.25
1017.1  164262.90  116740.30  71.07
1018.3  164722.90  116765.60  70.89
1019.5  163788.50  117293.70  71.61
1020.8  164130.75  116929.75  71.24
1022.0  163642.50  115640.70  70.67
1023.2  162512.60  115762.40  71.23
1024.4  162469.45  115887.30  71.33
1025.7  162435.00  116025.00  71.43
1026.9  162920.40  116541.60  71.53
1028.1  163433.10  115866.75  70.90
1029.3  162454.50  116217.45  71.54
1030.6  162750.50  116616.50  71.65
1031.8  163698.60  116173.20  70.97
1033.0  162744.00  115277.00  70.83
1034.2  163127.25  115722.75  70.94
1035.4  163538.70  116198.55  71.05
1036.7  163647.30  114995.40  70.27
1037.9  162249.45  115242.60  71.03
1039.1  163542.75  116816.25  71.43
1040.3  163643.70  117117.55  71.57
1041.5  162958.95  116869.55  71.72
1042.7  163934.85  118303.50  72.16
1043.9  163235.70  118085.40  72.34
1045.2  163888.80  117572.40  71.74
1046.4  162754.30  117036.80  71.91
1047.6  163029.30  116181.80  71.26
1048.8  161397.60  115284.00  71.43
1050.0  161663.00  116318.50  71.95
1051.2  163939.95  117389.10  71.60
1052.4  161736.90  116118.80  71.79
1053.6  163213.05  116580.75  71.43
1054.8  160898.20  115237.90  71.62
1056.0  162928.70  116058.80  71.23
1057.2  161777.05  116206.05  71.83
1058.4  160583.70  116365.00  72.46
1059.7  159855.30  116909.10  73.13
1060.9  158551.25  117084.00  73.85
1062.1  160224.00  115161.00  71.88
1063.3  159420.60  115708.50  72.58
1064.5  161223.00  113649.00  70.49
1065.7  159828.05  116484.85  72.88
1066.9  157770.30  113483.90  71.93
1068.1  159070.80  113622.00  71.43
1069.3  156907.80  116228.00  74.07
1070.5  157606.10  113000.60  71.70
1071.7  155274.60  115694.80  74.51
1072.9  155955.00  112287.60  72.00
1074.1  154840.80  116130.60  75.00
1075.3  155084.40  114627.60  73.91
1076.5  154693.45  115197.25  74.47
