/*** Spectra Vista SIG Data ***/
name= 230505_1714_R953_T960.sig
instrument= HK: 9202056 (HR-512i)
integration= 10.0, 0.0, 0.0, 50.0, 0.0, 0.0
scan method= Time-based, Time-based
scan coadds= 500, 0, 0, 100, 0, 0
scan time= 5, 5
scan settings= AI, AI
external data set1= 0,0,0,0,0,0,0,0,0,0,0,0,0,0,0,0,0,0,0,0,0,0,0,0,0,0,0,0,0,0,0,0
external data set2= 0,0,0,0,0,0,0,0,0,0,0,0,0,0,0,0,0,0,0,0,0,0,0,0,0,0,0,0,0,0,0,0
external data dark= 0,0,0,0,0,0,0,0,0,0,0,0,0,0,0,0
external data mask= 0
optic= LENS 4(1), LENS 4(1)
temp= 24.8, 0.0, 0.0, 26.1, 0.0, 0.0
battery= 8.24, 8.25
error= 0, 0
units= Radiance, Radiance
time= 5/5/2023 5:11:29 PM, 5/5/2023 5:14:44 PM
longitude=                 , 07748.9040W     
latitude=                 , 3411.0590N      
gpstime=                 , 182243.000      
comm= 
memory slot= 953, 960
factors= 1.000, 1.000, 1.000 [Overlap: Preserve, Matching Type: None]
inclinometer x offset= 3, 5
inclinometer y offset= -16, 14
data= 
339.7  44782.65  43559.67  97.27
341.4  48316.40  46891.24  97.05
343.0  50434.35  48669.98  96.50
344.7  51440.25  49421.10  96.07
346.4  54044.30  51564.08  95.41
348.0  56614.25  53702.66  94.86
349.7  59529.60  56019.60  94.10
351.3  64178.50  59972.76  93.45
353.0  67518.50  62678.56  92.83
354.6  72075.40  66272.94  91.95
356.2  71783.25  65532.39  91.29
357.9  67134.00  60495.75  90.11
359.5  67662.80  60098.32  88.82
361.2  72523.90  63767.22  87.93
362.8  76465.90  66596.18  87.09
364.5  81425.85  70383.00  86.44
366.1  88670.30  76127.88  85.85
367.7  93585.60  79813.08  85.28
369.4  94405.85  79964.50  84.70
371.0  94994.90  79876.16  84.08
372.6  92551.50  77173.35  83.38
374.3  87912.75  72641.85  82.63
375.9  89431.10  73062.22  81.70
377.5  97494.15  79007.37  81.04
379.1  103101.90  83116.33  80.62
380.8  100654.40  80651.20  80.13
382.4  93357.00  74230.20  79.51
384.0  84193.65  66311.28  78.76
385.6  87778.40  68377.82  77.90
387.3  92944.80  71959.68  77.42
388.9  97631.40  74994.58  76.81
390.5  105519.70  80409.12  76.20
392.1  109307.25  82800.45  75.75
393.8  99120.00  74464.00  75.13
395.4  100871.40  74641.77  74.00
397.0  106649.40  78136.11  73.26
398.6  120775.40  87298.54  72.28
400.2  147403.80  105561.88  71.61
401.8  164918.25  117197.50  71.06
403.4  173692.40  122319.82  70.42
405.0  174840.00  121800.00  69.66
406.6  173769.75  119623.35  68.84
408.3  175464.45  119313.60  68.00
409.9  179131.20  120514.24  67.28
411.5  181953.00  121157.10  66.59
413.1  188400.00  124290.00  65.97
414.7  191219.70  125145.30  65.45
416.3  193030.75  125420.90  64.97
417.9  192389.10  124203.54  64.56
419.5  190611.15  122286.48  64.15
421.1  191829.60  122313.84  63.76
422.7  192572.60  122164.68  63.44
424.3  191043.90  120548.66  63.10
425.9  190511.75  119614.88  62.79
427.5  187467.00  117141.20  62.49
429.1  181545.95  112916.05  62.20
430.7  170352.45  105488.22  61.92
432.3  173495.40  106566.98  61.42
433.9  185828.65  113557.29  61.11
435.5  194055.00  118091.98  60.85
437.1  203528.00  123302.40  60.58
438.7  203263.10  122688.42  60.36
440.3  203835.45  122392.83  60.04
441.9  210795.75  125865.45  59.71
443.5  219011.20  130122.49  59.41
445.0  223626.25  132253.75  59.14
446.6  224615.60  132199.87  58.86
448.2  229449.85  134356.64  58.56
449.8  235402.05  137252.44  58.31
451.4  241417.85  140152.59  58.05
453.0  239775.80  138718.25  57.85
454.6  236410.65  136181.25  57.60
456.2  237360.60  136122.34  57.35
457.8  239609.95  136872.47  57.12
459.3  239509.80  136331.97  56.92
460.9  240292.80  136231.04  56.69
462.5  243168.00  137357.28  56.49
464.1  243045.60  136810.56  56.29
465.7  240516.00  134917.44  56.09
467.2  238061.50  133040.60  55.88
468.8  236948.85  131868.60  55.65
470.4  235872.00  130742.10  55.43
472.0  236894.85  130725.93  55.18
473.6  239374.30  131515.34  54.94
475.1  240858.55  131739.12  54.70
476.7  240939.30  131144.98  54.43
478.3  242538.60  131463.18  54.20
479.9  244256.85  132029.46  54.05
481.5  245536.80  132501.18  53.96
483.0  244886.40  131920.18  53.87
484.6  239808.00  128924.16  53.76
486.2  228518.50  122568.32  53.64
487.8  223095.60  119175.84  53.42
489.3  227550.00  121102.50  53.22
490.9  232239.60  123258.48  53.07
492.5  232597.20  123160.07  52.95
494.0  234366.50  123705.80  52.78
495.6  236379.85  124386.92  52.62
497.2  236787.30  124275.90  52.48
498.8  234028.70  122462.60  52.33
500.3  230165.10  120075.88  52.17
501.9  225810.25  117374.75  51.98
503.5  224803.80  116353.12  51.76
505.0  225679.45  116378.16  51.57
506.6  227354.85  116946.00  51.44
508.2  226281.60  116141.04  51.33
509.7  225694.80  115614.27  51.23
511.3  225330.10  115233.22  51.14
512.9  222970.05  113866.56  51.07
514.4  218868.00  111562.90  50.97
516.0  213810.00  108720.00  50.85
517.5  207070.20  104994.36  50.70
519.1  207098.45  104621.53  50.52
520.7  211596.00  106592.64  50.38
522.2  214018.50  107628.40  50.29
523.8  216840.80  108847.11  50.20
525.4  217838.55  109147.58  50.10
526.9  215091.30  107583.74  50.02
528.5  217038.15  108273.00  49.89
530.0  220633.65  109815.45  49.77
531.6  221917.60  110271.52  49.69
533.2  220583.40  109441.57  49.61
534.7  221788.00  109838.40  49.52
536.3  222094.20  109804.44  49.44
537.8  221034.10  109106.90  49.36
539.4  219033.60  107916.00  49.27
541.0  216963.60  106651.92  49.16
542.5  217101.60  106464.24  49.04
544.1  218636.10  107016.18  48.95
545.6  219363.75  107203.80  48.87
547.2  219095.95  106916.15  48.80
548.7  219240.00  106814.40  48.72
550.3  219626.30  106846.14  48.65
551.8  219854.25  106800.12  48.58
553.4  220506.00  106918.24  48.49
554.9  221402.90  107143.86  48.39
556.5  220460.00  106486.56  48.30
558.0  218477.00  105309.10  48.20
559.6  216669.25  104202.35  48.09
561.1  217832.45  104483.85  47.97
562.7  219157.35  104871.39  47.85
564.2  220639.20  105328.07  47.74
565.8  220239.60  104919.96  47.64
567.3  219961.30  104445.45  47.48
568.9  219381.70  103746.98  47.29
570.4  218033.10  102682.35  47.09
572.0  218232.75  102354.45  46.90
573.5  219727.20  102610.41  46.70
575.1  220035.20  102344.64  46.51
576.6  219539.00  101778.50  46.36
578.2  218657.10  101114.35  46.24
579.7  218572.25  100910.35  46.17
581.2  219845.90  101460.64  46.15
582.8  221879.75  102407.49  46.15
584.3  222408.75  102660.45  46.16
585.9  221233.20  102033.06  46.12
587.4  218570.40  100517.76  45.99
588.9  212645.75  97287.15  45.75
590.5  208960.30  95056.58  45.49
592.0  209397.00  94897.65  45.32
593.6  210371.20  95147.00  45.23
595.1  210703.90  95179.92  45.17
596.6  211422.40  95494.40  45.17
598.2  211870.75  95764.05  45.20
599.7  211631.90  95728.56  45.23
601.2  211039.50  95515.70  45.26
602.8  211083.65  95556.26  45.27
604.3  212025.40  95967.88  45.26
605.8  212856.00  96263.04  45.22
607.4  212649.30  96089.49  45.19
608.9  211433.85  95414.61  45.13
610.5  210118.70  94704.50  45.07
612.0  208924.95  94062.54  45.02
613.5  207408.00  93259.10  44.96
615.0  206012.45  92501.50  44.90
616.6  204280.80  91578.56  44.83
618.1  204384.60  91460.88  44.75
619.6  205390.00  91770.00  44.68
621.2  205898.00  91863.36  44.62
622.7  204979.20  91307.52  44.54
624.2  203523.30  90480.60  44.46
625.8  201722.05  89429.20  44.33
627.3  200410.50  88422.40  44.12
628.8  198857.40  87278.94  43.89
630.3  197912.30  86659.54  43.79
631.8  197510.30  86459.62  43.77
633.4  198046.20  86813.10  43.83
634.9  198682.00  87247.67  43.91
636.4  199513.75  87711.62  43.96
638.0  200618.70  88287.24  44.01
639.5  200592.00  88342.80  44.04
641.0  200061.40  88155.76  44.06
642.5  199750.60  88021.78  44.07
644.0  199391.00  87840.40  44.05
645.5  198443.90  87292.80  43.99
647.1  196854.00  86319.28  43.85
648.6  195091.60  85288.92  43.72
650.1  194080.50  84774.15  43.68
651.6  194408.75  84847.62  43.64
653.1  194791.50  85045.14  43.66
654.7  193115.70  84404.96  43.71
656.2  187400.15  81923.46  43.72
657.7  184976.80  80844.16  43.71
659.2  187617.30  82050.54  43.73
660.7  191047.75  83610.25  43.76
662.2  193987.30  84934.98  43.78
663.7  195350.40  85523.94  43.78
665.2  195676.60  85643.82  43.77
666.8  195741.95  85624.28  43.74
668.3  195648.90  85516.32  43.71
669.8  195359.45  85388.38  43.71
671.3  194779.70  85100.12  43.69
672.8  194437.40  84875.98  43.65
674.3  194011.20  84620.42  43.62
675.8  193920.00  84446.10  43.55
677.3  193669.00  84243.46  43.50
678.8  193358.00  84012.50  43.45
680.3  192830.10  83711.38  43.41
681.8  192162.60  83355.02  43.38
683.3  190832.95  82681.83  43.33
684.8  188138.60  81367.12  43.25
686.3  179781.40  77137.44  42.91
687.8  169696.80  71667.96  42.23
689.3  165729.20  69357.89  41.85
690.8  165986.40  69386.40  41.80
692.3  168346.20  70576.76  41.92
693.8  169717.90  71195.74  41.95
695.3  171054.00  71920.94  42.05
696.8  173489.40  73329.76  42.27
698.3  173992.00  73830.40  42.43
699.8  172726.75  73238.36  42.40
701.3  171109.15  72476.83  42.36
702.8  171226.50  72515.64  42.35
704.2  172429.00  73189.52  42.45
705.7  173664.00  73850.08  42.52
707.2  174407.35  74316.88  42.61
708.7  174831.60  74642.52  42.69
710.2  175102.20  74894.14  42.77
711.7  174945.00  74932.10  42.83
713.2  174307.20  74696.96  42.85
714.7  172484.40  73858.98  42.82
716.2  166672.40  70897.64  42.54
717.6  155412.00  65091.60  41.88
719.1  145039.20  59750.08  41.20
720.6  142908.80  58545.28  40.97
722.1  147095.50  60745.70  41.30
723.6  147252.40  60957.68  41.40
725.0  145375.20  59939.82  41.23
726.5  144671.40  59476.02  41.11
728.0  144352.80  59346.27  41.11
729.5  144560.00  59492.00  41.15
731.0  146271.15  60351.51  41.26
732.4  150404.10  62596.38  41.62
733.9  155695.05  65535.05  42.09
735.4  158959.90  67458.82  42.44
736.8  160626.00  68491.20  42.64
738.3  161612.30  69187.04  42.81
739.8  162104.25  69715.80  43.01
741.2  162423.90  70182.45  43.21
742.7  163286.40  70815.84  43.37
744.2  164640.00  71571.36  43.47
745.7  165307.50  72000.60  43.56
747.1  165786.90  72296.70  43.61
748.6  165653.10  72276.24  43.63
750.0  164907.35  71979.42  43.65
751.5  164175.70  71633.64  43.63
753.0  163784.55  71447.24  43.62
754.4  163618.00  71337.20  43.60
755.9  163062.50  71050.00  43.57
757.3  161471.05  70288.14  43.53
758.8  149322.90  64706.59  43.33
760.3  115519.50  48697.50  42.16
761.7  90375.20  35849.70  39.67
763.2  82368.00  30914.40  37.53
764.6  85114.80  31448.52  36.95
766.1  99792.00  38277.12  38.36
767.5  118873.20  47779.97  40.19
769.0  135082.00  56197.40  41.60
770.4  145702.00  61867.95  42.46
771.9  151480.00  65100.00  42.98
773.3  154305.75  66731.40  43.25
774.8  155369.50  67367.30  43.36
776.2  155878.80  67658.34  43.40
777.7  155809.50  67693.01  43.45
779.1  155474.00  67517.60  43.43
780.5  155071.55  67350.07  43.43
782.0  154734.00  67203.10  43.43
783.4  154137.60  66877.44  43.39
784.9  153499.40  66550.12  43.36
786.3  152714.40  66097.44  43.28
787.8  151395.60  65333.27  43.15
789.2  149514.65  64274.30  42.99
790.6  147607.95  63260.55  42.86
792.0  146191.50  62574.96  42.80
793.5  145089.00  62147.16  42.83
794.9  144567.90  62004.33  42.89
796.3  144302.20  61756.45  42.80
797.8  144581.00  61752.94  42.71
799.2  144520.40  61754.54  42.73
800.6  143628.80  61317.04  42.69
802.1  142738.70  60854.70  42.63
803.5  142089.20  60506.16  42.58
804.9  141798.80  60432.84  42.62
806.3  142226.25  60741.85  42.71
807.8  142169.85  60822.07  42.78
809.2  141065.80  60306.64  42.75
810.6  139431.75  59410.05  42.61
812.0  137038.40  57969.75  42.30
813.4  132175.00  55335.00  41.86
814.8  125121.90  51734.34  41.35
816.3  118416.15  48356.01  40.84
817.7  114259.60  46240.48  40.47
819.1  113309.05  45823.68  40.44
820.5  116077.50  47308.80  40.76
821.9  117350.00  48160.44  41.04
823.3  113859.90  46498.76  40.84
824.7  116205.40  47525.34  40.90
826.1  120243.20  49575.68  41.23
827.5  121116.75  50100.00  41.37
828.9  120124.00  49602.05  41.29
830.3  120202.50  49632.00  41.29
831.7  120612.00  49870.44  41.35
833.2  120942.45  50186.46  41.50
834.5  122535.70  51067.80  41.68
835.9  124943.65  52336.44  41.89
837.3  126996.00  53444.15  42.08
838.7  128537.50  54324.75  42.26
840.1  129829.80  55027.20  42.38
841.5  130569.20  55455.56  42.47
842.9  130640.70  55706.61  42.64
844.3  130513.50  55733.60  42.70
845.7  130830.80  56031.36  42.83
847.1  131106.10  56192.72  42.86
848.5  130362.75  55976.55  42.94
849.9  127899.00  54886.04  42.91
851.2  126439.50  54192.93  42.86
852.6  125666.25  53898.66  42.89
854.0  121364.10  52097.76  42.93
855.4  119083.25  51064.23  42.88
856.8  122102.60  52348.96  42.87
858.2  124891.35  53510.22  42.85
859.5  126117.00  54149.00  42.94
860.9  126494.40  54382.08  42.99
862.3  126663.60  54461.80  43.00
863.7  126871.15  54516.91  42.97
865.0  124862.25  53798.00  43.09
866.4  120033.20  51732.10  43.10
867.8  118768.65  51087.30  43.01
869.1  120390.60  51703.80  42.95
870.5  121826.10  52358.49  42.98
871.9  122745.50  52770.90  42.99
873.2  122703.90  52839.00  43.06
874.6  122227.70  52575.74  43.01
876.0  121764.20  52436.84  43.06
877.3  121686.85  52331.44  43.01
878.7  121568.70  52288.94  43.01
880.0  120756.00  51841.80  42.93
881.4  119916.75  51465.15  42.92
882.8  119958.90  51484.14  42.92
884.1  120235.00  51510.75  42.84
885.5  119492.10  51298.44  42.93
886.8  118582.75  50846.51  42.88
888.2  118008.10  50613.36  42.89
889.5  118118.00  50609.02  42.85
890.9  117862.40  50459.84  42.81
892.2  116575.00  49800.84  42.72
893.6  113776.10  48343.04  42.49
894.9  109645.20  46012.68  41.97
896.2  103411.50  42772.55  41.36
897.6  97170.00  39704.40  40.86
898.9  91566.50  36926.00  40.33
900.3  87738.95  35045.01  39.94
901.6  86339.40  34330.80  39.76
903.0  89233.60  35641.56  39.94
904.3  95043.10  38489.83  40.50
905.6  97566.95  39877.50  40.87
907.0  94682.25  38574.25  40.74
908.3  90030.85  36176.53  40.18
909.6  86564.40  34514.78  39.87
911.0  86328.40  34193.92  39.61
912.3  86145.50  34172.95  39.67
913.6  84691.65  33298.56  39.32
914.9  83562.00  32838.40  39.30
916.2  82835.10  32480.86  39.21
917.6  83048.40  32497.20  39.13
918.9  85747.15  33810.62  39.43
920.2  90035.40  35952.28  39.93
921.5  91884.80  37130.24  40.41
922.9  91584.00  37206.00  40.63
924.2  90314.00  36512.66  40.43
925.5  89666.50  36128.40  40.29
926.8  89029.60  35744.72  40.15
928.1  84025.05  33340.06  39.68
929.4  75814.05  29365.08  38.73
930.7  65724.80  24891.52  37.87
932.0  54605.70  20057.78  36.73
933.4  44517.80  15690.70  35.25
934.7  38424.15  13056.75  33.98
936.0  36028.75  12060.15  33.47
937.3  35044.10  11553.00  32.97
938.6  39708.60  13391.92  33.73
939.9  47160.00  16348.80  34.67
941.2  50148.00  17591.60  35.08
942.5  49851.90  17346.84  34.80
943.8  46753.75  16301.75  34.87
945.1  44615.40  15489.12  34.72
946.4  44022.20  15215.44  34.56
947.7  45115.20  15616.80  34.62
949.0  46347.00  16155.24  34.86
950.2  47541.00  16594.50  34.91
951.5  48320.10  16957.62  35.09
952.8  48162.40  16856.84  35.00
954.1  49444.50  17329.12  35.05
955.4  49337.00  17435.60  35.34
956.7  50616.80  18105.24  35.77
958.0  52900.80  19083.84  36.07
959.3  52846.50  18924.08  35.81
960.5  54762.60  19755.48  36.07
961.8  57266.00  20824.00  36.36
963.1  59371.20  22052.16  37.14
964.4  60923.95  23075.62  37.88
965.7  63083.25  23587.65  37.39
966.9  65920.70  25139.25  38.14
968.2  72282.05  28116.01  38.90
969.5  77612.80  30581.76  39.40
970.8  80240.00  32214.00  40.15
972.0  81222.75  32729.76  40.30
973.3  79180.20  31917.60  40.31
974.6  76365.90  30546.36  40.00
975.8  75289.90  29860.74  39.66
977.1  76120.20  30317.96  39.83
978.4  76983.40  30793.36  40.00
979.6  77814.75  31261.23  40.17
980.9  80127.00  32465.25  40.52
982.2  83160.50  33546.10  40.34
983.4  84877.40  34382.54  40.51
984.7  85854.60  35369.16  41.20
985.9  87709.05  36283.06  41.37
987.2  88879.20  37084.08  41.72
988.5  89222.10  37410.67  41.93
989.7  89678.40  37793.04  42.14
991.0  90864.60  37819.32  41.62
992.2  90423.00  38011.15  42.04
993.5  90820.80  38041.92  41.89
994.7  90253.75  38379.75  42.52
996.0  91458.30  38555.95  42.16
997.2  91109.70  38836.66  42.63
998.5  90744.00  38566.20  42.50
999.7  91212.90  38425.86  42.13
1001.0  90581.40  38223.36  42.20
1002.2  89553.20  37856.58  42.27
1003.4  88911.10  37632.14  42.33
1004.7  87271.80  36986.62  42.38
1005.9  86303.40  36600.96  42.41
1007.2  86017.05  36686.79  42.65
1008.4  86410.80  36415.98  42.14
1009.6  86125.20  36705.74  42.62
1010.9  86746.75  36535.69  42.12
1012.1  86576.75  36667.80  42.35
1013.3  85629.60  36698.40  42.86
1014.6  85814.40  36777.60  42.86
1015.8  85207.80  36752.28  43.13
1017.1  85747.30  36571.74  42.65
1018.3  85489.10  36489.25  42.68
1019.5  85592.70  36561.82  42.72
1020.8  84747.25  36688.05  43.29
1022.0  85094.10  36437.73  42.82
1023.2  85708.70  36287.06  42.34
1024.4  85211.25  36129.57  42.40
1025.7  84698.25  36199.80  42.74
1026.9  85622.40  36627.36  42.78
1028.1  84155.85  36589.50  43.48
1029.3  84976.20  36489.78  42.94
1030.6  84579.00  36394.60  43.03
1031.8  85809.75  36436.14  42.46
1033.0  85440.60  36617.40  42.86
1034.2  86443.50  36808.20  42.58
1035.4  86073.00  36437.57  42.33
1036.7  85509.40  36267.78  42.41
1037.9  84915.60  36392.40  42.86
1039.1  85665.25  36135.16  42.18
1040.3  85030.55  36258.31  42.64
1041.5  83948.55  36542.31  43.53
1042.7  84502.50  36505.08  43.20
1043.9  85090.95  36467.55  42.86
1045.2  85507.20  36340.56  42.50
1046.4  85948.90  36574.00  42.55
1047.6  86199.40  36353.66  42.17
1048.8  86463.00  36122.32  41.78
1050.0  84774.50  36275.60  42.79
1051.2  85005.90  36026.31  42.38
1052.4  85015.55  36079.77  42.44
1053.6  84786.00  36457.98  43.00
1054.8  84797.70  36528.24  43.08
1056.0  84812.20  35264.02  41.58
1057.2  84306.35  35545.38  42.16
1058.4  86110.10  35374.96  41.08
1059.7  83506.50  35311.32  42.29
1060.9  82934.50  35125.20  42.35
1062.1  82615.50  35549.70  43.03
1063.3  82281.60  34969.68  42.50
1064.5  81933.00  34887.60  42.58
1065.7  83977.45  34674.56  41.29
1066.9  83037.00  34321.96  41.33
1068.1  82375.95  35222.82  42.76
1069.3  84265.30  34868.40  41.38
1070.5  83263.60  35089.66  42.14
1071.7  82204.20  34708.44  42.22
1072.9  84215.70  34933.92  41.48
1074.1  83872.10  34194.01  40.77
1075.3  80913.60  35062.56  43.33
1076.5  82283.75  34230.04  41.60
