/*** Spectra Vista SIG Data ***/
name= 230505_1653_R941_T949.sig
instrument= HK: 9202056 (HR-512i)
integration= 20.0, 0.0, 0.0, 50.0, 0.0, 0.0
scan method= Time-based, Time-based
scan coadds= 250, 0, 0, 100, 0, 0
scan time= 5, 5
scan settings= AI, AI
external data set1= 0,0,0,0,0,0,0,0,0,0,0,0,0,0,0,0,0,0,0,0,0,0,0,0,0,0,0,0,0,0,0,0
external data set2= 0,0,0,0,0,0,0,0,0,0,0,0,0,0,0,0,0,0,0,0,0,0,0,0,0,0,0,0,0,0,0,0
external data dark= 0,0,0,0,0,0,0,0,0,0,0,0,0,0,0,0
external data mask= 0
optic= LENS 4(1), LENS 4(1)
temp= 25.7, 0.0, 0.0, 27.0, 0.0, 0.0
battery= 8.27, 8.27
error= 0, 0
units= Radiance, Radiance
time= 5/5/2023 4:49:27 PM, 5/5/2023 4:53:42 PM
longitude=                 , 07746.6527W     
latitude=                 , 3409.6268N      
gpstime=                 , 175909.000      
comm= 
memory slot= 941, 949
factors= 1.000, 1.000, 1.000 [Overlap: Preserve, Matching Type: None]
inclinometer x offset= 5, 5
inclinometer y offset= -9, -5
data= 
339.7  36959.18  50645.76  137.03
341.4  39887.10  54538.44  136.73
343.0  41529.28  56726.16  136.59
344.7  42466.25  57593.85  135.62
346.4  44552.10  60015.20  134.71
348.0  46614.85  62555.07  134.20
349.7  48999.60  65145.60  132.95
351.3  52776.58  69858.98  132.37
353.0  55552.35  73000.20  131.41
354.6  59260.55  77279.40  130.41
356.2  58951.20  76687.38  130.09
357.9  55047.38  70916.55  128.83
359.5  55444.20  70413.52  127.00
361.2  59437.80  74945.44  126.09
362.8  62479.73  78200.43  125.16
364.5  66499.80  82663.62  124.31
366.1  72416.10  89301.06  123.32
367.7  76400.10  93826.80  122.81
369.4  76980.75  93904.58  121.98
371.0  77427.35  93835.56  121.19
372.6  75360.00  90738.15  120.41
374.3  71567.75  85390.95  119.31
375.9  72705.88  85637.75  117.79
377.5  79164.80  92546.35  116.90
379.1  83674.53  97476.17  116.49
380.8  81662.00  94589.60  115.83
382.4  75658.50  87229.80  115.29
384.0  68187.83  77670.90  113.91
385.6  71125.75  79971.56  112.44
387.3  75348.00  84202.56  111.75
388.9  79112.00  87688.46  110.84
390.5  85529.68  93896.99  109.78
392.1  88578.00  96936.30  109.44
393.8  80360.00  87264.00  108.59
395.4  81823.88  87043.74  106.38
397.0  86671.00  91489.32  105.56
398.6  98349.70  101724.10  103.43
400.2  120241.60  123220.68  102.48
401.8  134841.88  136894.45  101.52
403.4  142293.20  142966.04  100.47
405.0  143640.00  142464.00  99.18
406.6  143162.25  140020.65  97.81
408.3  144996.08  139659.24  96.32
409.9  148552.40  141246.72  95.08
411.5  151317.00  142012.35  93.85
413.1  157075.00  145780.00  92.81
414.7  159703.95  146860.98  91.96
416.3  161497.88  147159.65  91.12
417.9  161177.40  145775.40  90.44
419.5  159824.18  143487.96  89.78
421.1  160949.40  143457.04  89.13
422.7  161619.70  143332.20  88.68
424.3  160368.90  141358.58  88.15
425.9  159937.53  140260.01  87.70
427.5  157368.00  137349.40  87.28
429.1  152352.93  132406.63  86.91
430.7  142962.68  123776.34  86.58
432.3  145519.08  124852.26  85.80
433.9  155842.75  133341.88  85.56
435.5  162720.83  138631.37  85.20
437.1  170639.00  144818.00  84.87
438.7  170349.85  144217.11  84.66
440.3  170759.40  143810.24  84.22
441.9  176542.88  148012.20  83.84
443.5  183348.83  153161.73  83.54
445.0  187143.13  155806.00  83.25
446.6  187947.65  155864.17  82.93
448.2  191949.30  158470.32  82.56
449.8  196882.08  161978.18  82.27
451.4  201827.40  165424.96  81.96
453.0  200388.65  163844.12  81.76
454.6  197513.25  160802.82  81.41
456.2  198285.90  160780.66  81.09
457.8  200114.25  161721.51  80.81
459.3  199977.68  161087.82  80.55
460.9  200569.60  160927.80  80.24
462.5  202959.60  162286.08  79.96
464.1  202755.60  161657.76  79.73
465.7  200613.60  159397.44  79.45
467.2  198513.63  157197.20  79.19
468.8  197518.35  155860.23  78.91
470.4  196566.75  154620.90  78.66
472.0  197351.85  154637.34  78.36
473.6  199324.68  155717.76  78.12
475.1  200509.05  156116.61  77.86
476.7  200465.15  155592.24  77.62
478.3  201747.30  156056.31  77.35
479.9  203129.78  156733.11  77.16
481.5  204205.55  157156.00  76.96
483.0  203666.18  156370.17  76.78
484.6  199449.60  152739.84  76.58
486.2  190006.08  145244.68  76.44
487.8  185465.70  141160.32  76.11
489.3  189187.50  143565.00  75.89
490.9  193030.80  146136.48  75.71
492.5  193296.68  146014.44  75.54
494.0  194727.50  146649.70  75.31
495.6  196346.33  147523.81  75.13
497.2  196663.23  147398.49  74.95
498.8  194291.63  145267.92  74.77
500.3  191040.85  142464.32  74.57
501.9  187347.50  139329.00  74.37
503.5  186457.70  138269.04  74.16
505.0  187126.85  138389.16  73.95
506.6  188476.88  139067.19  73.78
508.2  187531.20  138088.80  73.64
509.7  187019.33  137391.39  73.46
511.3  186697.13  136863.90  73.31
512.9  184731.98  135173.07  73.17
514.4  181276.75  132370.00  73.02
516.0  177060.00  129126.00  72.93
517.5  171432.90  124748.64  72.77
519.1  171431.33  124307.95  72.51
520.7  175144.20  126649.60  72.31
522.2  177067.75  127801.10  72.18
523.8  179383.48  129263.08  72.06
525.4  180168.23  129718.75  72.00
526.9  177851.00  127882.78  71.90
528.5  179417.63  128740.65  71.75
530.0  182342.93  130666.92  71.66
531.6  183364.60  131242.08  71.57
533.2  182229.03  130233.16  71.47
534.7  183218.00  130709.60  71.34
536.3  183424.40  130710.04  71.26
537.8  182503.83  129860.99  71.16
539.4  180835.20  128500.08  71.06
541.0  179096.40  127026.24  70.93
542.5  179165.40  126888.24  70.82
544.1  180410.10  127591.74  70.72
545.6  180999.38  127833.15  70.63
547.2  180732.58  127502.87  70.55
548.7  180810.00  127377.60  70.45
550.3  181103.03  127440.68  70.37
551.8  181255.73  127399.23  70.29
553.4  181753.00  127584.60  70.20
554.9  182474.60  127894.06  70.09
556.5  181667.80  127160.16  70.00
558.0  179979.50  125811.60  69.90
559.6  178470.25  124551.35  69.79
561.1  179383.48  125020.02  69.69
562.7  180430.75  125570.09  69.59
564.2  181613.95  126244.37  69.51
565.8  181240.80  125851.20  69.44
567.3  180916.13  125384.86  69.31
568.9  180350.60  124717.98  69.15
570.4  179127.45  123560.37  68.98
572.0  179226.38  123282.90  68.79
573.5  180385.80  123779.25  68.62
575.1  180560.80  123624.64  68.47
576.6  180087.25  123043.10  68.32
578.2  179363.80  122342.54  68.21
579.7  179269.35  122091.96  68.11
581.2  180348.90  122689.50  68.03
582.8  182032.60  123711.72  67.96
584.3  182499.00  123894.85  67.89
585.9  181541.55  123077.82  67.80
587.4  179301.60  121383.36  67.70
588.9  174328.25  117827.95  67.59
590.5  171193.20  115419.70  67.42
592.0  171481.43  115469.40  67.34
593.6  172244.80  115825.84  67.24
595.1  172528.95  115851.34  67.15
596.6  173118.00  116120.64  67.08
598.2  173558.88  116287.40  67.00
599.7  173374.83  116064.57  66.94
601.2  172932.20  115658.13  66.88
602.8  173009.45  115584.43  66.81
604.3  173809.85  116014.44  66.75
605.8  174484.00  116339.56  66.68
607.4  174322.13  116100.54  66.60
608.9  173281.20  115278.91  66.53
610.5  172181.63  114419.25  66.45
612.0  171208.05  113639.76  66.38
613.5  169971.75  112688.70  66.30
615.0  168843.33  111803.23  66.22
616.6  167376.40  110709.44  66.14
618.1  167435.10  110610.36  66.06
619.6  168283.00  111036.00  65.98
621.2  168710.30  111192.56  65.91
622.7  167942.40  110568.96  65.84
624.2  166719.60  109621.62  65.75
625.8  165206.43  108475.75  65.66
627.3  164025.75  107545.00  65.57
628.8  162669.15  106460.69  65.45
630.3  161897.38  105819.56  65.36
631.8  161582.85  105529.58  65.31
633.4  162128.45  105836.28  65.28
634.9  162722.20  106196.35  65.26
636.4  163435.88  106625.11  65.24
638.0  164423.10  107202.36  65.20
639.5  164430.00  107184.00  65.19
641.0  164021.55  106857.52  65.15
642.5  163775.85  106647.52  65.12
644.0  163529.00  106433.60  65.09
645.5  162743.05  105851.18  65.04
647.1  161363.60  104866.72  64.99
648.6  159861.85  103841.06  64.96
650.1  159078.75  103279.50  64.92
651.6  159302.80  103429.95  64.93
653.1  159632.33  103584.87  64.89
654.7  158259.30  102629.61  64.85
656.2  153641.78  99595.44  64.82
657.7  151653.60  98223.20  64.77
659.2  153904.08  99692.45  64.78
660.7  156715.50  101487.85  64.76
662.2  159162.90  102991.72  64.71
663.7  160296.83  103624.86  64.65
665.2  160636.95  103740.74  64.58
666.8  160692.08  103669.47  64.51
668.3  160587.60  103511.52  64.46
669.8  160409.15  103313.87  64.41
671.3  159918.70  102923.42  64.36
672.8  159624.60  102618.64  64.29
674.3  159305.75  102334.92  64.24
675.8  159201.25  102131.20  64.15
677.3  158946.55  101924.06  64.12
678.8  158693.15  101704.24  64.09
680.3  158259.80  101378.32  64.06
681.8  157704.40  100985.78  64.03
683.3  156608.93  100223.31  64.00
684.8  154325.30  98723.00  63.97
686.3  147315.60  94134.56  63.90
687.8  138765.90  88310.04  63.64
689.3  135369.33  85952.79  63.50
690.8  135598.80  86034.72  63.45
692.3  137599.18  87367.02  63.49
693.8  138693.00  88117.40  63.53
695.3  139861.80  88847.46  63.53
696.8  141989.30  90223.48  63.54
698.3  142492.00  90540.80  63.54
699.8  141425.23  89806.82  63.50
701.3  140095.28  88871.83  63.44
702.8  140146.05  88864.66  63.41
704.2  141225.00  89544.72  63.41
705.7  142281.20  90219.52  63.41
707.2  142952.03  90640.51  63.41
708.7  143325.60  90908.16  63.43
710.2  143646.88  91121.56  63.43
711.7  143513.75  91078.40  63.46
713.2  142978.00  90755.52  63.48
714.7  141499.50  89829.36  63.48
716.2  136571.30  86693.32  63.48
717.6  127143.00  80481.60  63.30
719.1  118454.10  74676.76  63.04
720.6  116742.40  73461.76  62.93
722.1  120254.25  75885.80  63.10
723.6  120422.05  76065.82  63.17
725.0  118803.60  74949.48  63.09
726.5  118164.83  74515.68  63.06
728.0  117978.53  74390.40  63.05
729.5  118150.00  74526.24  63.08
731.0  119574.85  75442.18  63.09
732.4  123139.50  77799.48  63.18
733.9  127604.58  80839.71  63.35
735.4  130408.30  82776.98  63.48
736.8  131841.00  83733.00  63.51
738.3  132679.23  84361.85  63.58
739.8  133229.25  84753.90  63.62
741.2  133631.10  85066.47  63.66
742.7  134436.80  85614.40  63.68
744.2  135592.80  86377.20  63.70
745.7  136186.13  86789.40  63.73
747.1  136653.30  87066.48  63.71
748.6  136570.58  87025.02  63.72
750.0  136007.63  86620.33  63.69
751.5  135397.60  86212.10  63.67
753.0  135133.03  85997.66  63.64
754.4  135005.00  85894.80  63.62
755.9  134531.25  85562.50  63.60
757.3  133224.65  84688.76  63.57
758.8  123035.45  78302.23  63.64
760.3  94847.25  59843.10  63.09
761.7  73691.05  45553.28  61.82
763.2  66858.00  40893.60  61.16
764.6  69064.20  42037.92  60.87
766.1  81345.60  49983.36  61.45
767.5  97398.68  60590.05  62.21
769.0  111107.00  69691.90  62.73
770.4  120114.13  75676.40  63.00
771.9  125090.00  78988.00  63.14
773.3  127562.25  80612.55  63.19
774.8  128449.75  81224.00  63.23
776.2  128910.90  81511.02  63.23
777.7  128890.30  81518.36  63.25
779.1  128612.00  81296.40  63.21
780.5  128351.88  81110.89  63.19
782.0  128072.73  80931.95  63.19
783.4  127564.80  80563.20  63.15
784.9  127008.50  80196.24  63.14
786.3  126395.20  79761.36  63.10
787.8  125244.73  78955.68  63.04
789.2  123610.65  77873.90  63.00
790.6  122049.38  76815.21  62.94
792.0  120868.30  76036.24  62.91
793.5  119920.50  75429.36  62.90
794.9  119556.45  75223.44  62.92
796.3  119276.43  75016.18  62.89
797.8  119478.90  75075.68  62.84
799.2  119427.55  75089.34  62.87
800.6  118759.40  74599.04  62.82
802.1  118080.45  74086.41  62.74
803.5  117445.90  73712.32  62.76
804.9  117315.90  73612.24  62.75
806.3  117691.00  73859.90  62.76
807.8  117630.40  73856.79  62.79
809.2  116712.75  73281.46  62.79
810.6  115336.88  72356.55  62.73
812.0  113223.80  70921.55  62.64
813.4  109118.75  68191.25  62.49
814.8  103187.75  64289.75  62.30
816.3  97580.63  60582.45  62.08
817.7  94079.70  58247.80  61.91
819.1  93249.83  57734.20  61.91
820.5  95634.00  59274.60  61.98
821.9  96755.08  60177.08  62.20
823.3  93809.10  58195.06  62.04
824.7  95827.00  59412.74  62.00
826.1  99237.60  61747.84  62.22
827.5  99949.50  62224.20  62.26
828.9  99064.13  61614.45  62.20
830.3  99199.38  61626.40  62.12
831.7  99504.90  61879.20  62.19
833.2  99854.03  62134.35  62.23
834.5  101189.90  63064.68  62.32
835.9  103273.95  64433.07  62.39
837.3  105064.13  65586.75  62.43
838.7  106431.88  66472.25  62.46
840.1  107475.00  67207.70  62.53
841.5  108104.90  67611.00  62.54
842.9  108302.03  67768.02  62.57
844.3  108238.00  67723.50  62.57
845.7  108545.60  67947.12  62.60
847.1  108742.75  68089.10  62.61
848.5  108168.38  67751.25  62.63
849.9  106029.85  66381.16  62.61
851.2  104752.73  65556.48  62.58
852.6  104181.38  65314.02  62.69
854.0  100561.18  63083.02  62.73
855.4  98764.15  61790.05  62.56
856.8  101358.65  63412.40  62.56
858.2  103535.10  64854.66  62.64
859.5  104665.00  65497.80  62.58
860.9  104944.80  65735.04  62.64
862.3  105109.50  65815.40  62.62
863.7  105157.70  65929.93  62.70
865.0  103597.50  65030.15  62.77
866.4  99598.10  62446.72  62.70
867.8  98632.05  61752.24  62.61
869.1  100011.00  62572.92  62.57
870.5  101203.50  63357.21  62.60
871.9  101869.10  63750.34  62.58
873.2  101959.70  63798.20  62.57
874.6  101427.20  63510.86  62.62
876.0  101102.40  63309.36  62.62
877.3  101067.13  63220.28  62.55
878.7  100895.85  63191.04  62.63
880.0  100144.20  62709.84  62.62
881.4  99474.00  62213.40  62.54
882.8  99467.70  62242.02  62.58
884.1  99691.25  62323.25  62.52
885.5  99248.48  62065.86  62.54
886.8  98412.60  61530.04  62.52
888.2  98153.13  61382.16  62.54
889.5  98128.80  61375.93  62.55
890.9  97950.10  61187.16  62.47
892.2  96640.68  60385.85  62.48
893.6  94301.98  58870.87  62.43
894.9  90612.90  56498.40  62.35
896.2  85326.63  52968.05  62.08
897.6  80319.00  49692.00  61.87
898.9  75349.00  46506.80  61.72
900.3  72188.68  44400.46  61.51
901.6  71095.50  43707.72  61.48
903.0  73410.20  45135.60  61.48
904.3  78371.18  48414.22  61.78
905.6  80685.48  49873.46  61.81
907.0  78092.63  48285.25  61.83
908.3  74022.33  45644.82  61.66
909.6  71304.65  43837.10  61.48
911.0  70862.40  43529.76  61.43
912.3  70884.63  43586.20  61.49
913.6  69661.05  42663.78  61.24
914.9  68755.40  42103.52  61.24
916.2  68138.55  41803.52  61.35
917.6  68304.30  41825.10  61.23
918.9  70642.23  43148.21  61.08
920.2  74101.30  45543.68  61.46
921.5  75577.60  46663.68  61.74
922.9  75525.00  46682.40  61.81
924.2  74347.78  45931.12  61.78
925.5  73794.88  45553.20  61.73
926.8  73250.10  45245.64  61.77
928.1  69177.25  42653.68  61.66
929.4  62435.10  38147.16  61.10
930.7  54013.20  32862.40  60.84
932.0  44790.95  27053.02  60.40
933.4  36307.55  21675.06  59.70
934.7  31149.68  18354.06  58.92
936.0  29391.88  17293.80  58.84
937.3  28689.95  16713.34  58.26
938.6  32506.55  18997.84  58.44
939.9  38514.00  22872.60  59.39
941.2  40994.00  24437.20  59.61
942.5  40327.35  24074.82  59.70
943.8  37858.13  22590.75  59.67
945.1  36407.85  21465.90  58.96
946.4  35901.60  21199.04  59.05
947.7  36873.00  21776.76  59.06
949.0  37739.70  22246.56  58.95
950.2  38795.25  22963.20  59.19
951.5  39203.10  23430.69  59.77
952.8  39363.50  23340.24  59.29
954.1  40261.95  23921.72  59.42
955.4  40236.00  24045.80  59.76
956.7  41369.50  24724.36  59.76
958.0  42765.60  25906.56  60.58
959.3  43032.15  25768.96  59.88
960.5  44526.60  26715.96  60.00
961.8  46854.00  28112.40  60.00
963.1  48769.20  29261.52  60.00
964.4  50410.53  30408.06  60.32
965.7  51563.70  31047.93  60.21
966.9  54468.38  32736.89  60.10
968.2  59476.18  36197.94  60.86
969.5  63712.00  38922.24  61.09
970.8  66375.00  40592.00  61.16
972.0  67083.98  41032.53  61.17
973.3  65369.70  40142.52  61.41
974.6  63220.95  38683.71  61.19
975.8  61890.85  38027.78  61.44
977.1  62782.90  38255.28  60.93
978.4  63710.40  39155.35  61.46
979.6  64620.08  39651.69  61.36
980.9  66312.00  40754.25  61.46
982.2  68008.38  42003.10  61.76
983.4  69772.10  43014.14  61.65
984.7  71178.60  43734.48  61.44
985.9  72341.23  44679.14  61.76
987.2  73172.10  45665.52  62.41
988.5  73960.43  45863.29  62.01
989.7  74465.10  46120.32  61.94
991.0  74492.60  46332.76  62.20
992.2  74933.88  46551.10  62.12
993.5  74970.00  46781.28  62.40
994.7  75357.50  46791.75  62.09
996.0  75318.60  46984.46  62.38
997.2  75464.60  46935.30  62.20
998.5  75147.38  47073.45  62.64
999.7  75202.13  46770.87  62.19
1001.0  74655.00  46584.72  62.40
1002.2  73779.63  45997.78  62.34
1003.4  73403.35  45902.94  62.54
1004.7  72207.03  45090.43  62.45
1005.9  71226.30  44503.44  62.48
1007.2  71508.15  44563.05  62.32
1008.4  70980.30  44439.84  62.61
1009.6  71258.35  44498.02  62.45
1010.9  71438.50  44495.98  62.29
1012.1  71298.50  44612.49  62.57
1013.3  71358.00  44241.96  62.00
1014.6  71001.20  44541.76  62.73
1015.8  70835.40  44349.12  62.61
1017.1  71283.90  44216.68  62.03
1018.3  70893.40  44412.63  62.65
1019.5  70798.90  44170.06  62.39
1020.8  70265.13  44197.30  62.90
1022.0  69820.80  44074.38  63.13
1023.2  70125.30  44078.76  62.86
1024.4  69873.23  44082.62  63.09
1025.7  70195.13  44089.50  62.81
1026.9  70757.40  44000.40  62.18
1028.1  70739.70  44151.33  62.41
1029.3  70605.23  43987.68  62.30
1030.6  70482.50  43827.30  62.18
1031.8  70628.03  44093.01  62.43
1033.0  69844.30  44483.36  63.69
1034.2  70409.63  44058.30  62.57
1035.4  71010.23  43897.23  61.82
1036.7  70766.40  43934.14  62.08
1037.9  70510.28  43670.88  61.94
1039.1  70089.75  43922.91  62.67
1040.3  70591.40  43959.19  62.27
1041.5  70780.15  44114.14  62.33
1042.7  70137.08  43603.29  62.17
1043.9  70330.28  44108.37  62.72
1045.2  70365.30  43822.44  62.28
1046.4  70404.95  43523.06  61.82
1047.6  69334.30  43849.26  63.24
1048.8  70131.10  43423.64  61.92
1050.0  69988.25  43373.00  61.97
1051.2  69826.28  43717.32  62.61
1052.4  69463.93  43544.55  62.69
1053.6  68888.63  43240.86  62.77
1054.8  69577.60  43486.00  62.50
1056.0  69188.90  43298.86  62.58
1057.2  69495.78  43748.16  62.95
1058.4  68655.35  43287.78  63.05
1059.7  67998.15  42946.20  63.16
1060.9  67079.38  42930.80  64.00
1062.1  67594.50  42058.80  62.22
1063.3  66853.80  42169.32  63.08
1064.5  67396.50  42288.00  62.75
1065.7  67723.75  42259.62  62.40
1066.9  67813.55  42625.66  62.86
1068.1  68173.20  42040.14  61.67
1069.3  68283.95  42423.22  62.13
1070.5  66908.25  41631.80  62.22
1071.7  66981.20  42015.48  62.73
1072.9  67060.65  41795.94  62.33
1074.1  67742.85  41936.05  61.90
1075.3  67428.00  41805.36  62.00
1076.5  67472.68  41471.01  61.46
