/*** Spectra Vista SIG Data ***/
name= 230505_1327_R918_T922.sig
instrument= HK: 9202056 (HR-512i)
integration= 70.0, 0.0, 0.0, 100.0, 0.0, 0.0
scan method= Time-based, Time-based
scan coadds= 71, 0, 0, 50, 0, 0
scan time= 5, 5
scan settings= AI, AI
external data set1= 0,0,0,0,0,0,0,0,0,0,0,0,0,0,0,0,0,0,0,0,0,0,0,0,0,0,0,0,0,0,0,0
external data set2= 0,0,0,0,0,0,0,0,0,0,0,0,0,0,0,0,0,0,0,0,0,0,0,0,0,0,0,0,0,0,0,0
external data dark= 0,0,0,0,0,0,0,0,0,0,0,0,0,0,0,0
external data mask= 0
optic= LENS 4(1), LENS 4(1)
temp= 24.1, 0.0, 0.0, 26.1, 0.0, 0.0
battery= 8.31, 8.28
error= 0, 0
units= Radiance, Radiance
time= 5/5/2023 1:24:32 PM, 5/5/2023 1:27:48 PM
longitude= 07746.1433W     , 07746.4015W     
latitude= 3411.2556N      , 3411.0433N      
gpstime= 143234.883      , 143550.888      
comm= 
memory slot= 918, 922
factors= 1.000, 1.000, 1.000 [Overlap: Preserve, Matching Type: None]
inclinometer x offset= 9, 5
inclinometer y offset= -38, 45
data= 
339.7  3982.39  9927.72  249.29
341.4  4171.20  10723.46  257.08
343.0  4256.36  11152.15  262.01
344.7  4326.75  11377.75  262.96
346.4  4439.90  11911.18  268.28
348.0  4579.56  12440.43  271.65
349.7  4733.49  13043.16  275.55
351.3  4993.83  14023.69  280.82
353.0  5252.50  14680.26  279.49
354.6  5538.54  15585.98  281.41
356.2  5572.05  15461.99  277.49
357.9  5385.75  14353.65  266.51
359.5  5508.46  14367.60  260.83
361.2  5905.34  15299.73  259.08
362.8  6299.45  16062.73  254.99
364.5  6760.93  17073.95  252.54
366.1  7399.30  18558.90  250.82
367.7  7907.91  19585.44  247.67
369.4  8184.00  19740.49  241.21
371.0  8483.80  19862.57  234.12
372.6  8578.93  19334.55  225.37
374.3  8539.43  18399.80  215.47
375.9  8998.94  18679.38  207.57
377.5  10024.11  20364.70  203.16
379.1  10882.46  21495.98  197.53
380.8  11096.00  20982.08  189.10
382.4  10882.29  19458.00  178.80
384.0  10522.41  17581.32  167.08
385.6  11568.77  18361.61  158.72
387.3  12930.17  19459.44  150.50
388.9  14409.69  20416.29  141.68
390.5  16591.54  22019.25  132.71
392.1  18338.79  22793.85  124.29
393.8  18000.00  20632.00  114.62
395.4  19950.90  20925.45  104.88
397.0  22727.53  22093.76  97.21
398.6  27698.20  24865.11  89.77
400.2  35837.54  30208.68  84.29
401.8  42337.25  33631.15  79.44
403.4  46858.50  35230.65  75.19
405.0  49371.43  35256.00  71.41
406.6  51059.25  34823.25  68.20
408.3  53296.80  34948.20  65.57
409.9  55889.49  35493.92  63.51
411.5  57967.39  35888.63  61.91
413.1  61042.86  37035.00  60.67
414.7  62755.50  37495.29  59.75
416.3  64020.79  37825.43  59.08
417.9  64364.83  37707.72  58.58
419.5  64210.95  37388.27  58.23
421.1  65007.09  37664.00  57.94
422.7  65608.09  37858.26  57.70
424.3  65369.89  37607.55  57.53
425.9  65473.18  37572.37  57.39
427.5  64661.50  37031.25  57.27
429.1  62854.17  35923.59  57.15
430.7  59196.28  33781.37  57.07
432.3  60384.81  34426.80  57.01
433.9  64914.95  36929.20  56.89
435.5  67995.35  38571.29  56.73
437.1  71537.71  40492.80  56.60
438.7  71659.02  40489.01  56.50
440.3  72016.30  40629.75  56.42
441.9  74636.68  42055.88  56.35
443.5  77740.41  43690.74  56.20
445.0  79575.89  44593.50  56.04
446.6  80108.29  44802.07  55.93
448.2  81982.91  45823.08  55.89
449.8  84290.24  47104.20  55.88
451.4  86600.19  48415.41  55.91
453.0  86190.58  48188.03  55.91
454.6  85115.44  47617.04  55.94
456.2  85597.98  47933.25  56.00
457.8  86562.66  48514.02  56.04
459.3  86659.99  48601.14  56.08
460.9  87057.30  48868.49  56.13
462.5  88232.91  49592.40  56.21
464.1  88302.86  49678.08  56.26
465.7  87504.34  49294.56  56.33
467.2  86721.82  48912.23  56.40
468.8  86404.48  48763.74  56.44
470.4  86108.79  48600.00  56.44
472.0  86562.28  48839.64  56.42
473.6  87572.89  49344.35  56.35
475.1  88209.60  49597.93  56.23
476.7  88309.81  49529.72  56.09
478.3  88971.02  49892.42  56.08
479.9  89675.87  50433.03  56.24
481.5  90225.77  51005.68  56.53
483.0  90065.54  51153.28  56.80
484.6  88287.09  50315.52  56.99
486.2  84207.95  48091.89  57.11
487.8  82247.40  47061.00  57.22
489.3  83973.21  48097.50  57.28
490.9  85777.89  49163.52  57.31
492.5  85997.37  49316.36  57.35
494.0  86703.14  49753.15  57.38
495.6  87513.95  50228.47  57.39
497.2  87729.56  50362.76  57.41
498.8  86735.14  49800.52  57.42
500.3  85337.21  48975.58  57.39
501.9  83751.04  47967.13  57.27
503.5  83408.74  47553.22  57.01
505.0  83775.20  47587.12  56.80
506.6  84438.58  47934.72  56.77
508.2  84078.00  47712.24  56.75
509.7  83896.14  47624.67  56.77
511.3  83796.80  47580.56  56.78
512.9  82961.16  47087.33  56.76
514.4  81435.00  46210.55  56.75
516.0  79555.71  45177.00  56.79
517.5  77063.40  43783.83  56.82
519.1  77073.29  43802.59  56.83
520.7  78764.40  44749.32  56.81
522.2  79670.36  45237.60  56.78
523.8  80722.89  45835.27  56.78
525.4  81092.75  46037.56  56.77
526.9  80089.46  45458.95  56.76
528.5  80791.18  45862.59  56.77
530.0  82123.18  46599.23  56.74
531.6  82591.26  46842.96  56.72
533.2  82097.46  46557.29  56.71
534.7  82544.00  46832.80  56.74
536.3  82653.37  46909.72  56.75
537.8  82258.75  46664.91  56.73
539.4  81518.57  46174.80  56.64
541.0  80745.77  45614.52  56.49
542.5  80789.14  45540.00  56.37
544.1  81354.90  45793.64  56.29
545.6  81624.64  45865.20  56.19
547.2  81516.95  45751.98  56.13
548.7  81552.00  45743.60  56.09
550.3  81695.32  45783.16  56.04
551.8  81781.65  45790.92  55.99
553.4  82012.54  45882.98  55.95
554.9  82331.97  46029.03  55.91
556.5  81972.74  45788.52  55.86
558.0  81209.29  45317.90  55.80
559.6  80516.25  44877.88  55.74
561.1  80920.36  45032.93  55.65
562.7  81385.69  45185.08  55.52
564.2  81924.38  45349.50  55.36
565.8  81761.11  45074.70  55.13
567.3  81621.74  44715.61  54.78
568.9  81380.00  44154.91  54.26
570.4  80845.33  43476.21  53.78
572.0  80885.68  43163.78  53.36
573.5  81401.55  43098.93  52.95
575.1  81489.37  42818.40  52.54
576.6  81265.07  42440.75  52.23
578.2  80920.38  42070.19  51.99
579.7  80875.48  41971.43  51.90
581.2  81348.71  42246.24  51.93
582.8  82097.98  42665.07  51.97
584.3  82305.07  42703.75  51.88
585.9  81859.59  42250.02  51.61
587.4  80847.26  41180.40  50.94
588.9  78651.46  39116.60  49.73
590.5  77236.49  37578.43  48.65
592.0  77355.51  37132.85  48.00
593.6  77686.89  37031.28  47.67
595.1  77786.97  36875.74  47.41
596.6  78014.29  36973.12  47.39
598.2  78167.64  37106.05  47.47
599.7  78056.35  37177.54  47.63
601.2  77815.45  37195.27  47.80
602.8  77829.04  37300.60  47.93
604.3  78164.56  37533.45  48.02
605.8  78450.57  37695.06  48.05
607.4  78362.29  37656.50  48.05
608.9  77907.43  37430.65  48.05
610.5  77411.32  37181.65  48.03
612.0  76968.73  36946.26  48.00
613.5  76405.07  36654.00  47.97
615.0  75884.40  36375.19  47.93
616.6  75221.49  36024.56  47.89
618.1  75232.80  35989.38  47.84
619.6  75592.86  36103.80  47.76
621.2  75777.89  36114.28  47.66
622.7  75423.09  35831.04  47.51
624.2  74867.91  35429.85  47.32
625.8  74155.24  34887.52  47.05
627.3  73610.57  34210.30  46.47
628.8  72975.40  33463.26  45.86
630.3  72600.56  33146.52  45.66
631.8  72436.37  33130.63  45.74
633.4  72649.50  33422.84  46.01
634.9  72875.48  33775.94  46.35
636.4  73165.87  34142.70  46.66
638.0  73558.80  34544.28  46.96
639.5  73530.00  34704.60  47.20
641.0  73307.85  34735.47  47.38
642.5  73157.30  34762.07  47.52
644.0  73007.86  34696.70  47.52
645.5  72632.66  34336.90  47.27
647.1  71996.06  33585.08  46.65
648.6  71312.41  32863.54  46.08
650.1  70901.14  32634.38  46.03
651.6  70943.94  32696.63  46.09
653.1  71048.57  32838.26  46.22
654.7  70408.86  32626.34  46.34
656.2  68303.16  31692.88  46.40
657.7  67361.14  31397.44  46.61
659.2  68287.33  32066.71  46.96
660.7  69517.18  32866.33  47.28
662.2  70576.44  33564.18  47.56
663.7  71041.54  33924.69  47.75
665.2  71164.61  34104.61  47.92
666.8  71174.45  34224.31  48.09
668.3  71107.59  34322.91  48.27
669.8  70998.48  34382.48  48.43
671.3  70767.13  34370.00  48.57
672.8  70621.66  34343.03  48.63
674.3  70473.06  34266.33  48.62
675.8  70411.43  34213.75  48.59
677.3  70299.00  34129.69  48.55
678.8  70164.29  34013.43  48.48
680.3  69947.51  33864.25  48.41
681.8  69686.50  33686.59  48.34
683.3  69187.33  33370.43  48.23
684.8  68187.66  32710.40  47.97
686.3  65063.23  30427.88  46.77
687.8  61245.60  27452.88  44.82
689.3  59707.10  26145.21  43.79
690.8  59836.80  26070.96  43.57
692.3  60749.44  26477.38  43.58
693.8  61285.91  26524.34  43.28
695.3  61809.43  26882.31  43.49
696.8  62743.29  27807.76  44.32
698.3  62936.00  28117.60  44.68
699.8  62460.46  27669.55  44.30
701.3  61848.19  27226.63  44.02
702.8  61882.67  27331.32  44.17
704.2  62315.77  27787.70  44.59
705.7  62742.63  28134.64  44.84
707.2  63002.28  28446.09  45.15
708.7  63118.80  28713.18  45.49
710.2  63231.35  28921.80  45.74
711.7  63145.29  29018.40  45.95
713.2  62865.14  28911.84  45.99
714.7  62199.94  28316.01  45.52
716.2  60025.43  26372.76  43.94
717.6  55866.86  22977.00  41.13
719.1  52008.77  20146.14  38.74
720.6  51229.26  19556.80  38.18
722.1  52740.43  20753.60  39.35
723.6  52808.94  20736.77  39.27
725.0  52068.73  20043.99  38.50
726.5  51778.46  19702.40  38.05
728.0  51657.36  19599.44  37.94
729.5  51723.89  19671.28  38.03
731.0  52339.43  20072.49  38.35
732.4  53864.01  21379.71  39.69
733.9  55762.35  23109.14  41.44
735.4  56957.53  24183.89  42.46
736.8  57553.71  24783.60  43.06
738.3  57874.34  25331.50  43.77
739.8  58055.25  25837.35  44.50
741.2  58174.39  26348.90  45.29
742.7  58458.40  26875.68  45.97
744.2  58900.80  27383.16  46.49
745.7  59131.50  27687.53  46.82
747.1  59290.63  27891.84  47.04
748.6  59204.79  27921.63  47.16
750.0  58925.81  27820.16  47.21
751.5  58638.54  27690.52  47.22
753.0  58472.50  27611.33  47.22
754.4  58386.29  27565.20  47.21
755.9  58151.79  27418.75  47.15
757.3  57546.64  27048.45  47.00
758.8  53111.38  24441.60  46.02
760.3  40782.43  17421.45  42.72
761.7  31483.93  11767.06  37.37
763.2  28464.86  9273.00  32.58
764.6  29418.17  9144.18  31.08
766.1  34790.40  11988.48  34.46
767.5  41756.83  16290.79  39.01
769.0  47685.79  20248.60  42.46
770.4  51551.68  23032.55  44.68
771.9  53670.00  24675.00  45.98
773.3  54689.75  25554.90  46.73
774.8  55044.79  25947.35  47.14
776.2  55206.21  26158.14  47.38
777.7  55176.00  26224.28  47.53
779.1  54992.57  26181.20  47.61
780.5  54852.69  26120.08  47.62
782.0  54698.69  26054.48  47.63
783.4  54440.23  25912.32  47.60
784.9  54182.14  25728.46  47.49
786.3  53887.94  25420.88  47.17
787.8  53374.02  24865.29  46.59
789.2  52663.76  24171.67  45.90
790.6  51996.26  23572.97  45.34
792.0  51455.60  23282.35  45.25
793.5  51001.71  23239.62  45.57
794.9  50796.45  23309.64  45.89
796.3  50663.00  23060.40  45.52
797.8  50723.73  22991.04  45.33
799.2  50674.81  22993.52  45.37
800.6  50353.83  22725.96  45.13
802.1  50034.31  22425.05  44.82
803.5  49746.09  22231.00  44.69
804.9  49639.20  22318.40  44.96
806.3  49740.79  22648.68  45.53
807.8  49703.39  22751.15  45.77
809.2  49269.09  22473.52  45.61
810.6  48659.46  21865.20  44.94
812.0  47748.57  20921.34  43.82
813.4  45991.07  19380.00  42.14
814.8  43482.41  17482.49  40.21
816.3  41074.18  15832.80  38.55
817.7  39545.26  14914.12  37.71
819.1  39193.01  14831.33  37.84
820.5  40161.00  15719.55  39.14
821.9  40619.86  16217.77  39.93
823.3  39351.40  15384.22  39.09
824.7  40150.30  16011.60  39.88
826.1  41588.80  17050.88  41.00
827.5  41869.29  17196.83  41.07
828.9  41465.32  16936.98  40.85
830.3  41433.86  17035.15  41.11
831.7  41558.70  17226.54  41.45
833.2  41682.66  17469.47  41.91
834.5  42228.40  18022.34  42.68
835.9  43045.51  18720.98  43.49
837.3  43764.29  19355.75  44.23
838.7  44271.79  19873.88  44.89
840.1  44689.13  20362.93  45.57
841.5  44907.83  20646.80  45.98
842.9  44930.12  20878.92  46.47
844.3  44871.36  21049.60  46.91
845.7  44960.23  21299.80  47.37
847.1  45034.10  21502.63  47.75
848.5  44744.75  21462.35  47.97
849.9  43828.53  21063.86  48.06
851.2  43282.09  20774.49  48.00
852.6  43039.24  20657.91  48.00
854.0  41511.88  19980.68  48.13
855.4  40733.37  19652.90  48.25
856.8  41728.83  20254.87  48.54
858.2  42614.87  20758.28  48.71
859.5  43027.57  21054.10  48.93
860.9  43124.23  21129.12  49.00
862.3  43158.89  21181.56  49.08
863.7  43170.54  21282.77  49.30
865.0  42503.54  20992.13  49.39
866.4  40870.20  20195.77  49.41
867.8  40406.38  19987.44  49.47
869.1  40920.94  20266.38  49.53
870.5  41354.31  20546.22  49.68
871.9  41669.96  20683.10  49.64
873.2  41656.14  20705.06  49.70
874.6  41487.80  20602.40  49.66
876.0  41294.94  20541.44  49.74
877.3  41239.45  20518.15  49.75
878.7  41169.39  20487.72  49.76
880.0  40836.94  20299.50  49.71
881.4  40524.21  20084.48  49.56
882.8  40525.01  20085.65  49.56
884.1  40531.43  20089.63  49.57
885.5  40393.46  19981.01  49.47
886.8  39960.33  19704.69  49.31
888.2  39838.15  19653.06  49.33
889.5  39816.15  19603.05  49.23
890.9  39725.94  19520.96  49.14
892.2  39235.81  19048.36  48.55
893.6  38273.82  18105.04  47.30
894.9  36765.00  16758.00  45.58
896.2  34609.21  14953.40  43.21
897.6  32507.14  13456.20  41.39
898.9  30545.93  12175.60  39.86
900.3  29222.24  11327.68  38.76
901.6  28767.60  10990.98  38.21
903.0  29682.77  11647.06  39.24
904.3  31656.03  13022.48  41.14
905.6  32585.61  13638.11  41.85
907.0  31599.29  12894.05  40.80
908.3  29906.04  11712.22  39.16
909.6  28696.26  10959.28  38.19
911.0  28602.06  10882.44  38.05
912.3  28565.75  10810.98  37.85
913.6  28037.85  10347.99  36.91
914.9  27686.46  10086.08  36.43
916.2  27442.04  9916.46  36.14
917.6  27424.89  9929.70  36.21
918.9  28335.36  10710.77  37.80
920.2  29746.60  11880.96  39.94
921.5  30374.40  12512.64  41.19
922.9  30346.29  12497.40  41.18
924.2  29904.99  12160.14  40.66
925.5  29686.25  11879.18  40.02
926.8  29375.97  11593.78  39.47
928.1  27767.31  10292.23  37.07
929.4  24895.63  8541.95  34.31
930.7  21575.31  6782.24  31.44
932.0  17845.00  5067.98  28.40
933.4  14335.36  3685.49  25.71
934.7  12363.94  2909.79  23.53
936.0  11594.21  2578.90  22.24
937.3  11222.91  2503.15  22.30
938.6  12846.90  3114.40  24.24
939.9  15270.86  4008.60  26.25
941.2  16261.14  4179.00  25.70
942.5  15980.40  4012.47  25.11
943.8  15013.21  3765.13  25.08
945.1  14310.60  3577.65  25.00
946.4  14104.20  3461.94  24.55
947.7  14501.31  3600.54  24.83
949.0  14818.43  3796.04  25.62
950.2  15249.00  3991.65  26.18
951.5  15433.78  3965.90  25.70
952.8  15348.46  4028.97  26.25
954.1  15741.51  4191.01  26.62
955.4  15738.57  4215.20  26.78
956.7  16269.69  4574.98  28.12
958.0  16950.86  4993.44  29.46
959.3  16896.50  4882.01  28.89
960.5  17474.31  5220.36  29.87
961.8  18221.00  5570.42  30.57
963.1  18932.14  6096.15  32.20
964.4  19717.49  6469.80  32.81
965.7  20217.99  6637.46  32.83
966.9  21388.31  7485.91  35.00
968.2  23416.46  8878.74  37.92
969.5  24905.60  10020.16  40.23
970.8  25875.71  10856.00  41.95
972.0  26214.75  11130.53  42.46
973.3  25516.54  10618.74  41.62
974.6  24680.31  9952.61  40.33
975.8  24337.05  9570.75  39.33
977.1  24536.91  9889.12  40.30
978.4  24934.28  10220.21  40.99
979.6  25132.71  10488.08  41.73
980.9  25755.11  11259.23  43.72
982.2  26579.14  11839.80  44.55
983.4  26922.37  12371.96  45.95
984.7  27569.91  12841.50  46.58
985.9  28058.33  13418.74  47.82
987.2  28458.86  13944.84  49.00
988.5  28734.44  14322.50  49.84
989.7  28825.20  14572.74  50.56
991.0  28884.89  14734.80  51.01
992.2  29064.54  14735.60  50.70
993.5  29008.80  14908.32  51.39
994.7  29041.43  15159.13  52.20
996.0  29205.17  15243.05  52.19
997.2  29055.19  15276.98  52.58
998.5  29032.68  15313.05  52.74
999.7  28971.88  15040.43  51.91
1001.0  28724.40  15030.54  52.33
1002.2  28494.20  14857.69  52.14
1003.4  28357.03  14784.06  52.14
1004.7  27606.39  14649.20  53.06
1005.9  27480.43  14661.18  53.35
1007.2  27537.30  14612.54  53.06
1008.4  27480.99  14607.54  53.16
1009.6  27683.10  14661.79  52.96
1010.9  27409.06  14797.98  53.99
1012.1  27500.85  14870.83  54.07
1013.3  27378.17  14985.18  54.73
1014.6  27291.31  15119.68  55.40
1015.8  27131.57  14988.36  55.24
1017.1  27008.19  14979.95  55.46
1018.3  27106.30  15116.98  55.77
1019.5  27021.33  15216.48  56.31
1020.8  26972.00  15233.05  56.48
1022.0  26962.05  15273.30  56.65
1023.2  26873.41  15138.16  56.33
1024.4  26780.68  14997.18  56.00
1025.7  26851.50  14967.23  55.74
1026.9  27011.83  15102.84  55.91
1028.1  27180.77  15123.66  55.64
1029.3  27135.26  15120.77  55.72
1030.6  26911.50  15121.70  56.19
1031.8  26968.78  15049.71  55.80
1033.0  26736.51  15189.44  56.81
1034.2  26689.93  15057.90  56.42
1035.4  26846.58  14919.32  55.57
1036.7  26748.01  15185.29  56.77
1037.9  26861.06  15163.50  56.45
1039.1  26923.36  15108.24  56.12
1040.3  26815.56  15080.89  56.24
1041.5  26807.10  15143.66  56.49
1042.7  26799.36  15041.45  56.13
1043.9  27040.56  15107.99  55.87
1045.2  26721.00  15141.90  56.67
1046.4  26646.77  14812.47  55.59
1047.6  26502.30  14803.81  55.86
1048.8  26625.11  14602.64  54.85
1050.0  26756.07  14589.10  54.53
1051.2  26600.49  14774.84  55.54
1052.4  26363.71  14722.21  55.84
1053.6  26647.03  14837.55  55.68
1054.8  26402.21  14785.24  56.00
1056.0  26463.96  14507.35  54.82
1057.2  26040.57  14127.01  54.25
1058.4  26265.24  14429.26  54.94
1059.7  25904.06  14076.81  54.34
1060.9  25786.36  14147.65  54.86
1062.1  25750.29  14019.60  54.44
1063.3  25345.67  13627.89  53.77
1064.5  25297.29  14007.90  55.37
1065.7  25928.52  13815.65  53.28
1066.9  26097.34  13562.71  51.97
1068.1  25564.95  13634.64  53.33
1069.3  26151.30  13656.79  52.22
1070.5  25913.67  13679.02  52.79
1071.7  25661.63  14005.16  54.58
1072.9  25398.39  13724.04  54.04
1074.1  25806.80  13548.57  52.50
1075.3  25044.69  13485.60  53.85
1076.5  25390.41  13494.54  53.15
