/*** Spectra Vista SIG Data ***/
name= 230503_1737_R894_T902.sig
instrument= HK: 9202056 (HR-512i)
integration= 10.0, 0.0, 0.0, 100.0, 0.0, 0.0
scan method= Time-based, Time-based
scan coadds= 300, 0, 0, 30, 0, 0
scan time= 3, 3
scan settings= AI, AI
external data set1= 0,0,0,0,0,0,0,0,0,0,0,0,0,0,0,0,0,0,0,0,0,0,0,0,0,0,0,0,0,0,0,0
external data set2= 0,0,0,0,0,0,0,0,0,0,0,0,0,0,0,0,0,0,0,0,0,0,0,0,0,0,0,0,0,0,0,0
external data dark= 0,0,0,0,0,0,0,0,0,0,0,0,0,0,0,0
external data mask= 0
optic= LENS 4(1), LENS 4(1)
temp= 21.5, 0.0, 0.0, 24.8, 0.0, 0.0
battery= 8.33, 8.26
error= 0, 0
units= Radiance, Radiance
time= 5/3/2023 5:33:55 PM, 5/3/2023 5:37:30 PM
longitude= 07756.1981W     , 07756.2039W     
latitude= 3406.5871N      , 3406.6086N      
gpstime= 184249.375      , 184624.000      
comm= 
memory slot= 894, 902
factors= 1.000, 1.000, 1.000 [Overlap: Preserve, Matching Type: None]
inclinometer x offset= 4, 5
inclinometer y offset= -11, -37
data= 
339.7  72299.70  39674.91  54.88
341.4  78557.60  42667.90  54.31
343.0  82392.75  44209.12  53.66
344.7  84612.00  44645.65  52.77
346.4  88951.10  46343.37  52.10
348.0  93670.85  48085.35  51.33
349.7  98701.20  49870.08  50.53
351.3  107055.20  53227.19  49.72
353.0  113243.90  55351.80  48.88
354.6  121383.30  58271.79  48.01
356.2  122222.10  57540.95  47.08
357.9  114729.00  52880.55  46.09
359.5  115554.80  52079.48  45.07
361.2  124746.00  55120.61  44.19
362.8  131677.70  57117.34  43.38
364.5  140644.65  60007.58  42.67
366.1  153687.10  64434.56  41.93
367.7  163292.40  67343.04  41.24
369.4  165299.75  67003.09  40.53
371.0  167157.90  66579.24  39.83
372.6  163672.50  63997.13  39.10
374.3  155861.25  59799.35  38.37
375.9  158171.20  59601.58  37.68
377.5  172723.20  64074.01  37.10
379.1  184094.90  67278.92  36.55
380.8  180667.20  64967.84  35.96
382.4  168601.50  59564.25  35.33
384.0  151528.50  52613.51  34.72
385.6  157496.20  53725.43  34.11
387.3  167263.20  56253.60  33.63
388.9  175664.60  58291.16  33.18
390.5  189970.00  62128.83  32.70
392.1  198218.25  63877.73  32.23
393.8  180080.00  57168.00  31.75
395.4  181430.55  56567.70  31.18
397.0  192365.55  59075.84  30.71
398.6  215821.00  65259.49  30.24
400.2  264140.60  78729.94  29.81
401.8  296490.25  87121.13  29.38
403.4  312995.20  90577.97  28.94
405.0  315240.00  89760.00  28.47
406.6  313062.75  87664.50  28.00
408.3  315479.85  86869.65  27.54
409.9  322457.60  87303.68  27.07
411.5  327267.00  87234.98  26.66
413.1  339200.00  88990.00  26.24
414.7  344813.70  89123.16  25.85
416.3  348521.25  88787.60  25.48
417.9  348175.80  87442.59  25.11
419.5  345403.05  85531.10  24.76
421.1  347921.20  84970.84  24.42
422.7  350325.80  84381.66  24.09
424.3  347936.30  82712.07  23.77
425.9  347699.00  81564.73  23.46
427.5  343018.00  79395.00  23.15
429.1  333178.30  76077.14  22.83
430.7  313257.30  70666.01  22.56
432.3  317422.95  70690.56  22.27
433.9  341137.30  74976.20  21.98
435.5  356756.80  77466.00  21.71
437.1  375288.00  80442.20  21.43
438.7  376200.35  79661.48  21.18
440.3  377074.60  78901.83  20.92
441.9  390226.50  80657.78  20.67
443.5  406378.05  82944.34  20.41
445.0  415981.25  83851.13  20.16
446.6  418420.75  83324.89  19.91
448.2  427537.75  84114.56  19.67
449.8  439242.70  85378.35  19.44
451.4  451115.40  86643.56  19.21
453.0  449358.80  85310.72  18.98
454.6  443164.05  83185.56  18.77
456.2  445192.70  82615.08  18.56
457.8  450064.45  82551.69  18.34
459.3  450605.25  81722.76  18.14
460.9  452217.70  81127.31  17.94
462.5  458265.60  81298.08  17.74
464.1  458836.80  80502.48  17.54
465.7  454675.20  78919.44  17.36
467.2  450532.00  77363.88  17.17
468.8  448776.00  76230.95  16.99
470.4  447322.50  75172.05  16.80
472.0  449458.65  74716.10  16.62
473.6  454819.20  74791.42  16.44
475.1  458346.35  74558.69  16.27
476.7  459209.90  73905.52  16.09
478.3  462630.15  73688.66  15.93
479.9  466198.20  73511.96  15.77
481.5  468861.70  73194.24  15.61
483.0  468090.15  72352.80  15.46
484.6  459148.80  70256.64  15.30
486.2  438190.90  66422.97  15.16
487.8  426837.60  64074.78  15.01
489.3  435337.50  64698.75  14.86
490.9  444912.00  65460.84  14.71
492.5  446179.80  65032.88  14.58
494.0  449607.00  64907.95  14.44
495.6  453905.55  64908.03  14.30
497.2  455250.50  64480.16  14.16
498.8  450447.25  63196.19  14.03
500.3  443500.70  61634.14  13.90
501.9  435283.25  59934.08  13.77
503.5  433721.60  59150.00  13.64
505.0  435751.10  58882.76  13.51
506.6  439401.60  58831.07  13.39
508.2  437626.80  58086.72  13.27
509.7  436437.00  57439.71  13.16
511.3  435863.25  56865.72  13.05
512.9  431657.10  55827.90  12.93
514.4  423736.50  54344.90  12.83
516.0  414480.00  52710.00  12.72
517.5  401477.40  50661.05  12.62
519.1  400907.65  50172.27  12.51
520.7  409670.80  50813.84  12.40
522.2  414586.50  50974.65  12.30
523.8  420189.15  51253.28  12.20
525.4  422779.35  51152.18  12.10
526.9  417525.00  50138.16  12.01
528.5  420817.20  50132.72  11.91
530.0  428002.35  50578.71  11.82
531.6  430998.40  50523.60  11.72
533.2  428555.60  49848.02  11.63
534.7  430892.00  49725.20  11.54
536.3  431789.60  49445.08  11.45
537.8  429929.85  48860.32  11.36
539.4  426447.60  48104.04  11.28
541.0  422500.80  47300.88  11.20
542.5  422832.00  46972.44  11.11
544.1  426026.00  46945.96  11.02
545.6  427710.75  46758.75  10.93
547.2  427386.10  46361.90  10.85
548.7  427560.00  46037.60  10.77
550.3  428386.70  45800.05  10.69
551.8  428992.20  45535.77  10.61
553.4  430401.40  45373.90  10.54
554.9  432401.80  45260.29  10.47
556.5  430904.40  44784.04  10.39
558.0  427160.00  44093.65  10.32
559.6  423610.25  43426.08  10.25
561.1  425898.65  43338.11  10.18
562.7  428663.40  43309.45  10.10
564.2  431961.70  43344.25  10.03
565.8  431436.00  42996.02  9.97
567.3  431148.05  42649.35  9.89
568.9  430844.50  42280.04  9.81
570.4  428645.25  41746.73  9.74
572.0  429270.00  41484.83  9.66
573.5  432724.95  41488.13  9.59
575.1  433899.20  41295.36  9.52
576.6  433191.50  40931.00  9.45
578.2  431705.25  40507.04  9.38
579.7  431283.00  40197.55  9.32
581.2  433596.20  40146.99  9.26
582.8  437406.60  40233.99  9.20
584.3  438594.50  40087.55  9.14
585.9  436624.20  39653.13  9.08
587.4  432410.40  39003.12  9.02
588.9  422606.00  37868.83  8.96
590.5  416166.30  37035.59  8.90
592.0  417489.45  36905.39  8.84
593.6  419627.00  36842.00  8.78
595.1  420350.70  36664.32  8.72
596.6  421296.80  36508.72  8.67
598.2  421691.25  36313.75  8.61
599.7  420494.85  35971.82  8.55
601.2  418650.05  35593.92  8.50
602.8  418174.50  35332.72  8.45
604.3  419778.70  35243.03  8.40
605.8  421295.60  35164.68  8.35
607.4  421070.40  34930.04  8.30
608.9  418799.55  34524.30  8.24
610.5  416331.30  34108.36  8.19
612.0  414181.95  33726.62  8.14
613.5  411389.00  33297.78  8.09
615.0  408841.65  32888.59  8.04
616.6  405478.40  32430.00  8.00
618.1  405669.60  32254.74  7.95
619.6  407854.00  32231.60  7.90
621.2  409313.00  32141.48  7.85
622.7  407846.40  31848.96  7.81
624.2  405305.10  31470.84  7.76
625.8  402002.95  31035.36  7.72
627.3  399996.75  30705.28  7.68
628.8  397596.15  30342.76  7.63
630.3  395944.45  30058.38  7.59
631.8  395020.60  29842.15  7.55
633.4  395929.60  29780.19  7.52
634.9  397076.65  29748.94  7.49
636.4  398489.95  29726.52  7.46
638.0  400528.50  29761.29  7.43
639.5  400512.00  29643.60  7.40
641.0  399318.15  29471.37  7.38
642.5  398647.20  29305.01  7.35
644.0  398137.00  29166.90  7.33
645.5  396887.80  28954.71  7.30
647.1  394754.40  28697.52  7.27
648.6  392290.40  28455.98  7.25
650.1  390373.50  28266.90  7.24
651.6  390840.25  28287.04  7.24
653.1  391563.15  28320.75  7.23
654.7  388527.05  28030.36  7.21
656.2  377293.95  27152.56  7.20
657.7  371416.80  26653.84  7.18
659.2  376183.60  26908.90  7.15
660.7  382620.75  27270.03  7.13
662.2  388407.50  27527.63  7.09
663.7  391039.95  27572.90  7.05
665.2  391742.80  27481.41  7.02
666.8  391972.40  27346.23  6.98
668.3  391689.00  27178.62  6.94
669.8  391355.25  27025.30  6.91
671.3  390394.10  26833.15  6.87
672.8  389715.45  26638.72  6.84
674.3  389170.10  26422.05  6.79
675.8  389001.50  26229.70  6.74
677.3  388615.50  26045.67  6.70
678.8  388163.60  25855.17  6.66
680.3  387333.80  25642.69  6.62
681.8  386174.95  25420.85  6.58
683.3  383799.90  25101.18  6.54
684.8  378967.20  24651.16  6.50
686.3  364115.60  23577.00  6.48
687.8  344853.60  22244.04  6.45
689.3  337063.30  21567.88  6.40
690.8  337548.00  21412.08  6.34
692.3  343013.70  21603.32  6.30
693.8  347122.40  21723.00  6.26
695.3  350101.70  21767.46  6.22
696.8  354116.20  21861.80  6.17
698.3  354984.00  21772.80  6.13
699.8  353105.60  21536.78  6.10
701.3  350087.90  21247.92  6.07
702.8  349810.60  21136.87  6.04
704.2  351475.40  21138.02  6.01
705.7  353438.40  21166.64  5.99
707.2  354320.05  21144.82  5.97
708.7  354469.20  21087.66  5.95
710.2  354640.75  21027.23  5.93
711.7  353849.00  20913.15  5.91
713.2  352366.40  20764.64  5.89
714.7  349479.60  20529.51  5.87
716.2  340769.20  19965.18  5.86
717.6  323028.00  18878.40  5.84
719.1  304983.40  17793.86  5.83
720.6  300179.20  17451.52  5.81
722.1  306453.50  17745.20  5.79
723.6  307249.90  17739.21  5.77
725.0  304310.70  17535.06  5.76
726.5  303105.30  17428.83  5.75
728.0  302487.75  17330.09  5.73
729.5  302297.20  17263.80  5.71
731.0  304773.45  17363.77  5.70
732.4  310850.10  17654.67  5.68
733.9  318659.25  18054.54  5.67
735.4  323528.15  18280.96  5.65
736.8  325584.00  18354.00  5.64
738.3  326206.80  18352.00  5.63
739.8  325998.75  18306.75  5.62
741.2  325428.30  18227.70  5.60
742.7  325988.80  18214.96  5.59
744.2  327810.00  18263.28  5.57
745.7  328600.50  18260.85  5.56
747.1  329245.50  18244.32  5.54
748.6  328719.75  18171.32  5.53
750.0  327085.45  18031.25  5.51
751.5  325479.70  17883.97  5.49
753.0  324553.15  17787.95  5.48
754.4  324198.00  17725.80  5.47
755.9  323062.50  17612.50  5.45
757.3  320230.95  17408.11  5.44
758.8  299536.90  16230.75  5.42
760.3  236715.00  12835.50  5.42
761.7  186758.00  10128.03  5.42
763.2  171534.00  9200.40  5.36
764.6  176356.80  9357.30  5.31
766.1  203750.40  10772.16  5.29
767.5  239374.80  12640.46  5.28
769.0  269821.50  14248.00  5.28
770.4  289672.75  15283.48  5.28
771.9  300300.00  15834.00  5.27
773.3  305569.25  16088.55  5.27
774.8  307307.00  16159.00  5.26
776.2  308070.30  16159.05  5.25
777.7  308034.65  16107.63  5.23
779.1  307174.00  16013.60  5.21
780.5  306470.55  15926.88  5.20
782.0  305751.35  15860.24  5.19
783.4  304512.00  15759.36  5.18
784.9  303342.20  15668.92  5.17
786.3  302355.60  15570.88  5.15
787.8  300395.70  15435.01  5.14
789.2  297734.10  15234.79  5.12
790.6  294723.60  15047.97  5.11
792.0  292049.80  14869.05  5.09
793.5  289332.00  14686.56  5.08
794.9  287846.55  14585.72  5.07
796.3  287730.90  14535.04  5.05
797.8  288275.00  14520.19  5.04
799.2  288320.00  14488.08  5.03
800.6  286982.80  14399.52  5.02
802.1  285570.45  14283.18  5.00
803.5  284367.60  14190.00  4.99
804.9  283405.20  14112.54  4.98
806.3  283572.75  14076.00  4.96
807.8  283147.50  14008.35  4.95
809.2  281222.15  13894.38  4.94
810.6  278966.25  13737.68  4.92
812.0  275748.00  13547.17  4.91
813.4  268918.75  13175.00  4.90
814.8  258131.45  12631.05  4.89
816.3  246727.80  12061.52  4.89
817.7  239028.40  11671.92  4.88
819.1  236278.35  11501.38  4.87
820.5  239778.00  11607.75  4.84
821.9  242093.05  11688.06  4.83
823.3  236074.30  11397.93  4.83
824.7  239324.90  11523.50  4.82
826.1  246153.60  11827.20  4.80
827.5  248120.25  11898.75  4.80
828.9  246228.75  11783.35  4.79
830.3  245962.75  11774.68  4.79
831.7  246205.80  11746.56  4.77
833.2  246408.60  11735.01  4.76
834.5  248584.00  11807.74  4.75
835.9  252356.00  11945.77  4.73
837.3  255802.25  12072.98  4.72
838.7  257922.50  12161.63  4.72
840.1  259659.60  12209.16  4.70
841.5  260411.40  12242.68  4.70
842.9  260249.25  12223.61  4.70
844.3  259532.00  12169.30  4.69
845.7  259842.40  12143.16  4.67
847.1  259753.00  12111.56  4.66
848.5  258389.25  12023.90  4.65
849.9  253271.60  11763.55  4.64
851.2  250158.15  11603.63  4.64
852.6  249224.55  11561.30  4.64
854.0  240754.80  11149.71  4.63
855.4  235501.70  10909.03  4.63
856.8  241169.50  11147.77  4.62
858.2  246536.55  11327.36  4.59
859.5  249120.00  11435.30  4.59
860.9  249835.20  11475.60  4.59
862.3  250134.00  11460.04  4.58
863.7  250153.30  11448.91  4.58
865.0  246998.25  11304.85  4.58
866.4  237489.00  10843.49  4.57
867.8  234554.10  10720.88  4.57
869.1  237384.60  10812.51  4.55
870.5  240597.00  10922.34  4.54
871.9  242204.90  10998.77  4.54
873.2  242472.30  10959.20  4.52
874.6  241285.80  10915.31  4.52
876.0  240519.40  10872.52  4.52
877.3  240326.45  10827.90  4.51
878.7  240051.90  10778.68  4.49
880.0  238597.20  10701.48  4.49
881.4  236883.00  10621.80  4.48
882.8  237142.95  10608.47  4.47
884.1  237442.50  10617.88  4.47
885.5  236576.85  10570.46  4.47
886.8  234727.35  10461.88  4.46
888.2  233997.05  10432.28  4.46
889.5  234191.65  10448.90  4.46
890.9  233883.20  10382.02  4.44
892.2  231984.25  10305.23  4.44
893.6  228024.30  10126.55  4.44
894.9  221923.80  9863.28  4.44
896.2  211920.75  9418.70  4.44
897.6  201966.00  8979.00  4.45
898.9  191865.50  8483.00  4.42
900.3  184833.35  8192.34  4.43
901.6  181645.80  7993.44  4.40
903.0  185730.40  8119.22  4.37
904.3  195862.30  8585.39  4.38
905.6  200982.60  8799.64  4.38
907.0  196647.75  8658.98  4.40
908.3  188271.20  8291.60  4.40
909.6  182839.55  8073.80  4.42
911.0  181936.40  7957.96  4.37
912.3  182274.75  7872.90  4.32
913.6  179789.10  7833.26  4.36
914.9  178265.60  7769.80  4.36
916.2  176952.40  7719.40  4.36
917.6  177230.10  7703.04  4.35
918.9  180648.80  7842.36  4.34
920.2  186877.60  8106.28  4.34
921.5  189728.00  8216.32  4.33
922.9  188892.00  8109.00  4.29
924.2  187401.55  8063.75  4.30
925.5  186205.25  8017.63  4.31
926.8  185699.80  8072.46  4.35
928.1  178848.50  7795.10  4.36
929.4  165007.05  7272.66  4.41
930.7  147531.20  6502.56  4.41
932.0  126342.60  5674.71  4.49
933.4  106550.80  4707.21  4.42
934.7  92889.45  4178.16  4.50
936.0  87986.00  3982.13  4.53
937.3  86262.40  3889.51  4.51
938.6  94210.60  4165.51  4.42
939.9  109254.00  4716.00  4.32
941.2  116216.00  4975.00  4.28
942.5  115105.20  4985.19  4.33
943.8  108816.25  4799.50  4.41
945.1  104383.20  4587.81  4.40
946.4  103430.80  4615.92  4.46
947.7  105847.20  4598.28  4.34
949.0  107701.60  4678.84  4.34
950.2  109882.50  4798.95  4.37
951.5  112139.10  4877.60  4.35
952.8  111607.10  4862.55  4.36
954.1  113486.90  4944.45  4.36
955.4  113044.00  4933.70  4.36
956.7  115347.90  5013.01  4.35
958.0  119150.40  5191.20  4.36
959.3  119282.10  5183.99  4.35
960.5  122832.00  5271.54  4.29
961.8  127547.00  5518.36  4.33
963.1  131464.80  5619.06  4.27
964.4  134787.50  5822.82  4.32
965.7  137686.05  5924.34  4.30
966.9  142455.75  6089.29  4.27
968.2  152532.20  6431.40  4.22
969.5  161017.60  6834.56  4.24
970.8  165790.00  7139.00  4.31
972.0  167860.35  7219.80  4.30
973.3  164498.40  7058.70  4.29
974.6  160243.20  6885.45  4.30
975.8  157598.35  6763.33  4.29
977.1  158095.80  6766.24  4.28
978.4  159939.65  6835.60  4.27
979.6  161042.70  6901.83  4.29
980.9  165089.25  6976.58  4.23
982.2  168435.25  7117.98  4.23
983.4  171912.70  7264.93  4.23
984.7  173176.80  7264.62  4.19
985.9  175418.10  7421.54  4.23
987.2  176992.20  7508.76  4.24
988.5  177661.55  7591.71  4.27
989.7  178556.10  7606.65  4.26
991.0  178454.80  7531.12  4.22
992.2  179171.50  7618.98  4.25
993.5  179071.20  7539.84  4.21
994.7  179631.25  7360.50  4.10
996.0  179330.00  7621.53  4.25
997.2  179458.50  7638.49  4.26
998.5  178652.25  7562.00  4.23
999.7  178544.40  7665.77  4.29
1001.0  177181.20  7565.04  4.27
1002.2  175035.80  7428.85  4.24
1003.4  173686.80  7236.95  4.17
1004.7  170387.80  7064.86  4.15
1005.9  168447.60  7070.64  4.20
1007.2  168925.05  7150.82  4.23
1008.4  167678.10  7200.90  4.29
1009.6  168149.20  7177.10  4.27
1010.9  168390.75  7041.80  4.18
1012.1  168060.75  7028.00  4.18
1013.3  168201.00  7237.74  4.30
1014.6  168564.00  7253.36  4.30
1015.8  167335.80  7186.20  4.29
1017.1  167362.20  7128.39  4.26
1018.3  166808.00  7089.34  4.25
1019.5  166958.60  6974.22  4.18
1020.8  167349.00  7080.15  4.23
1022.0  165824.40  6872.99  4.14
1023.2  164738.80  7012.53  4.26
1024.4  165877.90  7044.13  4.25
1025.7  165915.75  7077.53  4.27
1026.9  166488.00  7135.20  4.29
1028.1  167092.05  7195.94  4.31
1029.3  166203.45  6998.04  4.21
1030.6  165313.50  7048.25  4.26
1031.8  166338.90  7260.83  4.37
1033.0  165456.40  7187.86  4.34
1034.2  164521.50  7389.53  4.49
1035.4  164973.25  7172.75  4.35
1036.7  165121.60  7076.64  4.29
1037.9  165282.15  7126.85  4.31
1039.1  166657.85  6853.22  4.11
1040.3  166852.40  6738.27  4.04
1041.5  166251.05  7078.02  4.26
1042.7  165624.90  7098.21  4.29
1043.9  166708.80  6946.20  4.17
1045.2  165670.20  6947.46  4.19
1046.4  164583.00  7131.93  4.33
1047.6  163029.30  7120.82  4.37
1048.8  163319.00  7301.32  4.47
1050.0  165606.00  7097.40  4.29
1051.2  165963.90  7286.22  4.39
1052.4  165884.00  7257.43  4.38
1053.6  165332.70  7418.78  4.49
1054.8  165246.80  7175.19  4.34
1056.0  165160.60  6695.70  4.05
1057.2  164055.60  6607.80  4.03
1058.4  165238.30  6516.44  3.94
1059.7  162241.20  6441.93  3.97
1060.9  160990.50  6342.05  3.94
1062.1  160224.00  6509.10  4.06
1063.3  159420.60  6685.38  4.19
1064.5  161223.00  6871.80  4.26
1065.7  159828.05  7043.27  4.41
1066.9  160538.20  7196.54  4.48
1068.1  159070.80  7101.38  4.46
1069.3  159813.50  6392.54  4.00
1070.5  160579.80  6839.51  4.26
1071.7  158319.20  6393.66  4.04
1072.9  159074.10  6862.02  4.31
1074.1  158066.65  6451.70  4.08
1075.3  158455.80  7079.94  4.47
1076.5  157984.80  6582.70  4.17
