/*** Spectra Vista SIG Data ***/
name= 230505_1430_R930_T932.sig
instrument= HK: 9202056 (HR-512i)
integration= 10.0, 0.0, 0.0, 200.0, 0.0, 0.0
scan method= Time-based, Time-based
scan coadds= 500, 0, 0, 25, 0, 0
scan time= 5, 5
scan settings= AI, AI
external data set1= 0,0,0,0,0,0,0,0,0,0,0,0,0,0,0,0,0,0,0,0,0,0,0,0,0,0,0,0,0,0,0,0
external data set2= 0,0,0,0,0,0,0,0,0,0,0,0,0,0,0,0,0,0,0,0,0,0,0,0,0,0,0,0,0,0,0,0
external data dark= 0,0,0,0,0,0,0,0,0,0,0,0,0,0,0,0
external data mask= 0
optic= LENS 4(1), LENS 4(1)
temp= 25.1, 0.0, 0.0, 26.1, 0.0, 0.0
battery= 8.27, 8.22
error= 0, 0
units= Radiance, Radiance
time= 5/5/2023 2:29:13 PM, 5/5/2023 2:30:12 PM
longitude= 07745.5848W     , 07745.6721W     
latitude= 3411.3895N      , 3411.3274N      
gpstime= 153714.000      , 153814.000      
comm= 
memory slot= 930, 932
factors= 1.000, 1.000, 1.000 [Overlap: Preserve, Matching Type: None]
inclinometer x offset= 5, 8
inclinometer y offset= -14, 19
data= 
339.7  56113.20  4873.94  8.69
341.4  60656.20  5231.38  8.62
343.0  63251.00  5426.27  8.58
344.7  64901.25  5528.63  8.52
346.4  68588.80  5779.53  8.43
348.0  72054.50  6058.46  8.41
349.7  75956.40  6318.00  8.32
351.3  82203.10  6759.23  8.22
353.0  86771.30  7072.73  8.15
354.6  92891.40  7474.25  8.05
356.2  92492.40  7362.55  7.96
357.9  86673.00  6819.86  7.87
359.5  88170.40  6827.68  7.74
361.2  94660.20  7246.28  7.66
362.8  100040.85  7591.62  7.59
364.5  106788.00  8045.51  7.53
366.1  116811.90  8733.60  7.48
367.7  123373.80  9183.69  7.44
369.4  124840.10  9261.56  7.42
371.0  125989.50  9322.04  7.40
372.6  122813.25  9084.41  7.40
374.3  116983.50  8651.18  7.40
375.9  119662.95  8839.66  7.39
377.5  130891.80  9665.08  7.38
379.1  138454.25  10200.74  7.37
380.8  135340.80  9959.04  7.36
382.4  125235.00  9232.20  7.37
384.0  113495.85  8394.28  7.40
385.6  118850.40  8792.41  7.40
387.3  125892.00  9331.92  7.41
388.9  132512.60  9808.09  7.40
390.5  143427.35  10599.46  7.39
392.1  148268.25  10930.73  7.37
393.8  134080.00  9904.00  7.39
395.4  137126.85  10121.63  7.38
397.0  144549.60  10697.99  7.40
398.6  164712.90  12140.81  7.37
400.2  200717.20  14706.68  7.33
401.8  224164.50  16326.71  7.28
403.4  235743.20  17051.51  7.23
405.0  237060.00  17043.00  7.19
406.6  235562.25  16842.79  7.15
408.3  238182.00  16917.60  7.10
409.9  243236.80  17189.52  7.07
411.5  247416.75  17400.94  7.03
413.1  256450.00  17962.50  7.00
414.7  260433.60  18197.03  6.99
416.3  263296.00  18372.75  6.98
417.9  262740.00  18335.18  6.98
419.5  260755.35  18221.67  6.99
421.1  262963.20  18410.42  7.00
422.7  264176.00  18529.94  7.01
424.3  262496.20  18452.04  7.03
425.9  262139.35  18454.95  7.04
427.5  258211.50  18209.50  7.05
429.1  250175.85  17667.72  7.06
430.7  234962.25  16653.60  7.09
432.3  240492.85  17075.34  7.10
433.9  257665.10  18319.63  7.11
435.5  269546.20  19173.40  7.11
437.1  282910.00  20126.70  7.11
438.7  282483.20  20120.84  7.12
440.3  283950.45  20259.56  7.13
441.9  294180.75  21016.46  7.14
443.5  305908.20  21866.52  7.15
445.0  312557.50  22343.25  7.15
446.6  314313.45  22490.85  7.16
448.2  321646.90  23055.17  7.17
449.8  330324.15  23724.58  7.18
451.4  339015.70  24395.47  7.20
453.0  336697.90  24296.77  7.22
454.6  332524.35  24074.83  7.24
456.2  334400.15  24304.38  7.27
457.8  337862.60  24654.40  7.30
459.3  338045.40  24766.01  7.33
460.9  339600.80  24979.63  7.36
462.5  344066.40  25416.36  7.39
464.1  344025.60  25520.40  7.42
465.7  340802.40  25385.76  7.45
467.2  337654.50  25254.81  7.48
468.8  336500.70  25261.94  7.51
470.4  335218.50  25251.75  7.53
472.0  337245.30  25476.99  7.55
473.6  341074.25  25832.51  7.57
475.1  343570.00  26073.37  7.59
476.7  344000.50  26148.41  7.60
478.3  346726.05  26423.61  7.62
479.9  349335.45  26743.37  7.66
481.5  351344.80  27031.61  7.69
483.0  350478.20  27087.85  7.73
484.6  343219.20  26622.72  7.76
486.2  327059.95  25468.94  7.79
487.8  320052.60  25012.26  7.82
489.3  326887.50  25618.13  7.84
490.9  333684.00  26199.96  7.85
492.5  334376.90  26298.00  7.86
494.0  337296.50  26566.53  7.88
495.6  340312.00  26837.42  7.89
497.2  341063.55  26910.40  7.89
498.8  337193.95  26612.07  7.89
500.3  331836.10  26181.15  7.89
501.9  325854.50  25692.64  7.88
503.5  324851.80  25559.56  7.87
505.0  326496.50  25637.81  7.85
506.6  329025.60  25797.11  7.84
508.2  327564.00  25625.16  7.82
509.7  326848.50  25486.52  7.80
511.3  326416.30  25340.96  7.76
512.9  323013.15  24956.44  7.73
514.4  317108.50  24412.20  7.70
516.0  309540.00  23806.50  7.69
517.5  300022.65  23076.81  7.69
519.1  300673.10  23127.88  7.69
520.7  307538.00  23649.78  7.69
522.2  311130.50  23927.25  7.69
523.8  315284.60  24269.88  7.70
525.4  316573.05  24385.64  7.70
526.9  312631.00  24109.51  7.71
528.5  315670.80  24361.43  7.72
530.0  320851.35  24755.03  7.72
531.6  322624.00  24876.98  7.71
533.2  320741.10  24717.11  7.71
534.7  322672.00  24847.20  7.70
536.3  323008.20  24846.25  7.69
537.8  321541.85  24688.69  7.68
539.4  318642.00  24405.30  7.66
541.0  315854.40  24123.78  7.64
542.5  316213.20  24079.62  7.61
544.1  318577.70  24180.72  7.59
545.6  319652.25  24168.86  7.56
547.2  319272.40  24040.12  7.53
548.7  319536.00  23959.60  7.50
550.3  320149.95  23896.54  7.46
551.8  320553.45  23836.68  7.44
553.4  321578.40  23835.24  7.41
554.9  322986.40  23872.85  7.39
556.5  321667.20  23716.24  7.37
558.0  318806.50  23453.98  7.36
559.6  316361.50  23222.85  7.34
561.1  318229.50  23293.26  7.32
562.7  320253.20  23354.33  7.29
564.2  322536.75  23418.24  7.26
565.8  322007.00  23268.97  7.23
567.3  321859.30  23089.02  7.17
568.9  321325.80  22833.35  7.11
570.4  319659.75  22495.73  7.04
572.0  320415.00  22322.96  6.97
573.5  322861.35  22246.77  6.89
575.1  323547.20  22040.00  6.81
576.6  323025.50  21748.03  6.73
578.2  321855.65  21418.22  6.65
579.7  321827.20  21172.36  6.58
581.2  323719.90  21057.81  6.50
582.8  326639.70  20981.87  6.42
584.3  327406.00  20729.58  6.33
585.9  325750.80  20283.99  6.23
587.4  322056.00  19637.64  6.10
588.9  313777.75  18638.03  5.94
590.5  309021.60  17905.45  5.79
592.0  309947.70  17604.74  5.68
593.6  311467.00  17393.48  5.58
595.1  312049.10  17138.66  5.49
596.6  313005.60  16952.32  5.42
598.2  313514.50  16756.45  5.34
599.7  312961.45  16519.07  5.28
601.2  311928.40  16283.98  5.22
602.8  312008.80  16138.76  5.17
604.3  313407.00  16092.18  5.13
605.8  314614.20  16054.70  5.10
607.4  314381.25  15966.92  5.08
608.9  312624.50  15821.81  5.06
610.5  310792.90  15681.52  5.05
612.0  309145.20  15559.15  5.03
613.5  307014.50  15406.60  5.02
615.0  305067.70  15272.11  5.01
616.6  302604.80  15107.68  4.99
618.1  302929.20  15082.20  4.98
619.6  304570.00  15124.00  4.97
621.2  305447.20  15111.92  4.95
622.7  304204.80  14987.52  4.93
624.2  302169.60  14820.17  4.90
625.8  299642.35  14610.15  4.88
627.3  297946.75  14387.09  4.83
628.8  295952.65  14147.04  4.78
630.3  294711.15  14028.44  4.76
631.8  294149.70  14000.22  4.76
633.4  294993.60  14069.99  4.77
634.9  295888.40  14149.94  4.78
636.4  297099.75  14240.94  4.79
638.0  298738.80  14340.63  4.80
639.5  298620.00  14351.40  4.81
641.0  297847.55  14320.65  4.81
642.5  297362.80  14291.69  4.81
644.0  296958.00  14245.90  4.80
645.5  295739.00  14113.64  4.77
647.1  293646.00  13873.52  4.72
648.6  291364.30  13646.32  4.68
650.1  289970.25  13553.78  4.67
651.6  290511.85  13565.91  4.67
653.1  291174.15  13575.54  4.66
654.7  288596.00  13422.53  4.65
656.2  280041.60  13002.27  4.64
657.7  276544.80  12852.56  4.65
659.2  280524.40  13060.61  4.66
660.7  285497.25  13315.09  4.66
662.2  289802.50  13523.32  4.67
663.7  291765.90  13621.72  4.67
665.2  292394.80  13655.48  4.67
666.8  292562.65  13692.66  4.68
668.3  292422.00  13731.12  4.70
669.8  292084.65  13752.50  4.71
671.3  291212.10  13735.73  4.72
672.8  290766.00  13719.90  4.72
674.3  290218.40  13677.59  4.71
675.8  290122.50  13632.48  4.70
677.3  289737.00  13582.38  4.69
678.8  289313.20  13519.55  4.67
680.3  288591.40  13441.10  4.66
681.8  287662.55  13352.55  4.64
683.3  285689.25  13206.79  4.62
684.8  281696.80  12936.21  4.59
686.3  269374.00  12113.70  4.50
687.8  255091.20  11122.02  4.36
689.3  249582.90  10712.50  4.29
690.8  250111.20  10719.84  4.29
692.3  253739.20  10868.20  4.28
693.8  255997.20  10900.49  4.26
695.3  258034.40  11009.51  4.27
696.8  261330.00  11282.15  4.32
698.3  261856.00  11331.60  4.33
699.8  260115.95  11164.86  4.29
701.3  257838.70  11001.05  4.27
702.8  257948.80  11003.94  4.27
704.2  259585.00  11117.77  4.28
705.7  261246.40  11207.76  4.29
707.2  262118.80  11280.62  4.30
708.7  262514.40  11331.48  4.32
710.2  262813.65  11366.14  4.32
711.7  262257.00  11344.68  4.33
713.2  261192.80  11274.76  4.32
714.7  258619.20  11051.46  4.27
716.2  250331.40  10391.47  4.15
717.6  234576.00  9271.80  3.95
719.1  220106.20  8338.67  3.79
720.6  217436.80  8176.32  3.76
722.1  223068.50  8561.95  3.84
723.6  223066.60  8530.47  3.82
725.0  220533.30  8300.88  3.76
726.5  219539.40  8191.44  3.73
728.0  219019.95  8147.52  3.72
729.5  219230.80  8159.30  3.72
731.0  221612.80  8293.73  3.74
732.4  227317.20  8703.92  3.83
733.9  234246.95  9224.50  3.94
735.4  238439.85  9539.86  4.00
736.8  240483.00  9701.40  4.03
738.3  241386.15  9841.26  4.08
739.8  241741.50  9967.65  4.12
741.2  241836.30  10086.19  4.17
742.7  242827.20  10222.92  4.21
744.2  244490.40  10360.56  4.24
745.7  245295.00  10439.85  4.26
747.1  245844.60  10486.31  4.27
748.6  245532.30  10481.14  4.27
750.0  244358.85  10431.80  4.27
751.5  243239.10  10383.95  4.27
753.0  242630.10  10355.79  4.27
754.4  242358.00  10332.30  4.26
755.9  241437.50  10281.25  4.26
757.3  239022.55  10138.44  4.24
758.8  220483.60  9140.14  4.15
760.3  170989.50  6604.80  3.86
761.7  135824.00  4695.07  3.46
763.2  125070.00  3946.80  3.16
764.6  130003.20  4049.28  3.11
766.1  151670.40  5134.08  3.39
767.5  179056.15  6642.52  3.71
769.0  202006.50  7969.98  3.95
770.4  216891.00  8857.08  4.08
771.9  224910.00  9362.50  4.16
773.3  228805.50  9618.46  4.20
774.8  230087.00  9727.58  4.23
776.2  230781.60  9782.19  4.24
777.7  230715.10  9798.44  4.25
779.1  230140.00  9768.00  4.24
780.5  229646.80  9754.74  4.25
782.0  229142.85  9731.56  4.25
783.4  228172.80  9672.96  4.24
784.9  227331.60  9612.19  4.23
786.3  226392.40  9526.92  4.21
787.8  224538.20  9370.40  4.17
789.2  222126.80  9159.49  4.12
790.6  219565.80  8980.37  4.09
792.0  217579.60  8879.78  4.08
793.5  215645.40  8849.16  4.10
794.9  214875.00  8848.55  4.12
796.3  214706.30  8791.78  4.09
797.8  215097.50  8781.30  4.08
799.2  214978.60  8775.74  4.08
800.6  213886.00  8692.84  4.06
802.1  212712.30  8602.47  4.04
803.5  211714.80  8556.57  4.04
804.9  211351.40  8566.61  4.05
806.3  211628.75  8650.88  4.09
807.8  211516.15  8678.22  4.10
809.2  209880.85  8579.15  4.09
810.6  207863.25  8389.54  4.04
812.0  204617.55  8100.10  3.96
813.4  197943.75  7612.81  3.85
814.8  188331.15  6990.84  3.71
816.3  179108.55  6448.57  3.60
817.7  173290.00  6137.82  3.54
819.1  171838.80  6108.69  3.55
820.5  175675.50  6404.48  3.65
821.9  177081.15  6512.93  3.68
823.3  172222.05  6242.01  3.62
824.7  175763.70  6459.23  3.67
826.1  181227.20  6794.48  3.75
827.5  182489.25  6838.65  3.75
828.9  180949.50  6756.98  3.73
830.3  180950.00  6772.70  3.74
831.7  181311.30  6823.76  3.76
833.2  181879.35  6891.99  3.79
834.5  184141.30  7052.22  3.83
835.9  187346.90  7268.95  3.88
837.3  190354.75  7463.80  3.92
838.7  192241.25  7613.38  3.96
840.1  193741.60  7766.86  4.01
841.5  194545.20  7844.33  4.03
842.9  194781.45  7895.95  4.05
844.3  194350.00  7916.03  4.07
845.7  194806.00  8004.48  4.11
847.1  195045.30  8053.88  4.13
848.5  193908.75  8021.13  4.14
849.9  189953.70  7855.53  4.14
851.2  187898.70  7746.42  4.12
852.6  186796.80  7710.23  4.13
854.0  180237.20  7441.36  4.13
855.4  177209.20  7336.53  4.14
856.8  181636.05  7547.09  4.16
858.2  185543.10  7722.42  4.16
859.5  187359.00  7810.95  4.17
860.9  187814.40  7848.96  4.18
862.3  188221.40  7867.69  4.18
863.7  188243.05  7886.83  4.19
865.0  185385.00  7778.90  4.20
866.4  178208.80  7456.05  4.18
867.8  176568.15  7402.07  4.19
869.1  178887.60  7510.26  4.20
870.5  181020.60  7618.91  4.21
871.9  182475.20  7683.68  4.21
873.2  182392.40  7671.44  4.21
874.6  181459.60  7616.95  4.20
876.0  180941.20  7602.74  4.20
877.3  180803.50  7597.81  4.20
878.7  180604.60  7580.05  4.20
880.0  179468.40  7526.43  4.19
881.4  178294.50  7471.09  4.19
882.8  178230.75  7470.75  4.19
884.1  178622.50  7482.25  4.19
885.5  177925.05  7440.90  4.18
886.8  176433.40  7347.70  4.16
888.2  175890.40  7336.25  4.17
889.5  176041.25  7348.30  4.17
890.9  175642.60  7320.36  4.17
892.2  173696.75  7192.68  4.14
893.6  169956.00  6892.66  4.06
894.9  164228.40  6463.80  3.94
896.2  155602.75  5874.55  3.78
897.6  147108.00  5375.10  3.65
898.9  138971.50  4952.58  3.56
900.3  133504.80  4677.73  3.50
901.6  131686.80  4573.17  3.47
903.0  135925.60  4798.90  3.53
904.3  144139.95  5277.26  3.66
905.6  147546.75  5476.51  3.71
907.0  143507.00  5219.66  3.64
908.3  136551.35  4843.61  3.55
909.6  132343.65  4591.80  3.47
911.0  131882.80  4555.44  3.45
912.3  131785.50  4521.21  3.43
913.6  129783.45  4379.11  3.37
914.9  128421.60  4295.38  3.34
916.2  127667.00  4215.98  3.30
917.6  127581.60  4227.65  3.31
918.9  131519.65  4485.71  3.41
920.2  136754.80  4903.99  3.59
921.5  139238.40  5111.68  3.67
922.9  138966.00  5103.90  3.67
924.2  137406.30  4967.27  3.62
925.5  136790.50  4892.39  3.58
926.8  135537.60  4800.29  3.54
928.1  128568.45  4369.98  3.40
929.4  116637.00  3739.25  3.21
930.7  102083.20  3041.52  2.98
932.0  85656.00  2337.70  2.73
933.4  70425.70  1769.77  2.51
934.7  61180.20  1473.55  2.41
936.0  58404.50  1365.30  2.34
937.3  56994.80  1290.09  2.26
938.6  64623.80  1576.67  2.44
939.9  75456.00  1965.00  2.60
941.2  79600.00  2029.80  2.55
942.5  78628.20  1965.71  2.50
943.8  73647.50  1841.19  2.50
945.1  70711.20  1746.74  2.47
946.4  70093.60  1752.34  2.50
947.7  72010.80  1821.96  2.53
949.0  73272.40  1920.09  2.62
950.2  75348.00  1973.40  2.62
951.5  76582.80  1982.95  2.59
952.8  76411.50  1945.02  2.55
954.1  78169.40  2071.96  2.65
955.4  78077.00  2035.75  2.61
956.7  79818.80  2214.49  2.77
958.0  82564.80  2348.40  2.84
959.3  83044.50  2365.51  2.85
960.5  85982.40  2507.82  2.92
961.8  89543.20  2655.06  2.97
963.1  92767.50  2730.02  2.94
964.4  95968.70  2938.37  3.06
965.7  97641.90  3017.03  3.09
966.9  102791.60  3323.97  3.23
968.2  111553.40  3841.76  3.44
969.5  118156.80  4228.16  3.58
970.8  122130.00  4513.50  3.70
972.0  123338.25  4542.46  3.68
973.3  120304.80  4388.67  3.65
974.6  117052.65  4193.87  3.58
975.8  115487.05  4083.52  3.54
977.1  116457.40  4196.37  3.60
978.4  118793.35  4280.54  3.60
979.6  119767.05  4364.39  3.64
980.9  122262.75  4593.49  3.76
982.2  125445.50  4792.30  3.82
983.4  128035.40  4927.21  3.85
984.7  129882.60  5099.91  3.93
985.9  131188.75  5322.52  4.06
987.2  133318.80  5440.02  4.08
988.5  133833.15  5478.55  4.09
989.7  135318.30  5644.94  4.17
991.0  135887.60  5812.06  4.28
992.2  135634.50  5777.03  4.26
993.5  136231.20  5740.56  4.21
994.7  135818.75  5827.06  4.29
996.0  135394.15  5828.23  4.30
997.2  136204.40  5843.91  4.29
998.5  135170.75  5813.29  4.30
999.7  134878.65  5822.10  4.32
1001.0  134379.00  5773.32  4.30
1002.2  133312.15  5749.72  4.31
1003.4  132332.80  5686.18  4.30
1004.7  130907.70  5506.44  4.21
1005.9  128935.20  5458.95  4.23
1007.2  128507.40  5544.47  4.31
1008.4  128587.50  5606.42  4.36
1009.6  129187.80  5741.68  4.44
1010.9  128589.30  5817.14  4.52
1012.1  129355.85  5856.66  4.53
1013.3  129463.80  5963.49  4.61
1014.6  128721.60  5874.20  4.56
1015.8  128325.00  5800.29  4.52
1017.1  128104.40  5888.67  4.60
1018.3  127191.10  5942.54  4.67
1019.5  127860.70  5970.36  4.67
1020.8  127657.25  6007.40  4.71
1022.0  127641.15  5945.68  4.66
1023.2  126893.40  5955.09  4.69
1024.4  126112.65  5851.17  4.64
1025.7  127627.50  5975.29  4.68
1026.9  127244.40  6064.92  4.77
1028.1  126843.60  6037.27  4.76
1029.3  127464.30  5998.32  4.71
1030.6  126868.50  5958.98  4.70
1031.8  128054.55  5940.68  4.64
1033.0  126126.60  5831.66  4.62
1034.2  125482.50  5925.56  4.72
1035.4  126240.40  5953.38  4.72
1036.7  125315.50  5970.92  4.76
1037.9  125857.05  6065.40  4.82
1039.1  126161.55  6074.45  4.81
1040.3  126743.65  5936.10  4.68
1041.5  126745.85  5843.48  4.61
1042.7  126753.75  5830.67  4.60
1043.9  126768.15  5817.44  4.59
1045.2  126479.40  5878.62  4.65
1046.4  126180.30  5851.84  4.64
1047.6  125551.30  5809.09  4.63
1048.8  124891.00  5956.34  4.77
1050.0  126176.00  5815.93  4.61
1051.2  125484.90  5970.65  4.76
1052.4  126486.55  5702.26  4.51
1053.6  127179.00  5829.04  4.58
1054.8  126109.40  5653.18  4.48
1056.0  124986.40  5802.94  4.64
1057.2  125320.25  5696.38  4.55
1058.4  123346.90  5701.89  4.62
1059.7  124066.80  5606.87  4.52
1060.9  124401.75  5610.28  4.51
1062.1  122671.50  5632.88  4.59
1063.3  120851.10  5656.86  4.68
1064.5  121578.00  5418.15  4.46
1065.7  121902.75  5553.35  4.56
1066.9  121787.60  5397.41  4.43
1068.1  124984.20  5823.13  4.66
1069.3  124945.10  5811.40  4.65
1070.5  121921.70  5798.72  4.76
1071.7  121784.00  5480.28  4.50
1072.9  121644.90  5302.47  4.36
1074.1  122582.30  5322.65  4.34
1075.3  124741.80  5394.24  4.32
1076.5  121779.95  5266.16  4.32
