/*** Spectra Vista SIG Data ***/
name= 230505_1326_R918_T920.sig
instrument= HK: 9202056 (HR-512i)
integration= 70.0, 0.0, 0.0, 30.0, 0.0, 0.0
scan method= Time-based, Time-based
scan coadds= 71, 0, 0, 166, 0, 0
scan time= 5, 5
scan settings= AI, AI
external data set1= 0,0,0,0,0,0,0,0,0,0,0,0,0,0,0,0,0,0,0,0,0,0,0,0,0,0,0,0,0,0,0,0
external data set2= 0,0,0,0,0,0,0,0,0,0,0,0,0,0,0,0,0,0,0,0,0,0,0,0,0,0,0,0,0,0,0,0
external data dark= 0,0,0,0,0,0,0,0,0,0,0,0,0,0,0,0
external data mask= 0
optic= LENS 4(1), LENS 4(1)
temp= 24.1, 0.0, 0.0, 24.4, 0.0, 0.0
battery= 8.31, 8.28
error= 0, 0
units= Radiance, Radiance
time= 5/5/2023 1:24:32 PM, 5/5/2023 1:26:21 PM
longitude= 07746.1433W     , 07746.2858W     
latitude= 3411.2556N      , 3411.1393N      
gpstime= 143234.883      , 143423.884      
comm= 
memory slot= 918, 920
factors= 1.000, 1.000, 1.000 [Overlap: Preserve, Matching Type: None]
inclinometer x offset= 9, 2
inclinometer y offset= -38, -24
data= 
339.7  3982.39  37528.70  942.37
341.4  4171.20  40669.20  975.00
343.0  4256.36  42611.20  1001.12
344.7  4326.75  43694.83  1009.88
346.4  4439.90  46083.10  1037.93
348.0  4579.56  48477.48  1058.56
349.7  4733.49  51105.60  1079.66
351.3  4993.83  55302.75  1107.42
353.0  5252.50  58471.47  1113.21
354.6  5538.54  62578.10  1129.87
356.2  5572.05  62720.35  1125.62
357.9  5385.75  58867.50  1093.02
359.5  5508.46  59598.93  1081.95
361.2  5905.34  64166.73  1086.59
362.8  6299.45  67793.25  1076.18
364.5  6760.93  72445.95  1071.54
366.1  7399.30  79168.47  1069.95
367.7  7907.91  83857.20  1060.42
369.4  8184.00  84897.63  1037.36
371.0  8483.80  85806.93  1011.42
372.6  8578.93  83877.25  977.71
374.3  8539.43  79934.83  936.07
375.9  8998.94  81422.92  904.81
377.5  10024.11  89022.92  888.09
379.1  10882.46  94491.83  868.30
380.8  11096.00  92532.53  833.93
382.4  10882.29  86077.50  790.99
384.0  10522.41  77737.80  738.78
385.6  11568.77  81175.60  701.68
387.3  12930.17  86174.40  666.46
388.9  14409.69  90619.20  628.88
390.5  16591.54  98036.03  590.88
392.1  18338.79  101814.75  555.19
393.8  18000.00  92346.67  513.04
395.4  19950.90  93819.60  470.25
397.0  22727.53  99328.88  437.04
398.6  27698.20  112245.67  405.25
400.2  35837.54  137136.53  382.66
401.8  42337.25  153587.00  362.77
403.4  46858.50  161876.17  345.46
405.0  49371.43  163000.00  330.15
406.6  51059.25  162085.00  317.44
408.3  53296.80  163759.40  307.26
409.9  55889.49  167446.40  299.60
411.5  57967.39  170309.25  293.80
413.1  61042.86  176666.67  289.41
414.7  62755.50  179627.70  286.23
416.3  64020.79  181732.83  283.87
417.9  64364.83  181577.50  282.11
419.5  64210.95  180253.60  280.72
421.1  65007.09  181771.60  279.62
422.7  65608.09  182902.87  278.78
424.3  65369.89  181773.23  278.07
425.9  65473.18  181638.60  277.42
427.5  64661.50  179106.17  276.99
429.1  62854.17  173807.88  276.53
430.7  59196.28  163413.45  276.05
432.3  60384.81  166502.92  275.74
433.9  64914.95  178758.18  275.37
435.5  67995.35  187015.75  275.04
437.1  71537.71  196523.33  274.71
438.7  71659.02  196655.08  274.43
440.3  72016.30  197451.68  274.18
441.9  74636.68  204548.25  274.06
443.5  77740.41  212884.83  273.84
445.0  79575.89  217710.42  273.59
446.6  80108.29  219018.43  273.40
448.2  81982.91  224045.78  273.28
449.8  84290.24  230221.12  273.13
451.4  86600.19  236357.52  272.93
453.0  86190.58  235118.40  272.79
454.6  85115.44  232093.20  272.68
456.2  85597.98  233342.57  272.60
457.8  86562.66  235838.80  272.45
459.3  86659.99  236027.45  272.36
460.9  87057.30  237036.80  272.28
462.5  88232.91  240189.60  272.22
464.1  88302.86  240325.60  272.16
465.7  87504.34  238122.40  272.13
467.2  86721.82  235969.67  272.10
468.8  86404.48  235106.05  272.10
470.4  86108.79  234292.50  272.09
472.0  86562.28  235549.85  272.12
473.6  87572.89  238290.25  272.11
475.1  88209.60  240006.28  272.09
476.7  88309.81  240304.10  272.11
478.3  88971.02  242144.10  272.16
479.9  89675.87  244087.20  272.19
481.5  90225.77  245588.67  272.19
483.0  90065.54  245156.95  272.20
484.6  88287.09  240268.80  272.14
486.2  84207.95  229179.77  272.16
487.8  82247.40  223876.80  272.20
489.3  83973.21  228587.50  272.21
490.9  85777.89  233516.80  272.23
492.5  85997.37  234144.90  272.27
494.0  86703.14  236118.50  272.33
495.6  87513.95  238314.53  272.32
497.2  87729.56  238926.30  272.34
498.8  86735.14  236278.30  272.41
500.3  85337.21  232513.13  272.46
501.9  83751.04  228219.17  272.50
503.5  83408.74  227338.80  272.56
505.0  83775.20  228369.68  272.60
506.6  84438.58  230190.90  272.61
508.2  84078.00  229262.40  272.68
509.7  83896.14  228783.30  272.70
511.3  83796.80  228558.72  272.75
512.9  82961.16  226313.10  272.79
514.4  81435.00  222202.67  272.86
516.0  79555.71  217120.00  272.92
517.5  77063.40  210386.70  273.00
519.1  77073.29  210469.13  273.08
520.7  78764.40  215158.53  273.17
522.2  79670.36  217698.83  273.25
523.8  80722.89  220627.10  273.31
525.4  81092.75  221702.93  273.39
526.9  80089.46  218978.43  273.42
528.5  80791.18  220946.40  273.48
530.0  82123.18  224625.55  273.52
531.6  82591.26  225997.73  273.63
533.2  82097.46  224702.68  273.70
534.7  82544.00  226006.67  273.80
536.3  82653.37  226375.40  273.89
537.8  82258.75  225347.50  273.95
539.4  81518.57  223394.40  274.04
541.0  80745.77  221361.20  274.15
542.5  80789.14  221545.20  274.23
544.1  81354.90  223169.67  274.32
545.6  81624.64  223970.25  274.39
547.2  81516.95  223774.75  274.51
548.7  81552.00  223962.67  274.63
550.3  81695.32  224421.18  274.71
551.8  81781.65  224730.45  274.79
553.4  82012.54  225453.80  274.90
554.9  82331.97  226421.87  275.01
556.5  81972.74  225550.53  275.15
558.0  81209.29  223570.67  275.30
559.6  80516.25  221786.25  275.46
561.1  80920.36  222991.03  275.57
562.7  81385.69  224367.43  275.68
564.2  81924.38  225924.83  275.77
565.8  81761.11  225577.60  275.90
567.3  81621.74  225318.28  276.05
568.9  81380.00  224796.60  276.23
570.4  80845.33  223456.50  276.40
572.0  80885.68  223726.75  276.60
573.5  81401.55  225309.70  276.79
575.1  81489.37  225679.47  276.94
576.6  81265.07  225222.17  277.15
578.2  80920.38  224429.52  277.35
579.7  80875.48  224402.90  277.47
581.2  81348.71  225827.47  277.60
582.8  82097.98  228012.50  277.73
584.3  82305.07  228684.67  277.85
585.9  81859.59  227589.00  278.02
587.4  80847.26  224910.00  278.19
588.9  78651.46  218933.75  278.36
590.5  77236.49  215161.03  278.57
592.0  77355.51  215618.70  278.74
593.6  77686.89  216646.73  278.87
595.1  77786.97  217046.50  279.03
596.6  78014.29  217797.87  279.18
598.2  78167.64  218334.25  279.32
599.7  78056.35  218092.78  279.40
601.2  77815.45  217520.33  279.53
602.8  77829.04  217631.37  279.63
604.3  78164.56  218702.80  279.80
605.8  78450.57  219601.27  279.92
607.4  78362.29  219501.90  280.11
608.9  77907.43  218311.83  280.22
610.5  77411.32  217046.50  280.38
612.0  76968.73  215939.75  280.56
613.5  76405.07  214473.08  280.71
615.0  75884.40  213127.95  280.86
616.6  75221.49  211412.27  281.05
618.1  75232.80  211579.20  281.23
619.6  75592.86  212724.00  281.41
621.2  75777.89  213359.73  281.56
622.7  75423.09  212492.80  281.73
624.2  74867.91  211031.10  281.87
625.8  74155.24  209187.47  282.09
627.3  73610.57  207802.58  282.30
628.8  72975.40  206147.78  282.49
630.3  72600.56  205236.47  282.69
631.8  72436.37  204898.63  282.87
633.4  72649.50  205616.40  283.03
634.9  72875.48  206399.40  283.22
636.4  73165.87  207342.68  283.39
638.0  73558.80  208583.40  283.56
639.5  73530.00  208656.00  283.77
641.0  73307.85  208164.37  283.96
642.5  73157.30  207892.07  284.17
644.0  73007.86  207618.33  284.38
645.5  72632.66  206743.07  284.64
647.1  71996.06  205138.00  284.93
648.6  71312.41  203330.17  285.13
650.1  70901.14  202355.25  285.40
651.6  70943.94  202694.53  285.71
653.1  71048.57  203172.60  285.96
654.7  70408.86  201548.70  286.25
656.2  68303.16  195696.63  286.51
657.7  67361.14  193126.67  286.70
659.2  68287.33  195936.87  286.93
660.7  69517.18  199547.25  287.05
662.2  70576.44  202725.47  287.24
663.7  71041.54  204216.75  287.46
665.2  71164.61  204702.33  287.65
666.8  71174.45  204828.05  287.78
668.3  71107.59  204776.90  287.98
669.8  70998.48  204594.68  288.17
671.3  70767.13  204092.33  288.40
672.8  70621.66  203783.45  288.56
674.3  70473.06  203475.57  288.73
675.8  70411.43  203414.00  288.89
677.3  70299.00  203224.70  289.09
678.8  70164.29  203008.67  289.33
680.3  69947.51  202557.90  289.59
681.8  69686.50  201992.70  289.86
683.3  69187.33  200702.70  290.09
684.8  68187.66  197930.20  290.27
686.3  65063.23  189103.80  290.65
687.8  61245.60  178232.60  291.01
689.3  59707.10  173898.43  291.25
690.8  59836.80  174266.40  291.24
692.3  60749.44  176996.40  291.35
693.8  61285.91  178611.33  291.44
695.3  61809.43  180184.33  291.52
696.8  62743.29  182874.80  291.47
698.3  62936.00  183530.67  291.61
699.8  62460.46  182301.12  291.87
701.3  61848.19  180636.47  292.06
702.8  61882.67  180802.20  292.17
704.2  62315.77  182184.73  292.36
705.7  62742.63  183544.27  292.54
707.2  63002.28  184402.50  292.69
708.7  63118.80  184888.60  292.92
710.2  63231.35  185293.33  293.04
711.7  63145.29  185145.67  293.21
713.2  62865.14  184509.07  293.50
714.7  62199.94  182705.30  293.74
716.2  60025.43  176571.60  294.16
717.6  55866.86  164592.00  294.61
719.1  52008.77  153422.13  294.99
720.6  51229.26  151141.33  295.03
722.1  52740.43  155688.33  295.20
723.6  52808.94  156004.40  295.41
725.0  52068.73  153994.50  295.75
726.5  51778.46  153222.50  295.92
728.0  51657.36  152987.40  296.16
729.5  51723.89  153233.60  296.25
731.0  52339.43  155095.45  296.33
732.4  53864.01  159623.20  296.34
733.9  55762.35  165293.33  296.42
735.4  56957.53  168873.65  296.49
736.8  57553.71  170715.00  296.62
738.3  57874.34  171763.25  296.79
739.8  58055.25  172364.50  296.90
741.2  58174.39  172776.15  297.00
742.7  58458.40  173740.00  297.20
744.2  58900.80  175145.60  297.36
745.7  59131.50  175913.25  297.49
747.1  59290.63  176473.20  297.64
748.6  59204.79  176359.80  297.88
750.0  58925.81  175642.40  298.07
751.5  58638.54  174868.20  298.21
753.0  58472.50  174473.73  298.39
754.4  58386.29  174323.33  298.57
755.9  58151.79  173770.83  298.82
757.3  57546.64  172126.50  299.11
758.8  53111.38  159188.65  299.73
760.3  40782.43  122636.00  300.71
761.7  31483.93  94924.43  301.50
763.2  28464.86  85976.00  302.04
764.6  29418.17  88888.80  302.16
766.1  34790.40  104899.20  301.52
767.5  41756.83  125793.90  301.25
769.0  47685.79  143553.17  301.04
770.4  51551.68  155189.25  301.04
771.9  53670.00  161606.67  301.11
773.3  54689.75  164776.75  301.29
774.8  55044.79  165927.67  301.44
776.2  55206.21  166531.00  301.65
777.7  55176.00  166538.17  301.83
779.1  54992.57  166130.00  302.10
780.5  54852.69  165789.40  302.24
782.0  54698.69  165454.13  302.48
783.4  54440.23  164812.80  302.74
784.9  54182.14  164132.07  302.93
786.3  53887.94  163431.20  303.28
787.8  53374.02  161989.03  303.50
789.2  52663.76  160038.15  303.89
790.6  51996.26  158055.65  303.98
792.0  51455.60  156548.47  304.24
793.5  51001.71  155269.20  304.44
794.9  50796.45  154795.95  304.74
796.3  50663.00  154493.03  304.94
797.8  50723.73  154722.37  305.03
799.2  50674.81  154791.80  305.46
800.6  50353.83  153888.00  305.61
802.1  50034.31  153005.22  305.80
803.5  49746.09  152274.47  306.10
804.9  49639.20  151996.00  306.20
806.3  49740.79  152359.67  306.31
807.8  49703.39  152369.78  306.56
809.2  49269.09  151204.48  306.90
810.6  48659.46  149501.25  307.24
812.0  47748.57  146891.52  307.64
813.4  45991.07  141702.08  308.11
814.8  43482.41  134162.08  308.54
816.3  41074.18  126882.30  308.91
817.7  39545.26  122309.20  309.29
819.1  39193.01  121264.55  309.40
820.5  40161.00  124239.50  309.35
821.9  40619.86  125720.97  309.51
823.3  39351.40  121896.13  309.76
824.7  40150.30  124413.37  309.87
826.1  41588.80  128867.20  309.86
827.5  41869.29  129926.00  310.31
828.9  41465.32  128777.00  310.57
830.3  41433.86  128776.08  310.80
831.7  41558.70  129177.20  310.83
833.2  41682.66  129679.40  311.11
834.5  42228.40  131407.27  311.18
835.9  43045.51  134041.27  311.39
837.3  43764.29  136372.17  311.61
838.7  44271.79  138048.33  311.82
840.1  44689.13  139383.13  311.89
841.5  44907.83  140068.67  311.90
842.9  44930.12  140323.25  312.31
844.3  44871.36  140181.17  312.41
845.7  44960.23  140583.73  312.68
847.1  45034.10  140840.43  312.74
848.5  44744.75  140123.08  313.16
849.9  43828.53  137320.37  313.31
851.2  43282.09  135669.05  313.45
852.6  43039.24  134962.85  313.58
854.0  41511.88  130299.22  313.88
855.4  40733.37  127854.88  313.88
856.8  41728.83  131153.48  314.30
858.2  42614.87  134060.30  314.59
859.5  43027.57  135459.00  314.82
860.9  43124.23  135896.80  315.13
862.3  43158.89  136065.80  315.27
863.7  43170.54  136142.73  315.36
865.0  42503.54  134252.67  315.86
866.4  40870.20  129054.10  315.77
867.8  40406.38  127718.25  316.08
869.1  40920.94  129385.30  316.18
870.5  41354.31  130991.70  316.75
871.9  41669.96  131959.47  316.68
873.2  41656.14  132032.27  316.96
874.6  41487.80  131472.37  316.89
876.0  41294.94  130991.80  317.21
877.3  41239.45  130896.32  317.41
878.7  41169.39  130688.07  317.44
880.0  40836.94  129778.00  317.80
881.4  40524.21  128908.75  318.10
882.8  40525.01  128994.95  318.31
884.1  40531.43  129173.33  318.70
885.5  40393.46  128683.80  318.58
886.8  39960.33  127596.52  319.31
888.2  39838.15  127131.67  319.12
889.5  39816.15  127204.00  319.48
890.9  39725.94  126993.67  319.67
892.2  39235.81  125434.70  319.69
893.6  38273.82  122588.63  320.29
894.9  36765.00  117864.60  320.59
896.2  34609.21  111098.58  321.01
897.6  32507.14  104550.00  321.62
898.9  30545.93  98303.00  321.82
900.3  29222.24  94060.20  321.88
901.6  28767.60  92659.00  322.09
903.0  29682.77  95718.60  322.47
904.3  31656.03  102131.95  322.63
905.6  32585.61  105010.75  322.26
907.0  31599.29  101875.58  322.40
908.3  29906.04  96598.45  323.01
909.6  28696.26  93038.23  324.22
911.0  28602.06  92514.80  323.46
912.3  28565.75  92611.17  324.20
913.6  28037.85  90954.40  324.40
914.9  27686.46  89816.93  324.41
916.2  27442.04  89168.97  324.94
917.6  27424.89  89267.00  325.50
918.9  28335.36  91951.87  324.51
920.2  29746.60  96635.93  324.86
921.5  30374.40  98679.47  324.88
922.9  30346.29  98580.00  324.85
924.2  29904.99  97302.58  325.37
925.5  29686.25  96538.75  325.20
926.8  29375.97  95784.33  326.06
928.1  27767.31  90549.08  326.10
929.4  24895.63  81531.55  327.49
930.7  21575.31  70619.20  327.31
932.0  17845.00  58531.60  328.00
933.4  14335.36  47072.10  328.36
934.7  12363.94  40413.75  326.87
936.0  11594.21  38051.42  328.19
937.3  11222.91  36969.60  329.41
938.6  12846.90  41914.63  326.26
939.9  15270.86  50173.00  328.55
941.2  16261.14  53199.33  327.16
942.5  15980.40  52553.90  328.86
943.8  15013.21  49374.17  328.87
945.1  14310.60  47000.50  328.43
946.4  14104.20  46444.13  329.29
947.7  14501.31  47718.00  329.06
949.0  14818.43  48848.27  329.65
950.2  15249.00  50232.00  329.41
951.5  15433.78  51055.20  330.80
952.8  15348.46  50941.00  331.90
954.1  15741.51  52269.90  332.05
955.4  15738.57  52370.67  332.75
956.7  16269.69  53699.23  330.06
958.0  16950.86  56196.80  331.53
959.3  16896.50  56034.07  331.63
960.5  17474.31  58174.60  332.91
961.8  18221.00  60736.67  333.33
963.1  18932.14  63435.30  335.07
964.4  19717.49  65596.58  332.68
965.7  20217.99  67105.95  331.91
966.9  21388.31  70762.33  330.85
968.2  23416.46  77594.12  331.37
969.5  24905.60  82825.60  332.56
970.8  25875.71  86140.00  332.90
972.0  26214.75  87038.70  332.02
973.3  25516.54  84909.00  332.76
974.6  24680.31  82208.10  333.09
975.8  24337.05  80606.98  331.21
977.1  24536.91  81758.73  333.21
978.4  24934.28  83177.47  333.59
979.6  25132.71  83904.60  333.85
980.9  25755.11  86113.50  334.36
982.2  26579.14  88798.50  334.09
983.4  26922.37  90871.57  337.53
984.7  27569.91  92458.80  335.36
985.9  28058.33  94206.02  335.75
987.2  28458.86  95264.20  334.74
988.5  28734.44  96265.95  335.02
989.7  28825.20  96617.80  335.19
991.0  28884.89  96867.67  335.36
992.2  29064.54  97121.00  334.16
993.5  29008.80  97389.60  335.72
994.7  29041.43  97847.92  336.93
996.0  29205.17  97734.85  334.65
997.2  29055.19  97551.80  335.75
998.5  29032.68  97360.75  335.35
999.7  28971.88  97035.00  334.93
1001.0  28724.40  96553.80  336.14
1002.2  28494.20  95998.32  336.90
1003.4  28357.03  95458.82  336.63
1004.7  27606.39  93505.50  338.71
1005.9  27480.43  92542.20  336.76
1007.2  27537.30  91889.70  333.69
1008.4  27480.99  92240.10  335.65
1009.6  27683.10  92618.77  334.57
1010.9  27409.06  92529.87  337.59
1012.1  27500.85  92348.53  335.80
1013.3  27378.17  92085.80  336.35
1014.6  27291.31  91944.00  336.90
1015.8  27131.57  91709.60  338.02
1017.1  27008.19  91601.53  339.16
1018.3  27106.30  91744.40  338.46
1019.5  27021.33  91580.67  338.92
1020.8  26972.00  91183.75  338.07
1022.0  26962.05  90912.50  337.19
1023.2  26873.41  90903.17  338.26
1024.4  26780.68  90892.00  339.39
1025.7  26851.50  90886.25  338.48
1026.9  27011.83  91172.00  337.53
1028.1  27180.77  91473.75  336.54
1029.3  27135.26  90807.90  334.65
1030.6  26911.50  90986.50  338.10
1031.8  26968.78  91090.35  337.76
1033.0  26736.51  90413.33  338.16
1034.2  26689.93  90626.25  339.55
1035.4  26846.58  90376.65  336.64
1036.7  26748.01  90915.17  339.90
1037.9  26861.06  90981.00  338.71
1039.1  26923.36  90337.90  335.54
1040.3  26815.56  90378.38  337.04
1041.5  26807.10  90532.75  337.72
1042.7  26799.36  90699.35  338.44
1043.9  27040.56  90879.45  336.09
1045.2  26721.00  90851.40  340.00
1046.4  26646.77  90215.87  338.56
1047.6  26502.30  89947.20  339.39
1048.8  26625.11  89665.33  336.77
1050.0  26756.07  90031.83  336.49
1051.2  26600.49  90403.10  339.86
1052.4  26363.71  89853.83  340.82
1053.6  26647.03  90438.40  339.39
1054.8  26402.21  89871.07  340.39
1056.0  26463.96  90019.97  340.16
1057.2  26040.57  88863.45  341.25
1058.4  26265.24  89213.17  339.66
1059.7  25904.06  88278.30  340.79
1060.9  25786.36  87813.00  340.54
1062.1  25750.29  87622.50  340.28
1063.3  25345.67  87424.20  344.93
1064.5  25297.29  88100.00  348.26
1065.7  25928.52  87589.38  337.81
1066.9  26097.34  87650.17  335.86
1068.1  25564.95  87110.20  340.74
1069.3  26151.30  87171.00  333.33
1070.5  25913.67  86237.30  332.79
1071.7  25661.63  86263.67  336.16
1072.9  25398.39  86295.10  339.77
1074.1  25806.80  86022.67  333.33
1075.3  25044.69  86532.60  345.51
1076.5  25390.41  85575.10  337.04
