/*** Spectra Vista SIG Data ***/
name= 230503_1735_R894_T898.sig
instrument= HK: 9202056 (HR-512i)
integration= 10.0, 0.0, 0.0, 500.0, 0.0, 0.0
scan method= Time-based, Time-based
scan coadds= 300, 0, 0, 6, 0, 0
scan time= 3, 3
scan settings= AI, AI
external data set1= 0,0,0,0,0,0,0,0,0,0,0,0,0,0,0,0,0,0,0,0,0,0,0,0,0,0,0,0,0,0,0,0
external data set2= 0,0,0,0,0,0,0,0,0,0,0,0,0,0,0,0,0,0,0,0,0,0,0,0,0,0,0,0,0,0,0,0
external data dark= 0,0,0,0,0,0,0,0,0,0,0,0,0,0,0,0
external data mask= 0
optic= LENS 4(1), LENS 4(1)
temp= 21.5, 0.0, 0.0, 23.2, 0.0, 0.0
battery= 8.33, 8.28
error= 0, 0
units= Radiance, Radiance
time= 5/3/2023 5:33:55 PM, 5/3/2023 5:35:43 PM
longitude= 07756.1981W     , 07756.2019W     
latitude= 3406.5871N      , 3406.5934N      
gpstime= 184249.375      , 184436.000      
comm= 
memory slot= 894, 898
factors= 1.000, 1.000, 1.000 [Overlap: Preserve, Matching Type: None]
inclinometer x offset= 4, 2
inclinometer y offset= -11, 18
data= 
339.7  72299.70  2762.50  3.82
341.4  78557.60  2989.36  3.81
343.0  82392.75  3109.29  3.77
344.7  84612.00  3156.93  3.73
346.4  88951.10  3294.71  3.70
348.0  93670.85  3426.27  3.66
349.7  98701.20  3577.39  3.62
351.3  107055.20  3823.40  3.57
353.0  113243.90  3986.93  3.52
354.6  121383.30  4210.04  3.47
356.2  122222.10  4162.16  3.41
357.9  114729.00  3842.67  3.35
359.5  115554.80  3819.08  3.30
361.2  124746.00  4048.13  3.25
362.8  131677.70  4226.39  3.21
364.5  140644.65  4460.83  3.17
366.1  153687.10  4820.46  3.14
367.7  163292.40  5074.85  3.11
369.4  165299.75  5108.18  3.09
371.0  167157.90  5141.32  3.08
372.6  163672.50  5002.02  3.06
374.3  155861.25  4758.73  3.05
375.9  158171.20  4809.51  3.04
377.5  172723.20  5237.92  3.03
379.1  184094.90  5540.36  3.01
380.8  180667.20  5402.99  2.99
382.4  168601.50  5030.10  2.98
384.0  151528.50  4521.77  2.98
385.6  157496.20  4703.52  2.99
387.3  167263.20  4981.39  2.98
388.9  175664.60  5219.59  2.97
390.5  189970.00  5607.57  2.95
392.1  198218.25  5817.51  2.93
393.8  180080.00  5273.60  2.93
395.4  181430.55  5313.38  2.93
397.0  192365.55  5629.21  2.93
398.6  215821.00  6286.23  2.91
400.2  264140.60  7616.20  2.88
401.8  296490.25  8469.30  2.86
403.4  312995.20  8856.57  2.83
405.0  315240.00  8845.20  2.81
406.6  313062.75  8719.10  2.79
408.3  315479.85  8720.36  2.76
409.9  322457.60  8830.06  2.74
411.5  327267.00  8892.72  2.72
413.1  339200.00  9152.00  2.70
414.7  344813.70  9247.52  2.68
416.3  348521.25  9310.73  2.67
417.9  348175.80  9280.16  2.67
419.5  345403.05  9187.31  2.66
421.1  347921.20  9235.38  2.65
422.7  350325.80  9276.26  2.65
424.3  347936.30  9200.86  2.64
425.9  347699.00  9181.50  2.64
427.5  343018.00  9039.97  2.64
429.1  333178.30  8762.19  2.63
430.7  313257.30  8243.53  2.63
432.3  317422.95  8355.70  2.63
433.9  341137.30  8951.52  2.62
435.5  356756.80  9325.29  2.61
437.1  375288.00  9772.08  2.60
438.7  376200.35  9768.96  2.60
440.3  377074.60  9774.03  2.59
441.9  390226.50  10100.30  2.59
443.5  406378.05  10480.70  2.58
445.0  415981.25  10670.20  2.57
446.6  418420.75  10690.33  2.55
448.2  427537.75  10892.08  2.55
449.8  439242.70  11159.10  2.54
451.4  451115.40  11441.68  2.54
453.0  449358.80  11372.09  2.53
454.6  443164.05  11211.65  2.53
456.2  445192.70  11263.71  2.53
457.8  450064.45  11384.01  2.53
459.3  450605.25  11394.20  2.53
460.9  452217.70  11439.96  2.53
462.5  458265.60  11597.81  2.53
464.1  458836.80  11608.42  2.53
465.7  454675.20  11513.76  2.53
467.2  450532.00  11417.34  2.53
468.8  448776.00  11375.50  2.53
470.4  447322.50  11340.00  2.54
472.0  449458.65  11387.58  2.53
473.6  454819.20  11503.78  2.53
475.1  458346.35  11567.12  2.52
476.7  459209.90  11571.76  2.52
478.3  462630.15  11651.16  2.52
479.9  466198.20  11755.18  2.52
481.5  468861.70  11841.94  2.53
483.0  468090.15  11841.59  2.53
484.6  459148.80  11632.13  2.53
486.2  438190.90  11124.54  2.54
487.8  426837.60  10861.45  2.54
489.3  435337.50  11082.75  2.55
490.9  444912.00  11322.94  2.54
492.5  446179.80  11362.33  2.55
494.0  449607.00  11457.35  2.55
495.6  453905.55  11569.17  2.55
497.2  455250.50  11606.21  2.55
498.8  450447.25  11496.16  2.55
500.3  443500.70  11334.41  2.56
501.9  435283.25  11131.25  2.56
503.5  433721.60  11083.02  2.56
505.0  435751.10  11132.23  2.55
506.6  439401.60  11232.07  2.56
508.2  437626.80  11204.57  2.56
509.7  436437.00  11195.92  2.57
511.3  435863.25  11200.88  2.57
512.9  431657.10  11111.55  2.57
514.4  423736.50  10931.81  2.58
516.0  414480.00  10721.40  2.59
517.5  401477.40  10418.63  2.60
519.1  400907.65  10421.83  2.60
520.7  409670.80  10654.34  2.60
522.2  414586.50  10782.97  2.60
523.8  420189.15  10939.40  2.60
525.4  422779.35  11017.35  2.61
526.9  417525.00  10902.53  2.61
528.5  420817.20  11014.90  2.62
530.0  428002.35  11219.34  2.62
531.6  430998.40  11311.15  2.62
533.2  428555.60  11270.70  2.63
534.7  430892.00  11356.24  2.64
536.3  431789.60  11400.78  2.64
537.8  429929.85  11370.79  2.64
539.4  426447.60  11294.47  2.65
541.0  422500.80  11209.46  2.65
542.5  422832.00  11235.41  2.66
544.1  426026.00  11332.62  2.66
545.6  427710.75  11392.49  2.66
547.2  427386.10  11400.12  2.67
548.7  427560.00  11424.00  2.67
550.3  428386.70  11467.75  2.68
551.8  428992.20  11507.27  2.68
553.4  430401.40  11565.84  2.69
554.9  432401.80  11637.45  2.69
556.5  430904.40  11619.26  2.70
558.0  427160.00  11539.81  2.70
559.6  423610.25  11466.25  2.71
561.1  425898.65  11545.81  2.71
562.7  428663.40  11629.51  2.71
564.2  431961.70  11726.70  2.71
565.8  431436.00  11718.48  2.72
567.3  431148.05  11706.32  2.72
568.9  430844.50  11684.29  2.71
570.4  428645.25  11619.53  2.71
572.0  429270.00  11632.73  2.71
573.5  432724.95  11723.25  2.71
575.1  433899.20  11753.86  2.71
576.6  433191.50  11738.84  2.71
578.2  431705.25  11710.14  2.71
579.7  431283.00  11721.15  2.72
581.2  433596.20  11808.67  2.72
582.8  437406.60  11938.42  2.73
584.3  438594.50  11984.36  2.73
585.9  436624.20  11929.00  2.73
587.4  432410.40  11785.82  2.73
588.9  422606.00  11469.71  2.71
590.5  416166.30  11251.35  2.70
592.0  417489.45  11262.62  2.70
593.6  419627.00  11306.78  2.69
595.1  420350.70  11308.24  2.69
596.6  421296.80  11322.42  2.69
598.2  421691.25  11321.55  2.68
599.7  420494.85  11271.38  2.68
601.2  418650.05  11200.29  2.68
602.8  418174.50  11169.15  2.67
604.3  419778.70  11194.34  2.67
605.8  421295.60  11229.24  2.67
607.4  421070.40  11218.58  2.66
608.9  418799.55  11156.99  2.66
610.5  416331.30  11093.32  2.66
612.0  414181.95  11039.42  2.67
613.5  411389.00  10970.87  2.67
615.0  408841.65  10906.94  2.67
616.6  405478.40  10824.29  2.67
618.1  405669.60  10834.99  2.67
619.6  407854.00  10898.40  2.67
621.2  409313.00  10935.90  2.67
622.7  407846.40  10896.38  2.67
624.2  405305.10  10828.26  2.67
625.8  402002.95  10736.18  2.67
627.3  399996.75  10664.23  2.67
628.8  397596.15  10584.37  2.66
630.3  395944.45  10540.41  2.66
631.8  395020.60  10536.84  2.67
633.4  395929.60  10587.70  2.67
634.9  397076.65  10645.91  2.68
636.4  398489.95  10710.48  2.69
638.0  400528.50  10793.63  2.69
639.5  400512.00  10814.16  2.70
641.0  399318.15  10806.03  2.71
642.5  398647.20  10809.08  2.71
644.0  398137.00  10805.90  2.71
645.5  396887.80  10770.44  2.71
647.1  394754.40  10692.46  2.71
648.6  392290.40  10608.87  2.70
650.1  390373.50  10562.48  2.71
651.6  390840.25  10586.62  2.71
653.1  391563.15  10603.47  2.71
654.7  388527.05  10509.39  2.70
656.2  377293.95  10191.03  2.70
657.7  371416.80  10011.12  2.70
659.2  376183.60  10116.34  2.69
660.7  382620.75  10267.21  2.68
662.2  388407.50  10396.33  2.68
663.7  391039.95  10448.73  2.67
665.2  391742.80  10458.81  2.67
666.8  391972.40  10459.76  2.67
668.3  391689.00  10460.69  2.67
669.8  391355.25  10459.64  2.67
671.3  390394.10  10437.68  2.67
672.8  389715.45  10424.06  2.67
674.3  389170.10  10411.14  2.68
675.8  389001.50  10412.09  2.68
677.3  388615.50  10401.92  2.68
678.8  388163.60  10389.63  2.68
680.3  387333.80  10365.86  2.68
681.8  386174.95  10336.40  2.68
683.3  383799.90  10273.08  2.68
684.8  378967.20  10134.84  2.67
686.3  364115.60  9693.13  2.66
687.8  344853.60  9124.75  2.65
689.3  337063.30  8885.42  2.64
690.8  337548.00  8891.62  2.63
692.3  343013.70  9017.28  2.63
693.8  347122.40  9092.47  2.62
695.3  350101.70  9143.00  2.61
696.8  354116.20  9233.66  2.61
698.3  354984.00  9216.48  2.60
699.8  353105.60  9091.58  2.57
701.3  350087.90  8944.02  2.55
702.8  349810.60  8869.15  2.54
704.2  351475.40  8841.49  2.52
705.7  353438.40  8811.84  2.49
707.2  354320.05  8746.56  2.47
708.7  354469.20  8660.41  2.44
710.2  354640.75  8559.48  2.41
711.7  353849.00  8421.97  2.38
713.2  352366.40  8247.97  2.34
714.7  349479.60  8010.97  2.29
716.2  340769.20  7598.71  2.23
717.6  323028.00  6951.96  2.15
719.1  304983.40  6348.99  2.08
720.6  300179.20  6094.98  2.03
722.1  306453.50  6127.98  2.00
723.6  307249.90  6003.87  1.95
725.0  304310.70  5786.46  1.90
726.5  303105.30  5620.61  1.85
728.0  302487.75  5475.22  1.81
729.5  302297.20  5339.82  1.77
731.0  304773.45  5254.37  1.72
732.4  310850.10  5255.45  1.69
733.9  318659.25  5312.68  1.67
735.4  323528.15  5311.50  1.64
736.8  325584.00  5272.50  1.62
738.3  326206.80  5234.91  1.60
739.8  325998.75  5209.05  1.60
741.2  325428.30  5182.70  1.59
742.7  325988.80  5185.92  1.59
744.2  327810.00  5207.33  1.59
745.7  328600.50  5216.37  1.59
747.1  329245.50  5221.36  1.59
748.6  328719.75  5204.18  1.58
750.0  327085.45  5167.38  1.58
751.5  325479.70  5129.96  1.58
753.0  324553.15  5100.03  1.57
754.4  324198.00  5076.56  1.57
755.9  323062.50  5053.75  1.56
757.3  320230.95  4988.52  1.56
758.8  299536.90  4603.17  1.54
760.3  236715.00  3528.15  1.49
761.7  186758.00  2677.30  1.43
763.2  171534.00  2391.84  1.39
764.6  176356.80  2448.22  1.39
766.1  203750.40  2901.70  1.42
767.5  239374.80  3506.49  1.46
769.0  269821.50  4037.39  1.50
770.4  289672.75  4384.91  1.51
771.9  300300.00  4585.00  1.53
773.3  305569.25  4680.82  1.53
774.8  307307.00  4726.15  1.54
776.2  308070.30  4741.43  1.54
777.7  308034.65  4740.12  1.54
779.1  307174.00  4730.08  1.54
780.5  306470.55  4723.35  1.54
782.0  305751.35  4723.94  1.55
783.4  304512.00  4713.98  1.55
784.9  303342.20  4696.01  1.55
786.3  302355.60  4675.99  1.55
787.8  300395.70  4632.90  1.54
789.2  297734.10  4583.39  1.54
790.6  294723.60  4537.37  1.54
792.0  292049.80  4504.86  1.54
793.5  289332.00  4483.80  1.55
794.9  287846.55  4481.43  1.56
796.3  287730.90  4482.80  1.56
797.8  288275.00  4497.09  1.56
799.2  288320.00  4503.20  1.56
800.6  286982.80  4490.23  1.56
802.1  285570.45  4468.26  1.56
803.5  284367.60  4455.66  1.57
804.9  283405.20  4457.91  1.57
806.3  283572.75  4476.95  1.58
807.8  283147.50  4474.72  1.58
809.2  281222.15  4434.07  1.58
810.6  278966.25  4377.15  1.57
812.0  275748.00  4282.45  1.55
813.4  268918.75  4120.38  1.53
814.8  258131.45  3879.00  1.50
816.3  246727.80  3641.54  1.48
817.7  239028.40  3483.69  1.46
819.1  236278.35  3439.05  1.46
820.5  239778.00  3495.03  1.46
821.9  242093.05  3522.85  1.46
823.3  236074.30  3379.99  1.43
824.7  239324.90  3403.68  1.42
826.1  246153.60  3471.78  1.41
827.5  248120.25  3441.87  1.39
828.9  246228.75  3339.04  1.36
830.3  245962.75  3277.78  1.33
831.7  246205.80  3238.17  1.32
833.2  246408.60  3206.51  1.30
834.5  248584.00  3212.68  1.29
835.9  252356.00  3242.23  1.28
837.3  255802.25  3269.59  1.28
838.7  257922.50  3299.60  1.28
840.1  259659.60  3318.83  1.28
841.5  260411.40  3335.48  1.28
842.9  260249.25  3317.63  1.27
844.3  259532.00  3300.96  1.27
845.7  259842.40  3295.78  1.27
847.1  259753.00  3301.48  1.27
848.5  258389.25  3267.64  1.26
849.9  253271.60  3195.90  1.26
851.2  250158.15  3156.19  1.26
852.6  249224.55  3123.01  1.25
854.0  240754.80  3006.15  1.25
855.4  235501.70  2921.29  1.24
856.8  241169.50  2995.22  1.24
858.2  246536.55  3058.22  1.24
859.5  249120.00  3082.86  1.24
860.9  249835.20  3083.52  1.23
862.3  250134.00  3083.21  1.23
863.7  250153.30  3068.60  1.23
865.0  246998.25  3013.42  1.22
866.4  237489.00  2890.37  1.22
867.8  234554.10  2860.14  1.22
869.1  237384.60  2883.34  1.21
870.5  240597.00  2925.35  1.22
871.9  242204.90  2938.16  1.21
873.2  242472.30  2908.10  1.20
874.6  241285.80  2888.30  1.20
876.0  240519.40  2872.59  1.19
877.3  240326.45  2848.16  1.19
878.7  240051.90  2826.32  1.18
880.0  238597.20  2789.88  1.17
881.4  236883.00  2777.69  1.17
882.8  237142.95  2770.58  1.17
884.1  237442.50  2755.03  1.16
885.5  236576.85  2735.63  1.16
886.8  234727.35  2690.83  1.15
888.2  233997.05  2687.71  1.15
889.5  234191.65  2689.46  1.15
890.9  233883.20  2679.53  1.15
892.2  231984.25  2625.27  1.13
893.6  228024.30  2539.90  1.11
894.9  221923.80  2427.52  1.09
896.2  211920.75  2267.29  1.07
897.6  201966.00  2100.84  1.04
898.9  191865.50  1996.00  1.04
900.3  184833.35  1896.38  1.03
901.6  181645.80  1865.14  1.03
903.0  185730.40  1914.37  1.03
904.3  195862.30  2037.39  1.04
905.6  200982.60  2089.58  1.04
907.0  196647.75  2023.13  1.03
908.3  188271.20  1893.66  1.01
909.6  182839.55  1836.72  1.00
911.0  181936.40  1822.18  1.00
912.3  182274.75  1785.67  0.98
913.6  179789.10  1745.86  0.97
914.9  178265.60  1724.02  0.97
916.2  176952.40  1710.14  0.97
917.6  177230.10  1715.13  0.97
918.9  180648.80  1751.56  0.97
920.2  186877.60  1837.84  0.98
921.5  189728.00  1875.33  0.99
922.9  188892.00  1876.20  0.99
924.2  187401.55  1838.54  0.98
925.5  186205.25  1799.88  0.97
926.8  185699.80  1767.30  0.95
928.1  178848.50  1660.25  0.93
929.4  165007.05  1475.12  0.89
930.7  147531.20  1258.56  0.85
932.0  126342.60  1035.01  0.82
933.4  106550.80  853.87  0.80
934.7  92889.45  753.56  0.81
936.0  87986.00  675.07  0.77
937.3  86262.40  662.37  0.77
938.6  94210.60  731.88  0.78
939.9  109254.00  864.60  0.79
941.2  116216.00  907.44  0.78
942.5  115105.20  899.77  0.78
943.8  108816.25  852.33  0.78
945.1  104383.20  791.29  0.76
946.4  103430.80  777.87  0.75
947.7  105847.20  832.90  0.79
949.0  107701.60  865.14  0.80
950.2  109882.50  861.12  0.78
951.5  112139.10  857.00  0.76
952.8  111607.10  842.84  0.76
954.1  113486.90  857.04  0.76
955.4  113044.00  852.62  0.75
956.7  115347.90  905.26  0.78
958.0  119150.40  959.14  0.80
959.3  119282.10  936.14  0.78
960.5  122832.00  992.89  0.81
961.8  127547.00  989.14  0.78
963.1  131464.80  996.59  0.76
964.4  134787.50  1099.87  0.82
965.7  137686.05  1173.90  0.85
966.9  142455.75  1184.34  0.83
968.2  152532.20  1309.05  0.86
969.5  161017.60  1366.91  0.85
970.8  165790.00  1416.00  0.85
972.0  167860.35  1443.96  0.86
973.3  164498.40  1509.95  0.92
974.6  160243.20  1389.61  0.87
975.8  157598.35  1365.43  0.87
977.1  158095.80  1379.27  0.87
978.4  159939.65  1380.39  0.86
979.6  161042.70  1420.97  0.88
980.9  165089.25  1464.39  0.89
982.2  168435.25  1508.17  0.90
983.4  171912.70  1582.46  0.92
984.7  173176.80  1526.30  0.88
985.9  175418.10  1589.26  0.91
987.2  176992.20  1700.96  0.96
988.5  177661.55  1706.18  0.96
989.7  178556.10  1745.53  0.98
991.0  178454.80  1719.06  0.96
992.2  179171.50  1707.99  0.95
993.5  179071.20  1730.74  0.97
994.7  179631.25  1770.03  0.99
996.0  179330.00  1775.37  0.99
997.2  179458.50  1711.76  0.95
998.5  178652.25  1739.26  0.97
999.7  178544.40  1727.22  0.97
1001.0  177181.20  1692.18  0.96
1002.2  175035.80  1648.59  0.94
1003.4  173686.80  1674.84  0.96
1004.7  170387.80  1683.10  0.99
1005.9  168447.60  1684.48  1.00
1007.2  168925.05  1637.43  0.97
1008.4  167678.10  1728.22  1.03
1009.6  168149.20  1702.00  1.01
1010.9  168390.75  1694.11  1.01
1012.1  168060.75  1670.42  0.99
1013.3  168201.00  1712.59  1.02
1014.6  168564.00  1695.86  1.01
1015.8  167335.80  1745.22  1.04
1017.1  167362.20  1756.27  1.05
1018.3  166808.00  1730.63  1.04
1019.5  166958.60  1732.99  1.04
1020.8  167349.00  1716.40  1.03
1022.0  165824.40  1745.52  1.05
1023.2  164738.80  1825.48  1.11
1024.4  165877.90  1863.29  1.12
1025.7  165915.75  1786.79  1.08
1026.9  166488.00  1831.37  1.10
1028.1  167092.05  1780.69  1.07
1029.3  166203.45  1799.50  1.08
1030.6  165313.50  1742.84  1.05
1031.8  166338.90  1769.00  1.06
1033.0  165456.40  1790.18  1.08
1034.2  164521.50  1840.41  1.12
1035.4  164973.25  1836.22  1.11
1036.7  165121.60  1710.19  1.04
1037.9  165282.15  1849.95  1.12
1039.1  166657.85  1900.21  1.14
1040.3  166852.40  1957.31  1.17
1041.5  166251.05  1909.42  1.15
1042.7  165624.90  1757.65  1.06
1043.9  166708.80  1736.55  1.04
1045.2  165670.20  1852.66  1.12
1046.4  164583.00  1828.70  1.11
1047.6  163029.30  1836.42  1.13
1048.8  163319.00  2075.11  1.27
1050.0  165606.00  1932.07  1.17
1051.2  165963.90  1821.56  1.10
1052.4  165884.00  1741.78  1.05
1053.6  165332.70  1865.29  1.13
1054.8  165246.80  1782.93  1.08
1056.0  165160.60  1740.88  1.05
1057.2  164055.60  1822.84  1.11
1058.4  165238.30  1908.39  1.15
1059.7  162241.20  1861.00  1.15
1060.9  160990.50  1658.69  1.03
1062.1  160224.00  1752.45  1.09
1063.3  159420.60  1799.91  1.13
1064.5  161223.00  1744.38  1.08
1065.7  159828.05  1787.91  1.12
1066.9  160538.20  1826.81  1.14
1068.1  159070.80  1817.95  1.14
1069.3  159813.50  1917.76  1.20
1070.5  160579.80  1962.64  1.22
1071.7  158319.20  1765.87  1.12
1072.9  159074.10  1746.70  1.10
1074.1  158066.65  1741.96  1.10
1075.3  158455.80  2022.84  1.28
1076.5  157984.80  1843.16  1.17
