/*** Spectra Vista SIG Data ***/
name= 230503_1736_R894_T900.sig
instrument= HK: 9202056 (HR-512i)
integration= 10.0, 0.0, 0.0, 70.0, 0.0, 0.0
scan method= Time-based, Time-based
scan coadds= 300, 0, 0, 42, 0, 0
scan time= 3, 3
scan settings= AI, AI
external data set1= 0,0,0,0,0,0,0,0,0,0,0,0,0,0,0,0,0,0,0,0,0,0,0,0,0,0,0,0,0,0,0,0
external data set2= 0,0,0,0,0,0,0,0,0,0,0,0,0,0,0,0,0,0,0,0,0,0,0,0,0,0,0,0,0,0,0,0
external data dark= 0,0,0,0,0,0,0,0,0,0,0,0,0,0,0,0
external data mask= 0
optic= LENS 4(1), LENS 4(1)
temp= 21.5, 0.0, 0.0, 23.2, 0.0, 0.0
battery= 8.33, 8.28
error= 0, 0
units= Radiance, Radiance
time= 5/3/2023 5:33:55 PM, 5/3/2023 5:36:27 PM
longitude= 07756.1981W     , 07756.2055W     
latitude= 3406.5871N      , 3406.6007N      
gpstime= 184249.375      , 184520.000      
comm= 
memory slot= 894, 900
factors= 1.000, 1.000, 1.000 [Overlap: Preserve, Matching Type: None]
inclinometer x offset= 4, 5
inclinometer y offset= -11, 3
data= 
339.7  72299.70  27517.05  38.06
341.4  78557.60  29620.49  37.71
343.0  82392.75  30745.69  37.32
344.7  84612.00  31088.50  36.74
346.4  88951.10  32304.10  36.32
348.0  93670.85  33569.41  35.84
349.7  98701.20  34879.37  35.34
351.3  107055.20  37258.64  34.80
353.0  113243.90  38792.10  34.26
354.6  121383.30  40851.40  33.65
356.2  122222.10  40311.15  32.98
357.9  114729.00  37056.11  32.30
359.5  115554.80  36471.60  31.56
361.2  124746.00  38576.91  30.92
362.8  131677.70  40012.85  30.39
364.5  140644.65  42073.78  29.91
366.1  153687.10  45262.23  29.45
367.7  163292.40  47413.03  29.04
369.4  165299.75  47330.80  28.63
371.0  167157.90  47184.80  28.23
372.6  163672.50  45501.96  27.80
374.3  155861.25  42680.46  27.38
375.9  158171.20  42630.03  26.95
377.5  172723.20  45975.99  26.62
379.1  184094.90  48408.17  26.30
380.8  180667.20  46937.60  25.98
382.4  168601.50  43189.07  25.62
384.0  151528.50  38305.03  25.28
385.6  157496.20  39242.27  24.92
387.3  167263.20  41210.74  24.64
388.9  175664.60  42805.24  24.37
390.5  189970.00  45753.16  24.08
392.1  198218.25  47167.07  23.80
393.8  180080.00  42365.71  23.53
395.4  181430.55  42080.85  23.19
397.0  192365.55  44028.03  22.89
398.6  215821.00  48748.03  22.59
400.2  264140.60  58897.97  22.30
401.8  296490.25  65305.00  22.03
403.4  312995.20  68049.40  21.74
405.0  315240.00  67525.71  21.42
406.6  313062.75  66016.50  21.09
408.3  315479.85  65460.30  20.75
409.9  322457.60  65790.17  20.40
411.5  327267.00  65781.64  20.10
413.1  339200.00  67178.57  19.81
414.7  344813.70  67371.60  19.54
416.3  348521.25  67293.29  19.31
417.9  348175.80  66455.10  19.09
419.5  345403.05  65152.74  18.86
421.1  347921.20  64866.46  18.64
422.7  350325.80  64563.09  18.43
424.3  347936.30  63441.74  18.23
425.9  347699.00  62737.24  18.04
427.5  343018.00  61247.57  17.86
429.1  333178.30  58842.32  17.66
430.7  313257.30  54752.01  17.48
432.3  317422.95  54824.06  17.27
433.9  341137.30  58178.75  17.05
435.5  356756.80  60157.05  16.86
437.1  375288.00  62558.86  16.67
438.7  376200.35  62070.42  16.50
440.3  377074.60  61519.60  16.31
441.9  390226.50  62959.50  16.13
443.5  406378.05  64810.22  15.95
445.0  415981.25  65509.64  15.75
446.6  418420.75  65090.77  15.56
448.2  427537.75  65708.88  15.37
449.8  439242.70  66742.28  15.19
451.4  451115.40  67852.22  15.04
453.0  449358.80  66912.84  14.89
454.6  443164.05  65361.24  14.75
456.2  445192.70  65008.93  14.60
457.8  450064.45  65082.75  14.46
459.3  450605.25  64540.59  14.32
460.9  452217.70  64195.53  14.20
462.5  458265.60  64458.17  14.07
464.1  458836.80  63980.23  13.94
465.7  454675.20  62872.80  13.83
467.2  450532.00  61765.36  13.71
468.8  448776.00  60945.96  13.58
470.4  447322.50  60194.57  13.46
472.0  449458.65  59902.46  13.33
473.6  454819.20  59995.57  13.19
475.1  458346.35  59805.15  13.05
476.7  459209.90  59311.80  12.92
478.3  462630.15  59197.54  12.80
479.9  466198.20  59144.46  12.69
481.5  468861.70  59016.86  12.59
483.0  468090.15  58488.49  12.50
484.6  459148.80  56958.17  12.41
486.2  438190.90  53933.20  12.31
487.8  426837.60  52072.20  12.20
489.3  435337.50  52585.71  12.08
490.9  444912.00  53265.09  11.97
492.5  446179.80  52995.56  11.88
494.0  449607.00  52951.07  11.78
495.6  453905.55  52988.35  11.67
497.2  455250.50  52716.16  11.58
498.8  450447.25  51755.86  11.49
500.3  443500.70  50557.90  11.40
501.9  435283.25  49202.57  11.30
503.5  433721.60  48551.29  11.19
505.0  435751.10  48328.91  11.09
506.6  439401.60  48345.81  11.00
508.2  437626.80  47808.51  10.92
509.7  436437.00  47340.77  10.85
511.3  435863.25  46946.40  10.77
512.9  431657.10  46171.35  10.70
514.4  423736.50  45026.71  10.63
516.0  414480.00  43744.29  10.55
517.5  401477.40  42102.32  10.49
519.1  400907.65  41731.30  10.41
520.7  409670.80  42297.20  10.32
522.2  414586.50  42482.14  10.25
523.8  420189.15  42743.98  10.17
525.4  422779.35  42679.06  10.09
526.9  417525.00  41869.70  10.03
528.5  420817.20  41898.92  9.96
530.0  428002.35  42299.68  9.88
531.6  430998.40  42291.66  9.81
533.2  428555.60  41770.58  9.75
534.7  430892.00  41716.00  9.68
536.3  431789.60  41529.23  9.62
537.8  429929.85  41072.10  9.55
539.4  426447.60  40453.71  9.49
541.0  422500.80  39795.26  9.42
542.5  422832.00  39523.20  9.35
544.1  426026.00  39527.90  9.28
545.6  427710.75  39401.04  9.21
547.2  427386.10  39101.40  9.15
548.7  427560.00  38860.00  9.09
550.3  428386.70  38682.12  9.03
551.8  428992.20  38483.10  8.97
553.4  430401.40  38336.26  8.91
554.9  432401.80  38238.83  8.84
556.5  430904.40  37851.54  8.78
558.0  427160.00  37258.50  8.72
559.6  423610.25  36686.00  8.66
561.1  425898.65  36605.19  8.59
562.7  428663.40  36567.41  8.53
564.2  431961.70  36566.06  8.47
565.8  431436.00  36244.57  8.40
567.3  431148.05  35924.89  8.33
568.9  430844.50  35579.16  8.26
570.4  428645.25  35099.81  8.19
572.0  429270.00  34866.11  8.12
573.5  432724.95  34856.55  8.06
575.1  433899.20  34677.71  7.99
576.6  433191.50  34360.43  7.93
578.2  431705.25  33995.23  7.87
579.7  431283.00  33741.09  7.82
581.2  433596.20  33734.61  7.78
582.8  437406.60  33853.68  7.74
584.3  438594.50  33754.79  7.70
585.9  436624.20  33388.59  7.65
587.4  432410.40  32807.31  7.59
588.9  422606.00  31753.46  7.51
590.5  416166.30  30976.87  7.44
592.0  417489.45  30817.01  7.38
593.6  419627.00  30753.17  7.33
595.1  420350.70  30612.06  7.28
596.6  421296.80  30507.89  7.24
598.2  421691.25  30376.46  7.20
599.7  420494.85  30137.99  7.17
601.2  418650.05  29860.65  7.13
602.8  418174.50  29676.08  7.10
604.3  419778.70  29627.76  7.06
605.8  421295.60  29559.89  7.02
607.4  421070.40  29368.29  6.97
608.9  418799.55  29032.04  6.93
610.5  416331.30  28674.56  6.89
612.0  414181.95  28337.96  6.84
613.5  411389.00  27969.43  6.80
615.0  408841.65  27616.70  6.75
616.6  405478.40  27233.14  6.72
618.1  405669.60  27070.20  6.67
619.6  407854.00  27050.57  6.63
621.2  409313.00  26969.20  6.59
622.7  407846.40  26698.97  6.55
624.2  405305.10  26360.23  6.50
625.8  402002.95  25962.96  6.46
627.3  399996.75  25630.25  6.41
628.8  397596.15  25261.15  6.35
630.3  395944.45  25008.70  6.32
631.8  395020.60  24830.56  6.29
633.4  395929.60  24792.11  6.26
634.9  397076.65  24776.61  6.24
636.4  398489.95  24774.56  6.22
638.0  400528.50  24817.46  6.20
639.5  400512.00  24732.00  6.18
641.0  399318.15  24587.20  6.16
642.5  398647.20  24448.80  6.13
644.0  398137.00  24319.57  6.11
645.5  396887.80  24124.29  6.08
647.1  394754.40  23855.43  6.04
648.6  392290.40  23580.57  6.01
650.1  390373.50  23395.61  5.99
651.6  390840.25  23386.84  5.98
653.1  391563.15  23399.98  5.98
654.7  388527.05  23170.67  5.96
656.2  377293.95  22436.13  5.95
657.7  371416.80  22028.91  5.93
659.2  376183.60  22260.83  5.92
660.7  382620.75  22558.46  5.90
662.2  388407.50  22792.53  5.87
663.7  391039.95  22833.79  5.84
665.2  391742.80  22770.73  5.81
666.8  391972.40  22694.31  5.79
668.3  391689.00  22605.77  5.77
669.8  391355.25  22510.01  5.75
671.3  390394.10  22368.56  5.73
672.8  389715.45  22210.11  5.70
674.3  389170.10  22013.03  5.66
675.8  389001.50  21852.07  5.62
677.3  388615.50  21681.00  5.58
678.8  388163.60  21507.20  5.54
680.3  387333.80  21308.51  5.50
681.8  386174.95  21109.80  5.47
683.3  383799.90  20836.99  5.43
684.8  378967.20  20413.26  5.39
686.3  364115.60  19395.86  5.33
687.8  344853.60  18135.00  5.26
689.3  337063.30  17536.90  5.20
690.8  337548.00  17411.66  5.16
692.3  343013.70  17585.57  5.13
693.8  347122.40  17680.77  5.09
695.3  350101.70  17736.27  5.07
696.8  354116.20  17879.63  5.05
698.3  354984.00  17872.00  5.03
699.8  353105.60  17688.55  5.01
701.3  350087.90  17448.96  4.98
702.8  349810.60  17381.56  4.97
704.2  351475.40  17438.89  4.96
705.7  353438.40  17511.89  4.95
707.2  354320.05  17531.60  4.95
708.7  354469.20  17515.20  4.94
710.2  354640.75  17508.69  4.94
711.7  353849.00  17441.00  4.93
713.2  352366.40  17320.46  4.92
714.7  349479.60  17114.96  4.90
716.2  340769.20  16539.66  4.85
717.6  323028.00  15474.86  4.79
719.1  304983.40  14409.46  4.72
720.6  300179.20  14105.14  4.70
722.1  306453.50  14450.29  4.72
723.6  307249.90  14440.80  4.70
725.0  304310.70  14234.79  4.68
726.5  303105.30  14116.39  4.66
728.0  302487.75  14043.09  4.64
729.5  302297.20  14011.20  4.63
731.0  304773.45  14114.09  4.63
732.4  310850.10  14441.74  4.65
733.9  318659.25  14884.45  4.67
735.4  323528.15  15166.01  4.69
736.8  325584.00  15259.71  4.69
738.3  326206.80  15312.45  4.69
739.8  325998.75  15303.75  4.69
741.2  325428.30  15300.32  4.70
742.7  325988.80  15325.83  4.70
744.2  327810.00  15388.80  4.69
745.7  328600.50  15388.07  4.68
747.1  329245.50  15385.54  4.67
748.6  328719.75  15312.47  4.66
750.0  327085.45  15205.82  4.65
751.5  325479.70  15074.24  4.63
753.0  324553.15  14974.24  4.61
754.4  324198.00  14897.71  4.60
755.9  323062.50  14776.79  4.57
757.3  320230.95  14582.56  4.55
758.8  299536.90  13502.89  4.51
760.3  236715.00  10439.79  4.41
761.7  186758.00  7975.93  4.27
763.2  171534.00  7099.71  4.14
764.6  176356.80  7221.34  4.09
766.1  203750.40  8438.40  4.14
767.5  239374.80  10119.34  4.23
769.0  269821.50  11586.29  4.29
770.4  289672.75  12544.14  4.33
771.9  300300.00  13080.00  4.36
773.3  305569.25  13311.11  4.36
774.8  307307.00  13380.71  4.35
776.2  308070.30  13375.50  4.34
777.7  308034.65  13323.75  4.33
779.1  307174.00  13235.43  4.31
780.5  306470.55  13148.37  4.29
782.0  305751.35  13089.54  4.28
783.4  304512.00  12979.20  4.26
784.9  303342.20  12881.46  4.25
786.3  302355.60  12776.86  4.23
787.8  300395.70  12616.30  4.20
789.2  297734.10  12396.91  4.16
790.6  294723.60  12202.01  4.14
792.0  292049.80  12042.80  4.12
793.5  289332.00  11904.43  4.11
794.9  287846.55  11824.26  4.11
796.3  287730.90  11754.81  4.09
797.8  288275.00  11708.40  4.06
799.2  288320.00  11687.26  4.05
800.6  286982.80  11580.86  4.04
802.1  285570.45  11485.03  4.02
803.5  284367.60  11365.51  4.00
804.9  283405.20  11282.89  3.98
806.3  283572.75  11269.18  3.97
807.8  283147.50  11254.94  3.97
809.2  281222.15  11115.50  3.95
810.6  278966.25  10979.57  3.94
812.0  275748.00  10758.35  3.90
813.4  268918.75  10366.96  3.86
814.8  258131.45  9801.68  3.80
816.3  246727.80  9267.21  3.76
817.7  239028.40  8896.09  3.72
819.1  236278.35  8751.05  3.70
820.5  239778.00  8910.00  3.72
821.9  242093.05  9035.95  3.73
823.3  236074.30  8729.60  3.70
824.7  239324.90  8872.23  3.71
826.1  246153.60  9116.80  3.70
827.5  248120.25  9161.14  3.69
828.9  246228.75  9034.75  3.67
830.3  245962.75  9047.50  3.68
831.7  246205.80  9027.17  3.67
833.2  246408.60  9028.39  3.66
834.5  248584.00  9109.60  3.66
835.9  252356.00  9247.83  3.66
837.3  255802.25  9369.54  3.66
838.7  257922.50  9483.93  3.68
840.1  259659.60  9498.74  3.66
841.5  260411.40  9513.31  3.65
842.9  260249.25  9521.06  3.66
844.3  259532.00  9482.57  3.65
845.7  259842.40  9485.83  3.65
847.1  259753.00  9463.53  3.64
848.5  258389.25  9389.50  3.63
849.9  253271.60  9203.31  3.63
851.2  250158.15  9054.26  3.62
852.6  249224.55  8964.58  3.60
854.0  240754.80  8668.86  3.60
855.4  235501.70  8470.26  3.60
856.8  241169.50  8649.34  3.59
858.2  246536.55  8810.98  3.57
859.5  249120.00  8872.43  3.56
860.9  249835.20  8885.14  3.56
862.3  250134.00  8870.00  3.55
863.7  250153.30  8895.59  3.56
865.0  246998.25  8775.93  3.55
866.4  237489.00  8389.70  3.53
867.8  234554.10  8257.07  3.52
869.1  237384.60  8302.80  3.50
870.5  240597.00  8374.52  3.48
871.9  242204.90  8449.97  3.49
873.2  242472.30  8415.10  3.47
874.6  241285.80  8405.10  3.48
876.0  240519.40  8310.57  3.46
877.3  240326.45  8329.15  3.47
878.7  240051.90  8286.77  3.45
880.0  238597.20  8179.29  3.43
881.4  236883.00  8098.82  3.42
882.8  237142.95  8111.10  3.42
884.1  237442.50  8063.04  3.40
885.5  236576.85  8066.19  3.41
886.8  234727.35  7947.74  3.39
888.2  233997.05  7948.40  3.40
889.5  234191.65  7917.80  3.38
890.9  233883.20  7826.80  3.35
892.2  231984.25  7727.26  3.33
893.6  228024.30  7587.32  3.33
894.9  221923.80  7353.00  3.31
896.2  211920.75  6970.39  3.29
897.6  201966.00  6536.57  3.24
898.9  191865.50  6130.57  3.20
900.3  184833.35  5851.67  3.17
901.6  181645.80  5782.80  3.18
903.0  185730.40  5855.03  3.15
904.3  195862.30  6226.19  3.18
905.6  200982.60  6456.36  3.21
907.0  196647.75  6204.25  3.16
908.3  188271.20  5863.93  3.11
909.6  182839.55  5707.54  3.12
911.0  181936.40  5624.00  3.09
912.3  182274.75  5623.50  3.09
913.6  179789.10  5574.54  3.10
914.9  178265.60  5487.03  3.08
916.2  176952.40  5471.44  3.09
917.6  177230.10  5459.19  3.08
918.9  180648.80  5579.89  3.09
920.2  186877.60  5834.40  3.12
921.5  189728.00  5913.60  3.12
922.9  188892.00  5860.29  3.10
924.2  187401.55  5805.90  3.10
925.5  186205.25  5656.75  3.04
926.8  185699.80  5694.86  3.07
928.1  178848.50  5447.41  3.05
929.4  165007.05  4949.72  3.00
930.7  147531.20  4394.97  2.98
932.0  126342.60  3772.94  2.99
933.4  106550.80  3075.59  2.89
934.7  92889.45  2717.94  2.93
936.0  87986.00  2546.39  2.89
937.3  86262.40  2530.66  2.93
938.6  94210.60  2669.49  2.83
939.9  109254.00  3200.14  2.93
941.2  116216.00  3297.71  2.84
942.5  115105.20  3358.20  2.92
943.8  108816.25  3132.68  2.88
945.1  104383.20  3066.56  2.94
946.4  103430.80  3052.86  2.95
947.7  105847.20  3098.57  2.93
949.0  107701.60  3152.86  2.93
950.2  109882.50  3203.57  2.92
951.5  112139.10  3256.07  2.90
952.8  111607.10  3241.70  2.90
954.1  113486.90  3430.84  3.02
955.4  113044.00  3284.57  2.91
956.7  115347.90  3406.90  2.95
958.0  119150.40  3531.43  2.96
959.3  119282.10  3523.10  2.95
960.5  122832.00  3509.49  2.86
961.8  127547.00  3718.57  2.92
963.1  131464.80  3786.43  2.88
964.4  134787.50  3928.09  2.91
965.7  137686.05  4074.94  2.96
966.9  142455.75  4229.78  2.97
968.2  152532.20  4634.51  3.04
969.5  161017.60  4881.83  3.03
970.8  165790.00  4972.86  3.00
972.0  167860.35  4985.10  2.97
973.3  164498.40  4998.09  3.04
974.6  160243.20  4918.18  3.07
975.8  157598.35  4739.80  3.01
977.1  158095.80  4740.09  3.00
978.4  159939.65  4929.97  3.08
979.6  161042.70  4736.55  2.94
980.9  165089.25  5032.61  3.05
982.2  168435.25  5134.61  3.05
983.4  171912.70  5343.37  3.11
984.7  173176.80  5346.26  3.09
985.9  175418.10  5354.64  3.05
987.2  176992.20  5582.31  3.15
988.5  177661.55  5590.36  3.15
989.7  178556.10  5604.90  3.14
991.0  178454.80  5496.31  3.08
992.2  179171.50  5741.14  3.20
993.5  179071.20  5630.40  3.14
994.7  179631.25  5758.21  3.21
996.0  179330.00  5636.09  3.14
997.2  179458.50  5653.27  3.15
998.5  178652.25  5671.50  3.17
999.7  178544.40  5544.86  3.11
1001.0  177181.20  5688.00  3.21
1002.2  175035.80  5669.76  3.24
1003.4  173686.80  5612.33  3.23
1004.7  170387.80  5343.17  3.14
1005.9  168447.60  5199.00  3.09
1007.2  168925.05  5181.75  3.07
1008.4  167678.10  5290.46  3.16
1009.6  168149.20  5272.97  3.14
1010.9  168390.75  5394.34  3.20
1012.1  168060.75  5529.27  3.29
1013.3  168201.00  5388.26  3.20
1014.6  168564.00  5399.89  3.20
1015.8  167335.80  5426.31  3.24
1017.1  167362.20  5608.26  3.35
1018.3  166808.00  5808.49  3.48
1019.5  166958.60  5585.41  3.35
1020.8  167349.00  5517.00  3.30
1022.0  165824.40  5454.75  3.29
1023.2  164738.80  5406.49  3.28
1024.4  165877.90  5518.44  3.33
1025.7  165915.75  5635.50  3.40
1026.9  166488.00  5606.23  3.37
1028.1  167092.05  5749.78  3.44
1029.3  166203.45  5534.16  3.33
1030.6  165313.50  5675.21  3.43
1031.8  166338.90  5469.19  3.29
1033.0  165456.40  5424.80  3.28
1034.2  164521.50  5577.00  3.39
1035.4  164973.25  5738.20  3.48
1036.7  165121.60  5686.59  3.44
1037.9  165282.15  5632.16  3.41
1039.1  166657.85  5785.19  3.47
1040.3  166852.40  6188.21  3.71
1041.5  166251.05  6113.90  3.68
1042.7  165624.90  5794.46  3.50
1043.9  166708.80  5705.81  3.42
1045.2  165670.20  5598.69  3.38
1046.4  164583.00  6008.59  3.65
1047.6  163029.30  5889.40  3.61
1048.8  163319.00  6313.17  3.87
1050.0  165606.00  6477.79  3.91
1051.2  165963.90  6939.26  4.18
1052.4  165884.00  6220.65  3.75
1053.6  165332.70  6358.95  3.85
1054.8  165246.80  6212.29  3.76
1056.0  165160.60  6376.86  3.86
1057.2  164055.60  6510.14  3.97
1058.4  165238.30  6981.90  4.23
1059.7  162241.20  6476.01  3.99
1060.9  160990.50  5923.89  3.68
1062.1  160224.00  6795.21  4.24
1063.3  159420.60  6611.91  4.15
1064.5  161223.00  7551.43  4.68
1065.7  159828.05  7352.86  4.60
1066.9  160538.20  7512.87  4.68
1068.1  159070.80  8115.86  5.10
1069.3  159813.50  7886.90  4.94
1070.5  160579.80  8071.47  5.03
1071.7  158319.20  7828.97  4.95
1072.9  159074.10  7129.37  4.48
1074.1  158066.65  6912.54  4.37
1075.3  158455.80  7224.43  4.56
1076.5  157984.80  7052.89  4.46
