/*** Spectra Vista SIG Data ***/
name= 230503_1737_R894_T903.sig
instrument= HK: 9202056 (HR-512i)
integration= 10.0, 0.0, 0.0, 50.0, 0.0, 0.0
scan method= Time-based, Time-based
scan coadds= 300, 0, 0, 60, 0, 0
scan time= 3, 3
scan settings= AI, AI
external data set1= 0,0,0,0,0,0,0,0,0,0,0,0,0,0,0,0,0,0,0,0,0,0,0,0,0,0,0,0,0,0,0,0
external data set2= 0,0,0,0,0,0,0,0,0,0,0,0,0,0,0,0,0,0,0,0,0,0,0,0,0,0,0,0,0,0,0,0
external data dark= 0,0,0,0,0,0,0,0,0,0,0,0,0,0,0,0
external data mask= 0
optic= LENS 4(1), LENS 4(1)
temp= 21.5, 0.0, 0.0, 25.1, 0.0, 0.0
battery= 8.33, 8.26
error= 0, 1
units= Radiance, Radiance
time= 5/3/2023 5:33:55 PM, 5/3/2023 5:37:55 PM
longitude= 07756.1981W     , 07756.2063W     
latitude= 3406.5871N      , 3406.6163N      
gpstime= 184249.375      , 184648.000      
comm= 
memory slot= 894, 903
factors= 1.000, 1.000, 1.000 [Overlap: Preserve, Matching Type: None]
inclinometer x offset= 4, 5
inclinometer y offset= -11, -39
data= 
339.7  72299.70  41257.59  57.06
341.4  78557.60  44319.00  56.42
343.0  82392.75  46073.36  55.92
344.7  84612.00  46793.00  55.30
346.4  88951.10  48869.52  54.94
348.0  93670.85  50967.53  54.41
349.7  98701.20  53211.60  53.91
351.3  107055.20  56995.97  53.24
353.0  113243.90  59603.46  52.63
354.6  121383.30  62968.40  51.88
356.2  122222.10  62279.91  50.96
357.9  114729.00  57815.40  50.39
359.5  115554.80  57937.04  50.14
361.2  124746.00  61883.80  49.61
362.8  131677.70  64641.78  49.09
364.5  140644.65  68441.40  48.66
366.1  153687.10  73968.74  48.13
367.7  163292.40  77594.04  47.52
369.4  165299.75  77625.24  46.96
371.0  167157.90  77628.46  46.44
372.6  163672.50  75077.40  45.87
374.3  155861.25  71077.40  45.60
375.9  158171.20  72119.63  45.60
377.5  172723.20  78287.69  45.33
379.1  184094.90  82087.50  44.59
380.8  180667.20  79204.16  43.84
382.4  168601.50  72967.50  43.28
384.0  151528.50  65648.97  43.32
385.6  157496.20  68455.50  43.46
387.3  167263.20  72259.20  43.20
388.9  175664.60  75318.22  42.88
390.5  189970.00  80530.01  42.39
392.1  198218.25  82400.85  41.57
393.8  180080.00  74192.00  41.20
395.4  181430.55  75132.33  41.41
397.0  192365.55  79840.15  41.50
398.6  215821.00  89590.32  41.51
400.2  264140.60  108163.52  40.95
401.8  296490.25  118893.95  40.10
403.4  312995.20  123192.02  39.36
405.0  315240.00  122388.00  38.82
406.6  313062.75  120454.95  38.48
408.3  315479.85  120560.16  38.21
409.9  322457.60  121972.16  37.83
411.5  327267.00  122740.65  37.50
413.1  339200.00  126010.00  37.15
414.7  344813.70  126729.54  36.75
416.3  348521.25  126879.50  36.41
417.9  348175.80  125625.96  36.08
419.5  345403.05  123728.04  35.82
421.1  347921.20  123820.40  35.59
422.7  350325.80  123519.00  35.26
424.3  347936.30  121652.96  34.96
425.9  347699.00  120666.81  34.70
427.5  343018.00  118018.10  34.41
429.1  333178.30  113414.61  34.04
430.7  313257.30  106282.35  33.93
432.3  317422.95  108384.77  34.15
433.9  341137.30  116090.45  34.03
435.5  356756.80  120336.93  33.73
437.1  375288.00  125255.60  33.38
438.7  376200.35  124316.96  33.05
440.3  377074.60  124178.25  32.93
441.9  390226.50  128397.60  32.90
443.5  406378.05  132898.58  32.70
445.0  415981.25  134710.50  32.38
446.6  418420.75  134644.40  32.18
448.2  427537.75  137119.01  32.07
449.8  439242.70  140242.05  31.93
451.4  451115.40  142973.06  31.69
453.0  449358.80  141127.25  31.41
454.6  443164.05  138569.97  31.27
456.2  445192.70  138937.66  31.21
457.8  450064.45  139800.18  31.06
459.3  450605.25  139055.52  30.86
460.9  452217.70  138990.50  30.74
462.5  458265.60  140196.96  30.59
464.1  458836.80  139389.12  30.38
465.7  454675.20  137349.12  30.21
467.2  450532.00  135599.70  30.10
468.8  448776.00  134616.54  30.00
470.4  447322.50  133731.00  29.90
472.0  449458.65  133970.07  29.81
473.6  454819.20  134952.18  29.67
475.1  458346.35  135190.80  29.50
476.7  459209.90  134781.50  29.35
478.3  462630.15  135329.28  29.25
479.9  466198.20  135780.03  29.12
481.5  468861.70  135823.24  28.97
483.0  468090.15  134664.33  28.77
484.6  459148.80  130920.96  28.51
486.2  438190.90  124193.51  28.34
487.8  426837.60  121458.96  28.46
489.3  435337.50  124155.00  28.52
490.9  444912.00  126189.84  28.36
492.5  446179.80  125710.09  28.17
494.0  449607.00  126238.90  28.08
495.6  453905.55  126903.21  27.96
497.2  455250.50  126507.59  27.79
498.8  450447.25  124360.70  27.61
500.3  443500.70  121769.24  27.46
501.9  435283.25  119121.50  27.37
503.5  433721.60  118448.72  27.31
505.0  435751.10  118665.97  27.23
506.6  439401.60  119015.55  27.09
508.2  437626.80  117819.36  26.92
509.7  436437.00  116956.17  26.80
511.3  435863.25  116129.24  26.64
512.9  431657.10  114183.27  26.45
514.4  423736.50  111642.20  26.35
516.0  414480.00  109290.00  26.37
517.5  401477.40  105579.27  26.30
519.1  400907.65  105171.43  26.23
520.7  409670.80  106481.76  25.99
522.2  414586.50  106615.80  25.72
523.8  420189.15  107945.61  25.69
525.4  422779.35  108157.27  25.58
526.9  417525.00  106716.46  25.56
528.5  420817.20  108122.46  25.69
530.0  428002.35  109889.94  25.68
531.6  430998.40  110140.88  25.55
533.2  428555.60  109323.34  25.51
534.7  430892.00  110045.60  25.54
536.3  431789.60  110221.44  25.53
537.8  429929.85  109565.89  25.48
539.4  426447.60  108589.44  25.46
541.0  422500.80  107739.36  25.50
542.5  422832.00  108114.72  25.57
544.1  426026.00  108999.50  25.59
545.6  427710.75  109318.35  25.56
547.2  427386.10  109116.30  25.53
548.7  427560.00  109211.20  25.54
550.3  428386.70  109514.76  25.56
551.8  428992.20  109691.82  25.57
553.4  430401.40  110001.32  25.56
554.9  432401.80  110311.30  25.51
556.5  430904.40  109529.20  25.42
558.0  427160.00  108371.20  25.37
559.6  423610.25  107570.05  25.39
561.1  425898.65  108366.31  25.44
562.7  428663.40  108956.50  25.42
564.2  431961.70  109702.60  25.40
565.8  431436.00  109586.00  25.40
567.3  431148.05  109005.70  25.28
568.9  430844.50  107847.28  25.03
570.4  428645.25  106122.69  24.76
572.0  429270.00  105361.80  24.54
573.5  432724.95  105186.48  24.31
575.1  433899.20  104320.64  24.04
576.6  433191.50  103443.80  23.88
578.2  431705.25  102597.81  23.77
579.7  431283.00  102292.43  23.72
581.2  433596.20  102685.98  23.68
582.8  437406.60  103300.67  23.62
584.3  438594.50  103035.10  23.49
585.9  436624.20  101962.44  23.35
587.4  432410.40  100491.84  23.24
588.9  422606.00  97568.80  23.09
590.5  416166.30  96393.82  23.16
592.0  417489.45  97125.42  23.26
593.6  419627.00  97398.08  23.21
595.1  420350.70  97246.38  23.13
596.6  421296.80  97200.64  23.07
598.2  421691.25  96938.60  22.99
599.7  420494.85  96338.43  22.91
601.2  418650.05  95650.03  22.85
602.8  418174.50  95534.87  22.85
604.3  419778.70  95881.72  22.84
605.8  421295.60  95922.76  22.77
607.4  421070.40  95462.55  22.67
608.9  418799.55  94600.98  22.59
610.5  416331.30  93827.47  22.54
612.0  414181.95  93143.70  22.49
613.5  411389.00  92253.35  22.42
615.0  408841.65  91467.88  22.37
616.6  405478.40  90578.40  22.34
618.1  405669.60  90742.68  22.37
619.6  407854.00  91162.00  22.35
621.2  409313.00  91107.00  22.26
622.7  407846.40  90324.48  22.15
624.2  405305.10  89389.26  22.05
625.8  402002.95  88502.19  22.02
627.3  399996.75  87959.25  21.99
628.8  397596.15  87231.48  21.94
630.3  395944.45  86731.45  21.90
631.8  395020.60  86564.40  21.91
633.4  395929.60  86813.10  21.93
634.9  397076.65  87009.58  21.91
636.4  398489.95  87157.53  21.87
638.0  400528.50  87453.24  21.83
639.5  400512.00  87150.00  21.76
641.0  399318.15  86707.39  21.71
642.5  398647.20  86561.44  21.71
644.0  398137.00  86412.80  21.70
645.5  396887.80  85950.50  21.66
647.1  394754.40  85351.36  21.62
648.6  392290.40  84762.12  21.61
650.1  390373.50  84614.85  21.68
651.6  390840.25  84838.63  21.71
653.1  391563.15  84068.88  21.47
654.7  388527.05  81921.91  21.09
656.2  377293.95  79100.46  20.97
657.7  371416.80  78776.80  21.21
659.2  376183.60  80646.02  21.44
660.7  382620.75  81958.10  21.42
662.2  388407.50  82770.48  21.31
663.7  391039.95  82897.95  21.20
665.2  391742.80  82799.74  21.14
666.8  391972.40  82644.43  21.08
668.3  391689.00  82484.52  21.06
669.8  391355.25  82265.37  21.02
671.3  390394.10  81839.88  20.96
672.8  389715.45  81473.82  20.91
674.3  389170.10  81177.32  20.86
675.8  389001.50  81012.10  20.83
677.3  388615.50  80850.42  20.80
678.8  388163.60  80724.38  20.80
680.3  387333.80  80500.16  20.78
681.8  386174.95  80310.86  20.80
683.3  383799.90  79758.25  20.78
684.8  378967.20  78386.60  20.68
686.3  364115.60  74405.76  20.43
687.8  344853.60  70379.40  20.41
689.3  337063.30  69863.43  20.73
690.8  337548.00  71009.28  21.04
692.3  343013.70  72661.68  21.18
693.8  347122.40  73657.68  21.22
695.3  350101.70  74425.26  21.26
696.8  354116.20  75397.92  21.29
698.3  354984.00  75152.00  21.17
699.8  353105.60  74059.02  20.97
701.3  350087.90  72804.73  20.80
702.8  349810.60  72353.34  20.68
704.2  351475.40  72576.20  20.65
705.7  353438.40  72713.76  20.57
707.2  354320.05  72617.17  20.49
708.7  354469.20  72442.44  20.44
710.2  354640.75  72317.85  20.39
711.7  353849.00  72011.00  20.35
713.2  352366.40  71566.72  20.31
714.7  349479.60  70712.16  20.23
716.2  340769.20  68326.00  20.05
717.6  323028.00  64184.40  19.87
719.1  304983.40  60844.92  19.95
720.6  300179.20  61004.16  20.32
722.1  306453.50  62805.80  20.49
723.6  307249.90  62489.28  20.34
725.0  304310.70  61685.64  20.27
726.5  303105.30  61523.88  20.30
728.0  302487.75  61383.15  20.29
729.5  302297.20  61371.28  20.30
731.0  304773.45  62071.69  20.37
732.4  310850.10  63516.42  20.43
733.9  318659.25  65039.17  20.41
735.4  323528.15  65680.01  20.30
736.8  325584.00  65823.60  20.22
738.3  326206.80  65746.04  20.15
739.8  325998.75  65604.00  20.12
741.2  325428.30  65468.79  20.12
742.7  325988.80  65641.60  20.14
744.2  327810.00  65961.84  20.12
745.7  328600.50  66028.20  20.09
747.1  329245.50  66075.96  20.07
748.6  328719.75  65852.22  20.03
750.0  327085.45  65417.09  20.00
751.5  325479.70  65022.62  19.98
753.0  324553.15  64849.08  19.98
754.4  324198.00  64752.80  19.97
755.9  323062.50  64425.00  19.94
757.3  320230.95  63415.69  19.80
758.8  299536.90  56966.75  19.02
760.3  236715.00  41873.40  17.69
761.7  186758.00  33616.44  18.00
763.2  171534.00  33211.20  19.36
764.6  176356.80  36097.20  20.47
766.1  203750.40  43034.88  21.12
767.5  239374.80  50561.82  21.12
769.0  269821.50  55978.20  20.75
770.4  289672.75  58931.75  20.34
771.9  300300.00  60284.00  20.07
773.3  305569.25  60816.70  19.90
774.8  307307.00  60889.40  19.81
776.2  308070.30  60905.52  19.77
777.7  308034.65  60773.02  19.73
779.1  307174.00  60517.20  19.70
780.5  306470.55  60334.75  19.69
782.0  305751.35  60179.39  19.68
783.4  304512.00  59842.56  19.65
784.9  303342.20  59563.68  19.64
786.3  302355.60  59336.40  19.62
787.8  300395.70  58865.42  19.60
789.2  297734.10  58235.43  19.56
790.6  294723.60  57599.10  19.54
792.0  292049.80  57027.18  19.53
793.5  289332.00  56462.04  19.51
794.9  287846.55  56262.87  19.55
796.3  287730.90  56305.81  19.57
797.8  288275.00  56448.68  19.58
799.2  288320.00  56312.50  19.53
800.6  286982.80  55930.96  19.49
802.1  285570.45  55643.90  19.49
803.5  284367.60  55378.84  19.47
804.9  283405.20  55199.56  19.48
806.3  283572.75  55248.30  19.48
807.8  283147.50  55079.64  19.45
809.2  281222.15  54526.58  19.39
810.6  278966.25  53984.85  19.35
812.0  275748.00  53269.50  19.32
813.4  268918.75  51637.50  19.20
814.8  258131.45  49292.41  19.10
816.3  246727.80  47146.56  19.11
817.7  239028.40  45949.80  19.22
819.1  236278.35  45778.22  19.37
820.5  239778.00  46846.80  19.54
821.9  242093.05  46963.47  19.40
823.3  236074.30  45520.09  19.28
824.7  239324.90  46724.76  19.52
826.1  246153.60  48171.20  19.57
827.5  248120.25  48070.95  19.37
828.9  246228.75  47464.25  19.28
830.3  245962.75  47486.45  19.31
831.7  246205.80  47589.30  19.33
833.2  246408.60  47578.68  19.31
834.5  248584.00  48122.62  19.36
835.9  252356.00  48852.83  19.36
837.3  255802.25  49405.90  19.31
838.7  257922.50  49691.75  19.27
840.1  259659.60  49925.72  19.23
841.5  260411.40  49988.52  19.20
842.9  260249.25  49867.59  19.16
844.3  259532.00  49693.80  19.15
845.7  259842.40  49755.12  19.15
847.1  259753.00  49706.58  19.14
848.5  258389.25  49279.30  19.07
849.9  253271.60  48033.18  18.97
851.2  250158.15  47566.86  19.01
852.6  249224.55  47347.80  19.00
854.0  240754.80  45256.64  18.80
855.4  235501.70  44602.09  18.94
856.8  241169.50  46378.75  19.23
858.2  246536.55  47359.62  19.21
859.5  249120.00  47575.00  19.10
860.9  249835.20  47549.28  19.03
862.3  250134.00  47543.20  19.01
863.7  250153.30  47554.25  19.01
865.0  246998.25  46564.35  18.85
866.4  237489.00  44368.10  18.68
867.8  234554.10  44263.23  18.87
869.1  237384.60  45174.78  19.03
870.5  240597.00  45751.62  19.02
871.9  242204.90  45928.08  18.96
873.2  242472.30  45872.08  18.92
874.6  241285.80  45563.00  18.88
876.0  240519.40  45375.72  18.87
877.3  240326.45  45261.82  18.83
878.7  240051.90  45212.86  18.83
880.0  238597.20  44846.28  18.80
881.4  236883.00  44510.40  18.79
882.8  237142.95  44611.05  18.81
884.1  237442.50  44677.25  18.82
885.5  236576.85  44426.55  18.78
886.8  234727.35  43975.36  18.73
888.2  233997.05  43927.73  18.77
889.5  234191.65  43930.81  18.76
890.9  233883.20  43830.08  18.74
892.2  231984.25  43365.90  18.69
893.6  228024.30  42441.79  18.61
894.9  221923.80  41128.92  18.53
896.2  211920.75  39034.20  18.42
897.6  201966.00  37244.40  18.44
898.9  191865.50  35379.10  18.44
900.3  184833.35  34134.75  18.47
901.6  181645.80  33920.88  18.67
903.0  185730.40  35174.64  18.94
904.3  195862.30  37334.61  19.06
905.6  200982.60  37910.21  18.86
907.0  196647.75  36416.25  18.52
908.3  188271.20  34698.82  18.43
909.6  182839.55  33793.41  18.48
911.0  181936.40  33912.72  18.64
912.3  182274.75  34058.85  18.69
913.6  179789.10  33471.99  18.62
914.9  178265.60  33248.88  18.65
916.2  176952.40  33015.28  18.66
917.6  177230.10  33038.82  18.64
918.9  180648.80  33932.68  18.78
920.2  186877.60  35147.84  18.81
921.5  189728.00  35311.36  18.61
922.9  188892.00  35043.60  18.55
924.2  187401.55  34577.36  18.45
925.5  186205.25  34426.70  18.49
926.8  185699.80  34283.04  18.46
928.1  178848.50  32665.16  18.26
929.4  165007.05  29845.35  18.09
930.7  147531.20  26429.76  17.91
932.0  126342.60  22413.32  17.74
933.4  106550.80  18755.86  17.60
934.7  92889.45  16712.64  17.99
936.0  87986.00  16459.45  18.71
937.3  86262.40  16251.22  18.84
938.6  94210.60  18219.24  19.34
939.9  109254.00  21457.80  19.64
941.2  116216.00  22208.40  19.11
942.5  115105.20  21318.78  18.52
943.8  108816.25  19942.75  18.33
945.1  104383.20  19277.22  18.47
946.4  103430.80  19318.48  18.68
947.7  105847.20  19781.28  18.69
949.0  107701.60  20304.40  18.85
950.2  109882.50  20720.70  18.86
951.5  112139.10  20969.10  18.70
952.8  111607.10  20746.88  18.59
954.1  113486.90  21096.32  18.59
955.4  113044.00  20980.20  18.56
956.7  115347.90  21512.14  18.65
958.0  119150.40  22445.76  18.84
959.3  119282.10  22245.86  18.65
960.5  122832.00  22928.64  18.67
961.8  127547.00  23843.48  18.69
963.1  131464.80  24384.60  18.55
964.4  134787.50  25016.56  18.56
965.7  137686.05  25452.72  18.49
966.9  142455.75  26480.01  18.59
968.2  152532.20  28457.50  18.66
969.5  161017.60  29886.72  18.56
970.8  165790.00  30562.00  18.43
972.0  167860.35  30563.82  18.21
973.3  164498.40  29830.68  18.13
974.6  160243.20  29044.08  18.13
975.8  157598.35  28712.25  18.22
977.1  158095.80  29146.88  18.44
978.4  159939.65  29466.06  18.42
979.6  161042.70  29501.94  18.32
980.9  165089.25  30254.85  18.33
982.2  168435.25  30868.05  18.33
983.4  171912.70  31505.34  18.33
984.7  173176.80  31553.40  18.22
985.9  175418.10  31935.09  18.21
987.2  176992.20  32333.64  18.27
988.5  177661.55  32245.18  18.15
989.7  178556.10  32188.14  18.03
991.0  178454.80  32416.56  18.17
992.2  179171.50  32652.75  18.22
993.5  179071.20  32729.76  18.28
994.7  179631.25  32596.50  18.15
996.0  179330.00  32638.06  18.20
997.2  179458.50  32394.56  18.05
998.5  178652.25  32327.55  18.10
999.7  178544.40  32021.55  17.93
1001.0  177181.20  32051.88  18.09
1002.2  175035.80  31954.21  18.26
1003.4  173686.80  31842.58  18.33
1004.7  170387.80  31376.29  18.41
1005.9  168447.60  30986.04  18.40
1007.2  168925.05  31090.50  18.40
1008.4  167678.10  31478.22  18.77
1009.6  168149.20  31374.18  18.66
1010.9  168390.75  31228.83  18.55
1012.1  168060.75  31371.34  18.67
1013.3  168201.00  31193.64  18.55
1014.6  168564.00  31056.64  18.42
1015.8  167335.80  30798.00  18.40
1017.1  167362.20  30786.38  18.40
1018.3  166808.00  30650.97  18.38
1019.5  166958.60  30644.30  18.35
1020.8  167349.00  30466.10  18.21
1022.0  165824.40  30328.41  18.29
1023.2  164738.80  30053.70  18.24
1024.4  165877.90  29994.36  18.08
1025.7  165915.75  30166.50  18.18
1026.9  166488.00  30443.52  18.29
1028.1  167092.05  30491.25  18.25
1029.3  166203.45  30491.46  18.35
1030.6  165313.50  30243.40  18.29
1031.8  166338.90  30099.42  18.10
1033.0  165456.40  30378.88  18.36
1034.2  164521.50  30394.65  18.47
1035.4  164973.25  29838.64  18.09
1036.7  165121.60  29780.86  18.04
1037.9  165282.15  30023.73  18.17
1039.1  166657.85  30216.47  18.13
1040.3  166852.40  29840.91  17.88
1041.5  166251.05  29958.11  18.02
1042.7  165624.90  30082.89  18.16
1043.9  166708.80  30563.28  18.33
1045.2  165670.20  30640.08  18.49
1046.4  164583.00  30356.42  18.44
1047.6  163029.30  29982.40  18.39
1048.8  163319.00  29589.56  18.12
1050.0  165606.00  29966.80  18.10
1051.2  165963.90  29549.67  17.80
1052.4  165884.00  29444.41  17.75
1053.6  165332.70  29675.10  17.95
1054.8  165246.80  29570.48  17.89
1056.0  165160.60  29907.46  18.11
1057.2  164055.60  29621.15  18.06
1058.4  165238.30  30254.90  18.31
1059.7  162241.20  29585.16  18.24
1060.9  160990.50  29271.00  18.18
1062.1  160224.00  29040.60  18.13
1063.3  159420.60  28798.56  18.06
1064.5  161223.00  29073.00  18.03
1065.7  159828.05  29798.45  18.64
1066.9  160538.20  28786.16  17.93
1068.1  159070.80  29541.72  18.57
1069.3  159813.50  29638.14  18.55
1070.5  160579.80  29142.26  18.15
1071.7  158319.20  29228.16  18.46
1072.9  159074.10  28695.72  18.04
1074.1  158066.65  29032.65  18.37
1075.3  158455.80  28994.04  18.30
1076.5  157984.80  28963.88  18.33
