/*** Spectra Vista SIG Data ***/
name= 230503_1518_R874_T877.sig
instrument= HK: 9202056 (HR-512i)
integration= 10.0, 0.0, 0.0, 500.0, 0.0, 0.0
scan method= Time-based, Time-based
scan coadds= 500, 0, 0, 10, 0, 0
scan time= 5, 5
scan settings= AI, AI
external data set1= 0,0,0,0,0,0,0,0,0,0,0,0,0,0,0,0,0,0,0,0,0,0,0,0,0,0,0,0,0,0,0,0
external data set2= 0,0,0,0,0,0,0,0,0,0,0,0,0,0,0,0,0,0,0,0,0,0,0,0,0,0,0,0,0,0,0,0
external data dark= 0,0,0,0,0,0,0,0,0,0,0,0,0,0,0,0
external data mask= 0
optic= LENS 4(1), LENS 4(1)
temp= 22.5, 0.0, 0.0, 23.5, 0.0, 0.0
battery= 8.35, 8.33
error= 0, 0
units= Radiance, Radiance
time= 5/3/2023 3:17:24 PM, 5/3/2023 3:18:54 PM
longitude= 07756.4134W     , 07756.3921W     
latitude= 3402.4272N      , 3402.3945N      
gpstime= 162621.000      , 162751.000      
comm= 
memory slot= 874, 877
factors= 1.000, 1.000, 1.000 [Overlap: Preserve, Matching Type: None]
inclinometer x offset= 8, 9
inclinometer y offset= -13, 7
data= 
339.7  92622.75  1841.66  1.99
341.4  100282.60  1963.94  1.96
343.0  105029.95  2030.69  1.93
344.7  107527.75  2051.20  1.91
346.4  112834.70  2125.03  1.88
348.0  118522.30  2205.75  1.86
349.7  124534.80  2277.29  1.83
351.3  134638.30  2425.13  1.80
353.0  141989.40  2508.21  1.77
354.6  151826.70  2641.03  1.74
356.2  152205.90  2594.36  1.70
357.9  142409.25  2374.74  1.67
359.5  143184.80  2328.29  1.63
361.2  154098.00  2450.89  1.59
362.8  162215.20  2530.95  1.56
364.5  172802.40  2659.99  1.54
366.1  188136.30  2865.11  1.52
367.7  199472.40  3000.53  1.50
369.4  201462.80  3000.46  1.49
371.0  203239.40  2997.72  1.47
372.6  198408.75  2906.07  1.46
374.3  188434.50  2731.95  1.45
375.9  190931.95  2756.50  1.44
377.5  208032.50  2986.67  1.44
379.1  221089.00  3156.54  1.43
380.8  216417.60  3072.83  1.42
382.4  201307.50  2844.18  1.41
384.0  180730.35  2546.88  1.41
385.6  187403.00  2629.47  1.40
387.3  198619.20  2772.43  1.40
388.9  208298.30  2887.59  1.39
390.5  224682.70  3094.78  1.38
392.1  233766.00  3201.80  1.37
393.8  211840.00  2888.00  1.36
395.4  213087.00  2897.37  1.36
397.0  225418.05  3052.58  1.35
398.6  252517.60  3394.08  1.34
400.2  308085.40  4104.66  1.33
401.8  344729.00  4553.22  1.32
403.4  362710.60  4751.00  1.31
405.0  364080.00  4725.60  1.30
406.6  360533.25  4641.95  1.29
408.3  362281.50  4622.29  1.28
409.9  369036.00  4666.42  1.26
411.5  373479.75  4685.45  1.25
413.1  386000.00  4812.00  1.25
414.7  391326.60  4855.12  1.24
416.3  394663.50  4876.03  1.24
417.9  393385.20  4849.82  1.23
419.5  389484.90  4791.43  1.23
421.1  391705.60  4812.43  1.23
422.7  393630.60  4827.90  1.23
424.3  390390.50  4782.03  1.22
425.9  389575.45  4765.00  1.22
427.5  383703.00  4690.23  1.22
429.1  372167.25  4542.35  1.22
430.7  349494.30  4266.71  1.22
432.3  354047.20  4316.68  1.22
433.9  380012.15  4619.20  1.22
435.5  397013.70  4808.76  1.21
437.1  417126.00  5033.48  1.21
438.7  417484.60  5030.21  1.20
440.3  418162.15  5027.41  1.20
441.9  432416.25  5190.53  1.20
443.5  449826.55  5382.23  1.20
445.0  460040.00  5483.90  1.19
446.6  462234.85  5496.68  1.19
448.2  471924.55  5600.29  1.19
449.8  484324.75  5735.77  1.18
451.4  496938.05  5876.65  1.18
453.0  494447.25  5848.25  1.18
454.6  487226.25  5768.44  1.18
456.2  489121.40  5794.87  1.18
457.8  494061.20  5862.72  1.19
459.3  494182.05  5874.74  1.19
460.9  495644.60  5907.20  1.19
462.5  501880.80  5993.52  1.19
464.1  502084.80  6010.66  1.20
465.7  497107.20  5969.04  1.20
467.2  492178.50  5924.24  1.20
468.8  489954.45  5912.14  1.21
470.4  488025.00  5902.47  1.21
472.0  490091.10  5940.33  1.21
473.6  495611.60  6019.29  1.21
475.1  499175.25  6074.80  1.22
476.7  499862.70  6092.36  1.22
478.3  503303.10  6147.10  1.22
479.9  506835.90  6208.41  1.22
481.5  509356.60  6259.01  1.23
483.0  508092.90  6266.71  1.23
484.6  497971.20  6167.81  1.24
486.2  474891.20  5911.72  1.24
487.8  462483.00  5784.91  1.25
489.3  471562.50  5915.25  1.25
490.9  481665.60  6054.67  1.26
492.5  482771.85  6085.41  1.26
494.0  486289.50  6150.98  1.26
495.6  490676.55  6224.39  1.27
497.2  491863.05  6263.71  1.27
498.8  486370.55  6218.04  1.28
500.3  478651.80  6146.06  1.28
501.9  469704.50  6058.14  1.29
503.5  468028.60  6062.37  1.30
505.0  470168.30  6113.72  1.30
506.6  473894.10  6185.00  1.31
508.2  471711.60  6185.81  1.31
509.7  470208.15  6197.02  1.32
511.3  469306.25  6214.09  1.32
512.9  464508.00  6181.43  1.33
514.4  455792.00  6097.56  1.34
516.0  445530.00  5998.80  1.35
517.5  431386.20  5847.89  1.36
519.1  430693.90  5871.10  1.36
520.7  439947.20  6020.17  1.37
522.2  444995.00  6114.03  1.37
523.8  450930.30  6223.96  1.38
525.4  453585.70  6291.73  1.39
526.9  447879.80  6247.93  1.40
528.5  451562.10  6330.21  1.40
530.0  459288.15  6464.59  1.41
531.6  462380.40  6539.38  1.41
533.2  459661.35  6536.43  1.42
534.7  462056.00  6603.52  1.43
536.3  462870.00  6649.20  1.44
537.8  460731.95  6653.70  1.44
539.4  456862.80  6632.28  1.45
541.0  452667.60  6607.44  1.46
542.5  453054.00  6646.08  1.47
544.1  456440.60  6727.78  1.47
545.6  458180.25  6787.10  1.48
547.2  457798.30  6813.22  1.49
548.7  457968.00  6850.48  1.50
550.3  458845.00  6896.75  1.50
551.8  459411.75  6940.65  1.51
553.4  460860.40  6997.28  1.52
554.9  462891.30  7068.94  1.53
556.5  461155.60  7082.75  1.54
558.0  457102.50  7062.89  1.55
559.6  453330.50  7044.21  1.55
561.1  455828.45  7120.65  1.56
562.7  458861.65  7203.27  1.57
564.2  462472.35  7293.56  1.58
565.8  462082.40  7318.08  1.58
567.3  461969.05  7345.46  1.59
568.9  461737.60  7372.40  1.60
570.4  459508.95  7368.17  1.60
572.0  460143.00  7410.75  1.61
573.5  463692.60  7498.01  1.62
575.1  464694.40  7546.50  1.62
576.6  463661.00  7560.95  1.63
578.2  461742.25  7557.68  1.64
579.7  461022.40  7574.91  1.64
581.2  463110.10  7637.54  1.65
582.8  466875.25  7723.49  1.65
584.3  467868.00  7760.34  1.66
585.9  465578.40  7734.17  1.66
587.4  461084.40  7668.43  1.66
588.9  450902.00  7504.99  1.66
590.5  444400.60  7397.85  1.66
592.0  446055.75  7423.22  1.66
593.6  448323.20  7454.25  1.66
595.1  449028.80  7453.58  1.66
596.6  449814.40  7445.54  1.66
598.2  449908.25  7413.57  1.65
599.7  448254.45  7342.27  1.64
601.2  445975.60  7255.94  1.63
602.8  445197.20  7202.01  1.62
604.3  446775.50  7195.80  1.61
605.8  448300.80  7203.80  1.61
607.4  447897.60  7194.50  1.61
608.9  445297.50  7162.14  1.61
610.5  442531.65  7124.58  1.61
612.0  440116.95  7098.78  1.61
613.5  437017.00  7058.88  1.62
615.0  434157.85  7027.87  1.62
616.6  430482.40  6981.57  1.62
618.1  430617.60  6994.51  1.62
619.6  432896.00  7042.92  1.63
621.2  434257.60  7077.70  1.63
622.7  432652.80  7064.06  1.63
624.2  429840.90  7032.56  1.64
625.8  426346.70  6989.19  1.64
627.3  424331.75  6970.02  1.64
628.8  421879.85  6936.28  1.64
630.3  420114.20  6921.74  1.65
631.8  419039.40  6922.73  1.65
633.4  419901.90  6958.07  1.66
634.9  420885.65  6994.10  1.66
636.4  422183.50  7037.77  1.67
638.0  424172.40  7094.00  1.67
639.5  423990.00  7111.44  1.68
641.0  422653.00  7110.57  1.68
642.5  421833.30  7119.80  1.69
644.0  421271.00  7126.82  1.69
645.5  419966.70  7121.12  1.70
647.1  417949.60  7099.82  1.70
648.6  415557.40  7071.41  1.70
650.1  413649.00  7045.49  1.70
651.6  414124.35  7058.95  1.70
653.1  414772.35  7064.07  1.70
654.7  411343.00  6983.46  1.70
656.2  399313.35  6744.15  1.69
657.7  393034.40  6589.12  1.68
659.2  397868.25  6612.63  1.66
660.7  404394.75  6662.08  1.65
662.2  410293.00  6704.18  1.63
663.7  412939.35  6697.73  1.62
665.2  413511.70  6673.85  1.61
666.8  413564.10  6652.39  1.61
668.3  413205.00  6630.84  1.60
669.8  412697.45  6616.08  1.60
671.3  411507.10  6596.09  1.60
672.8  410731.70  6583.77  1.60
674.3  410028.30  6578.82  1.60
675.8  409807.50  6582.17  1.61
677.3  409311.00  6589.86  1.61
678.8  408740.20  6597.95  1.61
680.3  407730.80  6608.63  1.62
681.8  406469.35  6612.59  1.63
683.3  403859.50  6596.19  1.63
684.8  398711.80  6538.85  1.64
686.3  383302.40  6314.30  1.65
687.8  363636.00  6011.46  1.65
689.3  355746.30  5893.94  1.66
690.8  356316.00  5901.98  1.66
692.3  362143.95  5990.82  1.65
693.8  366840.20  6044.56  1.65
695.3  370058.00  6069.62  1.64
696.8  373954.80  6086.46  1.63
698.3  374640.00  6036.80  1.61
699.8  372790.35  5933.15  1.59
701.3  369652.60  5802.74  1.57
702.8  369124.30  5710.80  1.55
704.2  370628.20  5637.16  1.52
705.7  372412.80  5556.18  1.49
707.2  373027.55  5452.97  1.46
708.7  372892.20  5332.52  1.43
710.2  372813.75  5199.62  1.39
711.7  371771.50  5042.91  1.36
713.2  370054.40  4869.02  1.32
714.7  367146.90  4668.68  1.27
716.2  358738.40  4401.92  1.23
717.6  341766.00  4039.20  1.18
719.1  324278.60  3685.60  1.14
720.6  319654.40  3484.86  1.09
722.1  325528.50  3405.16  1.05
723.6  326176.10  3279.81  1.01
725.0  323415.90  3121.61  0.97
726.5  322317.75  2985.91  0.93
728.0  321583.50  2850.53  0.89
729.5  321201.20  2716.62  0.85
731.0  323594.90  2603.73  0.80
732.4  329250.90  2516.65  0.76
733.9  336409.50  2452.35  0.73
735.4  340749.75  2379.30  0.70
736.8  342456.00  2311.92  0.68
738.3  342666.25  2252.71  0.66
739.8  342053.25  2204.90  0.64
741.2  341043.75  2167.59  0.64
742.7  341348.00  2149.12  0.63
744.2  342980.40  2140.32  0.62
745.7  343709.25  2133.00  0.62
747.1  344170.50  2125.32  0.62
748.6  343636.95  2112.47  0.61
750.0  341884.05  2094.85  0.61
751.5  340082.60  2072.51  0.61
753.0  339140.50  2058.23  0.61
754.4  338644.00  2046.00  0.60
755.9  337437.50  2028.75  0.60
757.3  334480.25  2004.99  0.60
758.8  313030.70  1864.95  0.60
760.3  248454.00  1471.89  0.59
761.7  197728.40  1164.95  0.59
763.2  182622.00  1069.20  0.59
764.6  187945.20  1089.58  0.58
766.1  215913.60  1252.61  0.58
767.5  252198.45  1466.92  0.58
769.0  283042.00  1659.07  0.59
770.4  303107.25  1779.73  0.59
771.9  313880.00  1846.60  0.59
773.3  319082.50  1880.54  0.59
774.8  320677.50  1890.46  0.59
776.2  321445.80  1898.60  0.59
777.7  321274.80  1903.36  0.59
779.1  320346.00  1901.80  0.59
780.5  319586.80  1903.73  0.60
782.0  318949.25  1909.90  0.60
783.4  317644.80  1904.64  0.60
784.9  316490.40  1904.54  0.60
786.3  315515.20  1910.11  0.61
787.8  313650.80  1910.01  0.61
789.2  311090.85  1903.94  0.61
790.6  308179.80  1895.36  0.62
792.0  305461.10  1892.58  0.62
793.5  302445.00  1884.89  0.62
794.9  300910.95  1887.46  0.63
796.3  300833.40  1900.74  0.63
797.8  301491.30  1917.69  0.64
799.2  301384.50  1929.94  0.64
800.6  299990.00  1932.76  0.64
802.1  298690.50  1935.44  0.65
803.5  297422.40  1937.41  0.65
804.9  296392.20  1935.54  0.65
806.3  296182.50  1939.36  0.65
807.8  295764.95  1937.33  0.66
809.2  293752.35  1926.01  0.66
810.6  291604.50  1909.10  0.65
812.0  288699.80  1884.28  0.65
813.4  282306.25  1829.63  0.65
814.8  272069.90  1743.93  0.64
816.3  261241.20  1655.85  0.63
817.7  253562.40  1592.03  0.63
819.1  250484.60  1554.73  0.62
820.5  253638.00  1566.18  0.62
821.9  255705.65  1556.06  0.61
823.3  249918.90  1489.49  0.60
824.7  253153.10  1472.58  0.58
826.1  259705.60  1471.01  0.57
827.5  261396.75  1432.86  0.55
828.9  259590.00  1376.85  0.53
830.3  259275.50  1326.11  0.51
831.7  259315.80  1274.29  0.49
833.2  259314.45  1232.04  0.48
834.5  261283.40  1213.20  0.46
835.9  264699.50  1204.18  0.45
837.3  267917.00  1200.34  0.45
838.7  269928.75  1194.98  0.44
840.1  271410.20  1186.52  0.44
841.5  272043.40  1174.83  0.43
842.9  271750.35  1156.01  0.43
844.3  270894.00  1142.18  0.42
845.7  270909.20  1137.00  0.42
847.1  270973.10  1131.23  0.42
848.5  269447.50  1115.17  0.41
849.9  264166.70  1089.51  0.41
851.2  260881.50  1062.73  0.41
852.6  259764.30  1053.98  0.41
854.0  250950.70  1019.59  0.41
855.4  245494.70  985.98  0.40
856.8  251457.15  1008.53  0.40
858.2  256958.40  1014.85  0.39
859.5  259673.00  1013.78  0.39
860.9  260172.00  1016.16  0.39
862.3  260600.60  1011.18  0.39
863.7  260740.85  1001.33  0.38
865.0  257358.00  985.09  0.38
866.4  247246.30  935.23  0.38
867.8  244249.50  909.88  0.37
869.1  247197.00  924.63  0.37
870.5  250335.45  928.02  0.37
871.9  252256.50  931.71  0.37
873.2  252453.00  935.45  0.37
874.6  251388.90  919.18  0.37
876.0  250549.40  902.70  0.36
877.3  250280.80  893.86  0.36
878.7  250131.20  876.28  0.35
880.0  248382.60  866.11  0.35
881.4  246788.25  864.08  0.35
882.8  246961.65  858.07  0.35
884.1  247173.75  852.03  0.34
885.5  246643.95  840.38  0.34
886.8  244701.60  828.97  0.34
888.2  244092.80  821.12  0.34
889.5  243959.10  822.28  0.34
890.9  244012.00  833.32  0.34
892.2  242009.70  806.70  0.33
893.6  238410.50  788.41  0.33
894.9  232457.40  746.93  0.32
896.2  223330.00  708.83  0.32
897.6  213528.00  664.20  0.31
898.9  203592.00  653.69  0.32
900.3  196211.60  616.95  0.31
901.6  193431.00  609.76  0.32
903.0  197403.40  612.18  0.31
904.3  207151.95  630.12  0.30
905.6  211882.45  643.36  0.30
907.0  207977.25  636.61  0.31
908.3  199764.50  602.03  0.30
909.6  194492.45  577.10  0.30
911.0  193465.60  568.02  0.29
912.3  193970.00  564.80  0.29
913.6  191929.20  560.76  0.29
914.9  190286.80  557.08  0.29
916.2  189125.30  540.36  0.29
917.6  189266.10  535.60  0.28
918.9  192549.65  524.86  0.27
920.2  198325.40  519.79  0.26
921.5  200390.40  533.12  0.27
922.9  199704.00  546.96  0.27
924.2  198045.70  541.88  0.27
925.5  197004.50  517.06  0.26
926.8  196662.40  491.66  0.25
928.1  190321.80  472.43  0.25
929.4  177356.85  445.97  0.25
930.7  159767.20  398.54  0.25
932.0  138477.20  335.49  0.24
933.4  117497.80  299.22  0.25
934.7  103707.90  246.21  0.24
936.0  98984.25  235.14  0.24
937.3  97430.30  223.36  0.23
938.6  105500.30  233.58  0.22
939.9  121044.00  275.10  0.23
941.2  128156.00  278.60  0.22
942.5  126858.90  291.82  0.23
943.8  119987.50  273.08  0.23
945.1  115326.60  260.96  0.23
946.4  114543.20  273.54  0.24
947.7  117126.00  260.28  0.22
949.0  119619.40  273.67  0.23
950.2  121095.00  269.10  0.22
951.5  123535.35  264.39  0.21
952.8  123184.60  250.07  0.20
954.1  125259.40  254.29  0.20
955.4  124540.00  249.08  0.20
956.7  126542.00  262.82  0.21
958.0  130521.60  266.98  0.20
959.3  130858.00  251.65  0.19
960.5  134603.40  255.90  0.19
961.8  139000.20  270.71  0.19
963.1  142596.90  275.65  0.19
964.4  146109.65  248.01  0.17
965.7  148657.05  285.25  0.19
966.9  153628.75  312.84  0.20
968.2  163346.05  341.49  0.21
969.5  170864.00  347.52  0.20
970.8  175820.00  354.00  0.20
972.0  177486.75  348.96  0.20
973.3  174319.20  319.18  0.18
974.6  170258.40  375.57  0.22
975.8  167807.15  331.79  0.20
977.1  169156.00  377.35  0.22
978.4  170558.05  331.83  0.19
979.6  171869.10  351.86  0.20
980.9  174759.75  317.75  0.18
982.2  178301.75  338.28  0.19
983.4  180544.30  359.65  0.20
984.7  182716.20  352.22  0.19
985.9  184413.90  374.83  0.20
987.2  186186.60  352.45  0.19
988.5  186270.70  391.33  0.21
989.7  187363.80  416.36  0.22
991.0  187459.40  392.93  0.21
992.2  187544.00  401.88  0.21
993.5  187639.20  411.26  0.22
994.7  187517.50  385.55  0.21
996.0  187399.85  394.53  0.21
997.2  187741.20  386.53  0.21
998.5  187159.50  415.91  0.22
999.7  186307.20  388.14  0.21
1001.0  186139.80  398.16  0.21
1002.2  184194.65  407.06  0.22
1003.4  182991.45  454.89  0.25
1004.7  179738.35  353.24  0.20
1005.9  176766.00  353.53  0.20
1007.2  177215.85  393.81  0.22
1008.4  176936.40  370.33  0.21
1009.6  177376.90  348.60  0.20
1010.9  177575.70  346.99  0.20
1012.1  176209.15  366.68  0.21
1013.3  176356.20  428.15  0.24
1014.6  175715.20  408.64  0.23
1015.8  175548.60  410.64  0.23
1017.1  174593.90  454.56  0.26
1018.3  175148.40  396.17  0.23
1019.5  175412.20  443.81  0.25
1020.8  174858.25  364.74  0.21
1022.0  173461.05  349.10  0.20
1023.2  173643.60  356.19  0.21
1024.4  173830.95  386.29  0.22
1025.7  174037.50  394.49  0.23
1026.9  174812.40  428.11  0.24
1028.1  174409.95  414.68  0.24
1029.3  174951.00  474.87  0.27
1030.6  174284.00  435.71  0.25
1031.8  174259.80  448.85  0.26
1033.0  173593.60  406.86  0.23
1034.2  174281.25  334.62  0.19
1035.4  173580.55  459.06  0.26
1036.7  173967.40  471.78  0.27
1037.9  174380.25  424.58  0.24
1039.1  172888.05  529.57  0.31
1040.3  174874.15  449.22  0.26
1041.5  174481.30  427.97  0.25
1042.7  174075.15  439.41  0.25
1043.9  175391.55  451.50  0.26
1045.2  174577.20  463.16  0.27
1046.4  173726.50  438.89  0.25
1047.6  174272.70  412.26  0.24
1048.8  172926.00  384.28  0.22
1050.0  173492.00  394.30  0.23
1051.2  174059.70  364.31  0.21
1052.4  174178.20  331.77  0.19
1053.6  173811.30  508.72  0.29
1054.8  173944.00  391.37  0.23
1056.0  174088.20  446.38  0.26
1057.2  173169.80  319.00  0.18
1058.4  172220.20  279.28  0.16
1059.7  171784.80  238.59  0.14
1060.9  170747.50  341.50  0.20
1062.1  170238.00  550.77  0.32
1063.3  169705.80  514.26  0.30
1064.5  171795.00  370.02  0.22
1065.7  170663.85  325.07  0.19
1066.9  171609.80  442.86  0.26
1068.1  170433.00  454.49  0.27
1069.3  168530.60  464.91  0.28
1070.5  166527.20  416.32  0.25
1071.7  170497.60  426.24  0.25
1072.9  168431.40  499.06  0.30
1074.1  167744.20  387.10  0.23
1075.3  168570.00  404.57  0.24
1076.5  167858.85  394.96  0.24
