/*** Spectra Vista SIG Data ***/
name= 230505_1720_R963_T968.sig
instrument= HK: 9202056 (HR-512i)
integration= 20.0, 0.0, 0.0, 50.0, 0.0, 0.0
scan method= Time-based, Time-based
scan coadds= 250, 0, 0, 100, 0, 0
scan time= 5, 5
scan settings= AI, AI
external data set1= 0,0,0,0,0,0,0,0,0,0,0,0,0,0,0,0,0,0,0,0,0,0,0,0,0,0,0,0,0,0,0,0
external data set2= 0,0,0,0,0,0,0,0,0,0,0,0,0,0,0,0,0,0,0,0,0,0,0,0,0,0,0,0,0,0,0,0
external data dark= 0,0,0,0,0,0,0,0,0,0,0,0,0,0,0,0
external data mask= 0
optic= LENS 4(1), LENS 4(1)
temp= 27.7, 0.0, 0.0, 28.3, 0.0, 0.0
battery= 8.25, 8.21
error= 0, 0
units= Radiance, Radiance
time= 5/5/2023 5:17:42 PM, 5/5/2023 5:20:01 PM
longitude= 07749.1536W     , 07749.5232W     
latitude= 3411.4076N      , 3411.5265N      
gpstime= 182541.000      , 182800.000      
comm= 
memory slot= 963, 968
factors= 1.000, 1.000, 1.000 [Overlap: Preserve, Matching Type: None]
inclinometer x offset= 3, 7
inclinometer y offset= -14, 3
data= 
339.7  33272.25  43164.00  129.73
341.4  35976.60  46404.60  128.99
343.0  37700.93  48137.34  127.68
344.7  38540.13  48812.15  126.65
346.4  40265.30  50859.82  126.31
348.0  42203.35  52849.77  125.23
349.7  44155.80  55064.88  124.71
351.3  47655.95  58825.74  123.44
353.0  50204.35  61368.30  122.24
354.6  53471.10  64789.80  121.17
356.2  53932.73  63855.33  118.40
357.9  50851.50  58817.40  115.67
359.5  50470.80  58501.92  115.91
361.2  53934.30  61957.18  114.88
362.8  56860.83  64592.92  113.60
364.5  60553.65  68125.89  112.51
366.1  65744.60  73532.06  111.85
367.7  69767.10  76894.56  110.22
369.4  70834.23  76837.53  108.48
371.0  71453.20  76563.76  107.15
372.6  70061.25  73805.70  105.34
374.3  66839.38  69349.50  103.76
375.9  67130.80  69774.65  103.94
377.5  72530.25  75386.48  103.94
379.1  77271.70  79066.68  102.32
380.8  76395.20  76459.04  100.08
382.4  71622.00  70173.00  97.98
384.0  64675.58  62618.40  96.82
385.6  66270.75  64629.76  97.52
387.3  70293.60  67878.72  96.56
388.9  74212.45  70679.38  95.24
390.5  80219.15  75642.60  94.29
392.1  84124.13  77605.65  92.25
393.8  77800.00  69584.00  89.44
395.4  78297.98  69858.81  89.22
397.0  82998.50  73038.68  88.00
398.6  93745.05  81716.72  87.17
400.2  114512.60  98565.76  86.07
401.8  129726.63  109051.95  84.06
403.4  138181.40  113435.84  82.09
405.0  140130.00  112692.00  80.42
406.6  139812.75  110498.85  79.03
408.3  141295.35  110086.83  77.91
409.9  144452.00  110994.88  76.84
411.5  146995.88  111438.45  75.81
413.1  152250.00  114110.00  74.95
414.7  154849.80  114644.88  74.04
416.3  156589.13  114668.40  73.23
417.9  156330.30  113322.48  72.49
419.5  155033.63  111369.30  71.84
421.1  155920.40  111220.08  71.33
422.7  156708.20  110820.16  70.72
424.3  155685.85  109145.74  70.11
425.9  155360.43  108099.86  69.58
427.5  153121.75  105654.60  69.00
429.1  148613.73  101597.18  68.36
430.7  139955.78  94763.61  67.71
432.3  141396.45  95821.31  67.77
433.9  151054.93  101929.17  67.48
435.5  158135.80  105756.17  66.88
437.1  166041.00  110177.20  66.36
438.7  166582.90  109355.70  65.65
440.3  166963.48  108964.03  65.26
441.9  172297.13  111965.40  64.98
443.5  179061.65  115549.94  64.53
445.0  183248.75  117180.00  63.95
446.6  184335.53  116946.94  63.44
448.2  188014.30  118718.95  63.14
449.8  192857.60  121075.24  62.78
451.4  197892.33  123413.54  62.36
453.0  197176.65  121863.28  61.80
454.6  194487.00  119508.63  61.45
456.2  194989.23  119359.86  61.21
457.8  196809.43  119833.36  60.89
459.3  196989.90  119145.15  60.48
460.9  197537.45  118909.12  60.20
462.5  199858.80  119723.52  59.90
464.1  199940.40  119029.92  59.53
465.7  198104.40  117226.56  59.17
467.2  196089.00  115461.05  58.88
468.8  195079.35  114324.06  58.60
470.4  194238.00  113213.70  58.29
472.0  194951.03  113101.05  58.02
473.6  196915.68  113640.56  57.71
475.1  198211.93  113697.70  57.36
476.7  198400.75  113073.54  56.99
478.3  199695.90  113237.28  56.70
479.9  201093.98  113542.83  56.46
481.5  202241.10  113728.04  56.23
483.0  201907.60  113012.60  55.97
484.6  198086.40  110223.36  55.64
486.2  189224.00  104607.30  55.28
487.8  184180.50  101727.36  55.23
489.3  187237.50  103312.50  55.18
490.9  191170.80  104963.52  54.91
492.5  191896.38  104698.22  54.56
494.0  193267.50  105047.00  54.35
495.6  194886.30  105482.30  54.13
497.2  195397.65  105210.28  53.84
498.8  193342.58  103537.84  53.55
500.3  190277.45  101393.40  53.29
501.9  186696.75  99016.75  53.04
503.5  185680.30  98107.88  52.84
505.0  186293.10  98055.67  52.64
506.6  187704.90  98392.32  52.42
508.2  187045.20  97575.84  52.17
509.7  186540.08  96993.81  52.00
511.3  186318.53  96530.38  51.81
512.9  184623.30  95205.51  51.57
514.4  181337.75  93140.90  51.36
516.0  177090.00  90702.00  51.22
517.5  171568.58  87573.69  51.04
519.1  171171.65  87269.13  50.98
520.7  174867.00  88814.88  50.79
522.2  177174.50  89480.90  50.50
523.8  179563.78  90390.40  50.34
525.4  180568.50  90497.73  50.12
526.9  178480.95  89107.16  49.93
528.5  179707.13  89669.73  49.90
530.0  182643.75  90860.61  49.75
531.6  183961.00  91095.84  49.52
533.2  183031.30  90293.94  49.33
534.7  183904.00  90563.20  49.24
536.3  184188.90  90427.84  49.10
537.8  183430.10  89735.31  48.92
539.4  181897.80  88651.20  48.74
541.0  180214.20  87552.72  48.58
542.5  180186.60  87354.00  48.48
544.1  181462.70  87725.90  48.34
545.6  182137.13  87767.70  48.19
547.2  182027.60  87432.29  48.03
548.7  182126.00  87264.80  47.91
550.3  182454.23  87203.07  47.79
551.8  182687.40  87079.86  47.67
553.4  183240.20  87109.88  47.54
554.9  184020.75  87214.42  47.39
556.5  183434.40  86578.00  47.20
558.0  181852.75  85544.10  47.04
559.6  180270.13  84609.00  46.93
561.1  181021.20  84819.13  46.86
562.7  182069.65  85064.98  46.72
564.2  183279.85  85392.80  46.59
565.8  183077.70  84980.96  46.42
567.3  182897.48  84537.60  46.22
568.9  182557.25  83902.78  45.96
570.4  181564.88  82978.02  45.70
572.0  181717.13  82686.75  45.50
573.5  182943.60  82866.63  45.30
575.1  183372.80  82621.12  45.06
576.6  183045.75  82124.30  44.87
578.2  182382.83  81565.78  44.72
579.7  182230.95  81357.62  44.65
581.2  183194.55  81743.24  44.62
582.8  184878.83  82399.00  44.57
584.3  185451.75  82486.50  44.48
585.9  184639.20  81880.68  44.35
587.4  182525.40  80617.68  44.17
588.9  177898.00  78023.60  43.86
590.5  174602.50  76328.60  43.72
592.0  174675.90  76232.55  43.64
593.6  175489.60  76388.00  43.53
595.1  175904.85  76343.08  43.40
596.6  176489.20  76505.60  43.35
598.2  176964.38  76602.90  43.29
599.7  176844.78  76472.09  43.24
601.2  176378.83  76193.39  43.20
602.8  176431.85  76162.66  43.17
604.3  177202.40  76409.56  43.12
605.8  177977.30  76555.76  43.01
607.4  177930.68  76340.88  42.90
608.9  176982.85  75733.56  42.79
610.5  175921.90  75115.04  42.70
612.0  174968.63  74544.60  42.60
613.5  173771.25  73844.40  42.50
615.0  172663.23  73192.28  42.39
616.6  171249.20  72425.12  42.29
618.1  171234.00  72318.96  42.23
619.6  172083.00  72519.20  42.14
621.2  172664.00  72541.80  42.01
622.7  172089.60  72030.72  41.86
624.2  170995.95  71331.84  41.72
625.8  169510.40  70499.50  41.59
627.3  168441.38  69739.40  41.40
628.8  167197.63  68872.37  41.19
630.3  166431.70  68386.41  41.09
631.8  166076.30  68187.60  41.06
633.4  166564.75  68408.56  41.07
634.9  167155.60  68652.02  41.07
636.4  167881.00  68946.99  41.07
638.0  168843.30  69322.08  41.06
639.5  168945.00  69291.60  41.01
641.0  168553.00  69072.85  40.98
642.5  168302.05  68926.34  40.95
644.0  168022.50  68748.40  40.92
645.5  167376.15  68292.76  40.80
647.1  166094.20  67536.40  40.66
648.6  164646.95  66771.90  40.55
650.1  163702.88  66410.40  40.57
651.6  163775.33  66499.03  40.60
653.1  164283.38  66597.51  40.54
654.7  163295.68  65955.43  40.39
656.2  158723.18  63978.59  40.31
657.7  156279.20  63172.48  40.42
659.2  158198.30  64161.89  40.56
660.7  161084.63  65322.00  40.55
662.2  163732.40  66243.32  40.46
663.7  164996.48  66618.75  40.38
665.2  165360.85  66660.56  40.31
666.8  165454.95  66611.86  40.26
668.3  165355.35  66484.44  40.21
669.8  165181.78  66317.46  40.15
671.3  164804.15  66059.14  40.08
672.8  164569.60  65817.95  39.99
674.3  164370.60  65548.64  39.88
675.8  164301.75  65377.30  39.79
677.3  164133.20  65172.94  39.71
678.8  163914.85  64966.22  39.63
680.3  163542.10  64695.10  39.56
681.8  163015.83  64392.44  39.50
683.3  161970.60  63838.61  39.41
684.8  159866.70  62741.56  39.25
686.3  153277.60  59489.92  38.81
687.8  144690.00  55528.20  38.38
689.3  140864.33  53927.93  38.28
690.8  140842.80  53985.60  38.33
692.3  142811.48  54795.69  38.37
693.8  144040.20  55220.98  38.34
695.3  145116.40  55709.94  38.39
696.8  147159.70  56683.32  38.52
698.3  147840.00  56884.80  38.48
699.8  146997.95  56370.47  38.35
701.3  145642.25  55764.86  38.29
702.8  145664.25  55798.74  38.31
704.2  146685.70  56285.56  38.37
705.7  147802.00  56751.68  38.40
707.2  148510.83  57073.91  38.43
708.7  148905.90  57287.52  38.47
710.2  149259.13  57458.75  38.50
711.7  149131.25  57437.60  38.51
713.2  148659.60  57234.08  38.50
714.7  147299.10  56578.32  38.41
716.2  142704.50  54305.72  38.05
717.6  133488.00  49960.80  37.43
719.1  124389.00  46124.20  37.08
720.6  121937.60  45445.76  37.27
722.1  125241.00  47109.80  37.62
723.6  125837.35  47173.28  37.49
725.0  124375.95  46401.48  37.31
726.5  123614.78  46076.85  37.27
728.0  123375.15  45995.85  37.28
729.5  123543.20  46114.64  37.33
731.0  124880.60  46779.96  37.46
732.4  128300.70  48470.40  37.78
733.9  132816.95  50613.57  38.11
735.4  135846.70  51936.72  38.23
736.8  137427.00  52645.20  38.31
738.3  138270.85  53106.10  38.41
739.8  138773.25  53453.40  38.52
741.2  139087.80  53754.30  38.65
742.7  139838.80  54195.20  38.76
744.2  140973.00  54731.04  38.82
745.7  141637.13  55031.40  38.85
747.1  142115.85  55210.56  38.85
748.6  142074.30  55157.55  38.82
750.0  141526.78  54900.38  38.79
751.5  140866.05  54623.40  38.78
753.0  140549.43  54484.06  38.77
754.4  140399.00  54374.00  38.73
755.9  139968.75  54150.00  38.69
757.3  138741.53  53516.84  38.57
758.8  129400.45  48985.04  37.86
760.3  101845.50  36739.20  36.07
761.7  79110.95  27543.54  34.82
763.2  70950.00  24327.60  34.29
764.6  72627.30  25094.88  34.55
766.1  84571.20  30374.40  35.92
767.5  100791.18  37412.49  37.12
769.0  115080.00  43456.40  37.76
770.4  124650.00  47450.10  38.07
771.9  129990.00  49672.00  38.21
773.3  132620.88  50770.20  38.28
774.8  133633.50  51151.10  38.28
776.2  134080.35  51347.46  38.30
777.7  134157.10  51336.67  38.27
779.1  133829.00  51193.20  38.25
780.5  133560.90  51040.95  38.22
782.0  133306.38  50910.52  38.19
783.4  132787.20  50641.92  38.14
784.9  132260.00  50383.28  38.09
786.3  131635.40  50038.00  38.01
787.8  130554.75  49443.12  37.87
789.2  128993.83  48650.95  37.72
790.6  127423.65  47900.79  37.59
792.0  126199.50  47381.04  37.54
793.5  125165.70  47054.52  37.59
794.9  124756.43  46928.70  37.62
796.3  124561.10  46767.19  37.55
797.8  124667.85  46762.64  37.51
799.2  124698.40  46725.86  37.47
800.6  124072.20  46386.24  37.39
802.1  123337.78  46022.53  37.31
803.5  122743.50  45767.48  37.29
804.9  122510.70  45714.24  37.31
806.3  122774.00  45903.40  37.39
807.8  122846.28  45919.57  37.38
809.2  121967.35  45492.71  37.30
810.6  120628.50  44819.55  37.16
812.0  118602.98  43785.44  36.92
813.4  114537.50  41798.75  36.49
814.8  108698.30  39135.71  36.00
816.3  102858.23  36679.32  35.66
817.7  98998.90  35217.00  35.57
819.1  97909.48  34936.01  35.68
820.5  100138.50  36082.20  36.03
821.9  101507.75  36542.79  36.00
823.3  98762.13  35279.86  35.72
824.7  100375.75  36171.66  36.04
826.1  103796.00  37674.56  36.30
827.5  104834.25  37925.70  36.18
828.9  104090.50  37538.75  36.06
830.3  103981.63  37585.90  36.15
831.7  104290.05  37730.58  36.18
833.2  104643.83  37945.86  36.26
834.5  105985.95  38584.56  36.41
835.9  108074.20  39499.20  36.55
837.3  109937.88  40298.95  36.66
838.7  111375.63  40906.00  36.73
840.1  112490.50  41385.04  36.79
841.5  113121.20  41642.56  36.81
842.9  113315.33  41757.84  36.85
844.3  113246.25  41800.20  36.91
845.7  113548.40  41962.88  36.96
847.1  113738.00  42083.06  37.00
848.5  113230.25  41865.60  36.97
849.9  111161.60  40959.26  36.85
851.2  109714.28  40492.65  36.91
852.6  109045.88  40245.63  36.91
854.0  105576.90  38843.09  36.79
855.4  103427.55  38206.57  36.94
856.8  105659.23  39227.99  37.13
858.2  108148.05  40047.24  37.03
859.5  109422.50  40482.00  37.00
860.9  109850.40  40541.28  36.91
862.3  109988.00  40660.08  36.97
863.7  110092.58  40699.26  36.97
865.0  108686.50  40094.05  36.89
866.4  104660.85  38513.72  36.80
867.8  103200.08  38073.09  36.89
869.1  104445.45  38608.02  36.96
870.5  105786.30  39144.75  37.00
871.9  106604.95  39394.54  36.95
873.2  106656.50  39374.84  36.92
874.6  106280.65  39184.18  36.87
876.0  105916.80  38996.64  36.82
877.3  105841.15  38964.17  36.81
878.7  105626.95  38877.30  36.81
880.0  104932.80  38600.28  36.79
881.4  104215.88  38272.20  36.72
882.8  104377.05  38292.93  36.69
884.1  104448.75  38319.50  36.69
885.5  104063.18  38123.67  36.64
886.8  103178.08  37813.49  36.65
888.2  102864.48  37645.93  36.60
889.5  102898.95  37706.90  36.64
890.9  102669.20  37568.64  36.59
892.2  101536.83  36977.59  36.42
893.6  99377.05  35879.60  36.10
894.9  95760.00  34186.32  35.70
896.2  90303.00  31848.80  35.27
897.6  84993.00  29716.80  34.96
898.9  79964.75  27694.50  34.63
900.3  76487.13  26296.40  34.38
901.6  75066.60  25876.20  34.47
903.0  77171.50  26873.84  34.82
904.3  82309.43  28985.52  35.22
905.6  84806.15  29881.54  35.24
907.0  82678.38  28755.35  34.78
908.3  78674.38  27036.62  34.37
909.6  75605.13  25913.83  34.28
911.0  75080.40  25814.16  34.38
912.3  74878.13  25729.55  34.36
913.6  73707.75  25147.35  34.12
914.9  72713.60  24687.44  33.95
916.2  72146.70  24523.94  33.99
917.6  72366.45  24493.26  33.85
918.9  74456.60  25510.54  34.26
920.2  77968.80  27103.44  34.76
921.5  79654.40  27847.68  34.96
922.9  79659.00  27856.80  34.97
924.2  78702.20  27287.73  34.67
925.5  78049.13  27096.30  34.72
926.8  77402.60  26775.32  34.59
928.1  73564.10  25038.79  34.04
929.4  66551.70  22092.42  33.20
930.7  58208.40  18738.56  32.19
932.0  48538.40  15132.56  31.18
933.4  39409.20  11968.72  30.37
934.7  33761.03  10072.35  29.83
936.0  31477.75  9405.40  29.88
937.3  30615.45  9088.36  29.69
938.6  34258.40  10511.10  30.68
939.9  40675.50  12811.80  31.50
941.2  43581.00  13611.60  31.23
942.5  43367.10  13374.90  30.84
943.8  40754.38  12495.25  30.66
945.1  38933.25  11953.56  30.70
946.4  38252.30  11625.28  30.39
947.7  39042.00  12146.40  31.11
949.0  40167.40  12359.20  30.77
950.2  41262.00  12827.10  31.09
951.5  41938.20  13037.31  31.09
952.8  41910.55  12966.80  30.94
954.1  42616.45  13373.56  31.38
955.4  42870.50  13412.00  31.28
956.7  44046.35  13822.28  31.38
958.0  45484.80  14634.24  32.17
959.3  46051.95  14495.04  31.48
960.5  47597.40  15149.28  31.83
961.8  49717.30  15930.36  32.04
963.1  51419.70  16645.14  32.37
964.4  53106.28  17252.80  32.49
965.7  54580.73  17882.73  32.76
966.9  57261.63  18994.10  33.17
968.2  62321.93  21172.38  33.97
969.5  66897.60  22936.32  34.29
970.8  69620.00  23954.00  34.41
972.0  70693.88  24186.33  34.21
973.3  69052.50  23569.92  34.13
974.6  66976.65  22659.39  33.83
975.8  65400.13  22076.53  33.76
977.1  66361.20  22510.76  33.92
978.4  67360.48  23095.02  34.29
979.6  68003.33  23412.09  34.43
980.9  70111.13  24176.25  34.48
982.2  71884.50  25089.10  34.90
983.4  73728.25  25607.08  34.73
984.7  74847.60  26123.28  34.90
985.9  76089.48  26837.47  35.27
987.2  77003.10  27276.72  35.42
988.5  77873.68  27705.81  35.58
989.7  78068.25  27704.22  35.49
991.0  78585.60  27996.12  35.63
992.2  78701.50  28131.60  35.74
993.5  78825.60  28103.04  35.65
994.7  78862.50  28040.00  35.56
996.0  79353.53  28334.14  35.71
997.2  79145.80  28345.24  35.81
998.5  79401.00  28168.45  35.48
999.7  79568.70  28334.22  35.61
1001.0  78636.60  27871.20  35.44
1002.2  77850.23  27680.08  35.56
1003.4  77021.83  27500.41  35.70
1004.7  75843.35  27012.70  35.62
1005.9  74865.60  26826.84  35.83
1007.2  74617.20  26945.10  36.11
1008.4  74580.75  26951.94  36.14
1009.6  74846.90  27067.92  36.16
1010.9  74500.15  26942.52  36.16
1012.1  74354.15  27093.43  36.44
1013.3  74416.20  26912.16  36.16
1014.6  75087.60  26970.24  35.92
1015.8  74428.50  26691.60  35.86
1017.1  74383.20  26653.98  35.83
1018.3  74542.33  26897.79  36.08
1019.5  74497.35  27051.52  36.31
1020.8  74019.75  26604.20  35.94
1022.0  73639.13  26619.18  36.15
1023.2  74021.15  26714.40  36.09
1024.4  73849.75  26585.91  36.00
1025.7  74256.00  26685.75  35.94
1026.9  74325.00  26638.08  35.84
1028.1  74398.65  26588.37  35.74
1029.3  74354.18  26742.51  35.97
1030.6  73686.25  26655.20  36.17
1031.8  74588.48  26931.06  36.11
1033.0  74591.00  26852.76  36.00
1034.2  74592.38  26490.75  35.51
1035.4  73879.33  26682.63  36.12
1036.7  73715.00  26832.26  36.40
1037.9  74301.15  26384.49  35.51
1039.1  73983.63  26478.35  35.79
1040.3  74602.28  26311.34  35.27
1041.5  74072.25  26666.01  36.00
1042.7  74362.20  26702.79  35.91
1043.9  74671.65  26742.87  35.81
1045.2  73928.10  26721.00  36.14
1046.4  74062.35  26333.28  35.56
1047.6  74019.05  26234.60  35.44
1048.8  73973.90  26131.04  35.32
1050.0  74917.00  26812.40  35.79
1051.2  74886.15  26716.14  35.68
1052.4  74647.80  26126.73  35.00
1053.6  74187.75  25859.73  34.86
1054.8  73926.20  26091.60  35.29
1056.0  73652.70  25890.04  35.15
1057.2  74052.88  25975.47  35.08
1058.4  74473.60  26531.22  35.63
1059.7  73962.90  26244.90  35.48
1060.9  73177.50  25368.20  34.67
1062.1  72601.50  25035.00  34.48
1063.3  71996.40  25198.74  35.00
1064.5  72682.50  25372.80  34.91
1065.7  71787.18  25464.13  35.47
1066.9  73349.35  26018.26  35.47
1068.1  73854.30  24996.84  33.85
1069.3  72642.50  24989.02  34.40
1070.5  72855.65  25573.82  35.10
1071.7  71548.10  25574.64  35.74
1072.9  71739.30  24952.80  34.78
1074.1  70968.70  24516.46  34.55
1075.3  74170.80  25622.64  34.55
1076.5  72409.70  25014.26  34.55
