/*** Spectra Vista SIG Data ***/
name= 230505_1654_R941_T950.sig
instrument= HK: 9202056 (HR-512i)
integration= 20.0, 0.0, 0.0, 10.0, 0.0, 0.0
scan method= Time-based, Time-based
scan coadds= 250, 0, 0, 500, 0, 0
scan time= 5, 5
scan settings= AI, AI
external data set1= 0,0,0,0,0,0,0,0,0,0,0,0,0,0,0,0,0,0,0,0,0,0,0,0,0,0,0,0,0,0,0,0
external data set2= 0,0,0,0,0,0,0,0,0,0,0,0,0,0,0,0,0,0,0,0,0,0,0,0,0,0,0,0,0,0,0,0
external data dark= 0,0,0,0,0,0,0,0,0,0,0,0,0,0,0,0
external data mask= 0
optic= LENS 4(1), LENS 4(1)
temp= 25.7, 0.0, 0.0, 27.3, 0.0, 0.0
battery= 8.27, 8.21
error= 0, 0
units= Radiance, Radiance
time= 5/5/2023 4:49:27 PM, 5/5/2023 4:54:10 PM
longitude=                 , 07746.6527W     
latitude=                 , 3409.6268N      
gpstime=                 , 175909.000      
comm= 
memory slot= 941, 950
factors= 1.000, 1.000, 1.000 [Overlap: Preserve, Matching Type: None]
inclinometer x offset= 5, 2
inclinometer y offset= -9, -44
data= 
339.7  36959.18  83810.10  226.76
341.4  39887.10  90376.00  226.58
343.0  41529.28  94377.15  227.25
344.7  42466.25  96150.00  226.42
346.4  44552.10  100739.80  226.12
348.0  46614.85  105287.80  225.87
349.7  48999.60  110354.40  225.21
351.3  52776.58  118661.95  224.84
353.0  55552.35  124608.40  224.31
354.6  59260.55  132571.90  223.71
356.2  58951.20  132132.00  224.14
357.9  55047.38  122995.50  223.44
359.5  55444.20  123168.40  222.15
361.2  59437.80  131961.70  222.02
362.8  62479.73  138395.95  221.51
364.5  66499.80  146954.85  220.99
366.1  72416.10  159509.50  220.27
367.7  76400.10  168116.40  220.05
369.4  76980.75  169118.95  219.69
371.0  77427.35  169760.50  219.25
372.6  75360.00  164967.75  218.91
374.3  71567.75  156094.75  218.11
375.9  72705.88  157711.40  216.92
377.5  79164.80  171486.25  216.62
379.1  83674.53  181358.65  216.74
380.8  81662.00  176730.40  216.42
382.4  75658.50  163530.00  216.14
384.0  68187.83  146511.00  214.86
385.6  71125.75  151767.30  213.38
387.3  75348.00  160243.20  212.67
388.9  79112.00  167663.50  211.93
390.5  85529.68  180385.15  210.90
392.1  88578.00  186729.75  210.81
393.8  80360.00  168480.00  209.66
395.4  81823.88  169473.15  207.12
397.0  86671.00  178483.50  205.93
398.6  98349.70  199862.90  203.22
400.2  120241.60  242842.20  201.96
401.8  134841.88  270525.50  200.62
403.4  142293.20  283402.70  199.17
405.0  143640.00  283500.00  197.37
406.6  143162.25  279741.00  195.40
408.3  144996.08  280364.70  193.36
409.9  148552.40  284669.60  191.63
411.5  151317.00  287367.75  189.91
413.1  157075.00  296150.00  188.54
414.7  159703.95  299363.40  187.45
416.3  161497.88  301116.75  186.45
417.9  161177.40  299297.10  185.69
419.5  159824.18  295695.60  185.01
421.1  160949.40  296818.00  184.42
422.7  161619.70  297532.40  184.09
424.3  160368.90  294520.90  183.65
425.9  159937.53  293295.75  183.38
427.5  157368.00  288271.00  183.18
429.1  152352.93  278959.90  183.10
430.7  142962.68  261446.10  182.88
432.3  145519.08  264998.50  182.11
433.9  155842.75  283797.85  182.11
435.5  162720.83  295990.95  181.90
437.1  170639.00  310346.00  181.87
438.7  170349.85  309841.15  181.89
440.3  170759.40  310045.05  181.57
441.9  176542.88  320190.75  181.37
443.5  183348.83  332477.15  181.34
445.0  187143.13  339333.75  181.32
446.6  187947.65  340476.95  181.16
448.2  191949.30  347303.10  180.93
449.8  196882.08  355977.70  180.81
451.4  201827.40  364743.50  180.72
453.0  200388.65  362153.00  180.73
454.6  197513.25  356532.60  180.51
456.2  198285.90  357537.55  180.31
457.8  200114.25  360732.80  180.26
459.3  199977.68  360321.60  180.18
460.9  200569.60  361009.00  179.99
462.5  202959.60  365160.00  179.92
464.1  202755.60  364752.00  179.90
465.7  200613.60  360712.80  179.80
467.2  198513.63  356684.75  179.68
468.8  197518.35  354711.90  179.58
470.4  196566.75  352836.00  179.50
472.0  197351.85  353990.55  179.37
473.6  199324.68  357575.90  179.39
475.1  200509.05  359629.90  179.36
476.7  200465.15  359602.60  179.38
478.3  201747.30  361756.50  179.31
479.9  203129.78  363977.55  179.18
481.5  204205.55  365543.30  179.01
483.0  203666.18  364353.55  178.90
484.6  199449.60  356659.20  178.82
486.2  190006.08  339649.45  178.76
487.8  185465.70  330825.60  178.38
489.3  189187.50  337237.50  178.26
490.9  193030.80  344100.00  178.26
492.5  193296.68  344436.95  178.19
494.0  194727.50  346713.50  178.05
495.6  196346.33  349504.75  178.00
497.2  196663.23  349940.40  177.94
498.8  194291.63  345665.10  177.91
500.3  191040.85  339747.70  177.84
501.9  187347.50  333047.00  177.77
503.5  186457.70  331442.80  177.76
505.0  187126.85  332566.20  177.72
506.6  188476.88  334905.75  177.69
508.2  187531.20  333104.40  177.63
509.7  187019.33  331896.60  177.47
511.3  186697.13  331117.25  177.36
512.9  184731.98  327515.40  177.29
514.4  181276.75  321256.50  177.22
516.0  177060.00  313860.00  177.26
517.5  171432.90  303640.65  177.12
519.1  171431.33  303117.10  176.82
520.7  175144.20  309416.80  176.66
522.2  177067.75  312747.00  176.63
523.8  179383.48  316787.10  176.60
525.4  180168.23  318352.05  176.70
526.9  177851.00  314213.20  176.67
528.5  179417.63  316828.80  176.59
530.0  182342.93  322111.95  176.65
531.6  183364.60  324044.00  176.72
533.2  182229.03  321979.70  176.69
534.7  183218.00  323624.00  176.63
536.3  183424.40  324036.80  176.66
537.8  182503.83  322426.65  176.67
539.4  180835.20  319497.60  176.68
541.0  179096.40  316406.40  176.67
542.5  179165.40  316572.00  176.69
544.1  180410.10  318827.00  176.72
545.6  180999.38  319902.00  176.74
547.2  180732.58  319495.20  176.78
548.7  180810.00  319592.00  176.76
550.3  181103.03  320149.95  176.78
551.8  181255.73  320468.40  176.80
553.4  181753.00  321349.60  176.81
554.9  182474.60  322668.50  176.83
556.5  181667.80  321346.00  176.89
558.0  179979.50  318423.00  176.92
559.6  178470.25  315707.00  176.90
561.1  179383.48  317418.15  176.95
562.7  180430.75  319403.40  177.02
564.2  181613.95  321734.65  177.15
565.8  181240.80  321316.20  177.29
567.3  180916.13  320821.45  177.33
568.9  180350.60  319917.30  177.39
570.4  179127.45  317672.55  177.34
572.0  179226.38  317647.50  177.23
573.5  180385.80  319572.75  177.16
575.1  180560.80  319777.60  177.10
576.6  180087.25  318786.00  177.02
578.2  179363.80  317288.80  176.90
579.7  179269.35  316767.80  176.70
581.2  180348.90  318246.30  176.46
582.8  182032.60  320852.90  176.26
584.3  182499.00  321341.75  176.08
585.9  181541.55  319491.30  175.99
587.4  179301.60  315802.80  176.13
588.9  174328.25  307653.50  176.48
590.5  171193.20  302467.80  176.68
592.0  171481.43  303224.25  176.83
593.6  172244.80  304605.60  176.84
595.1  172528.95  304956.30  176.76
596.6  173118.00  305678.40  176.57
598.2  173558.88  305973.75  176.29
599.7  173374.83  305215.40  176.04
601.2  172932.20  303939.30  175.76
602.8  173009.45  303702.35  175.54
604.3  173809.85  304898.70  175.42
605.8  174484.00  305890.00  175.31
607.4  174322.13  305487.45  175.24
608.9  173281.20  303571.95  175.19
610.5  172181.63  301580.40  175.15
612.0  171208.05  299808.60  175.11
613.5  169971.75  297590.25  175.08
615.0  168843.33  295517.95  175.02
616.6  167376.40  292904.00  175.00
618.1  167435.10  292950.00  174.96
619.6  168283.00  294386.00  174.94
621.2  168710.30  295209.60  174.98
622.7  167942.40  293875.20  174.99
624.2  166719.60  291759.30  175.00
625.8  165206.43  289164.80  175.03
627.3  164025.75  287506.25  175.28
628.8  162669.15  285511.45  175.52
630.3  161897.38  284204.30  175.55
631.8  161582.85  283429.90  175.41
633.4  162128.45  284086.00  175.22
634.9  162722.20  284804.90  175.03
636.4  163435.88  285728.50  174.83
638.0  164423.10  287146.20  174.64
639.5  164430.00  286986.00  174.53
641.0  164021.55  286031.90  174.39
642.5  163775.85  285492.20  174.32
644.0  163529.00  285004.00  174.28
645.5  162743.05  283788.20  174.38
647.1  161363.60  281830.40  174.66
648.6  159861.85  279599.10  174.90
650.1  159078.75  278199.75  174.88
651.6  159302.80  278510.20  174.83
653.1  159632.33  278878.80  174.70
654.7  158259.30  276321.30  174.60
656.2  153641.78  268043.85  174.46
657.7  151653.60  264225.60  174.23
659.2  153904.08  267950.15  174.10
660.7  156715.50  272652.50  173.98
662.2  159162.90  276671.20  173.83
663.7  160296.83  278442.15  173.70
665.2  160636.95  278807.50  173.56
666.8  160692.08  278738.10  173.46
668.3  160587.60  278436.60  173.39
669.8  160409.15  278084.95  173.36
671.3  159918.70  277218.60  173.35
672.8  159624.60  276573.85  173.27
674.3  159305.75  275996.90  173.25
675.8  159201.25  275679.50  173.16
677.3  158946.55  275275.70  173.19
678.8  158693.15  274837.20  173.19
680.3  158259.80  274156.60  173.23
681.8  157704.40  273234.50  173.26
683.3  156608.93  271338.10  173.26
684.8  154325.30  267708.80  173.47
686.3  147315.60  256745.40  174.28
687.8  138765.90  243079.20  175.17
689.3  135369.33  237768.65  175.64
690.8  135598.80  238243.20  175.70
692.3  137599.18  241706.55  175.66
693.8  138693.00  243854.60  175.82
695.3  139861.80  245680.50  175.66
696.8  141989.30  248628.80  175.10
698.3  142492.00  249088.00  174.81
699.8  141425.23  247196.10  174.79
701.3  140095.28  244668.05  174.64
702.8  140146.05  244369.70  174.37
704.2  141225.00  245758.40  174.02
705.7  142281.20  247149.60  173.71
707.2  142952.03  247847.65  173.38
708.7  143325.60  248043.00  173.06
710.2  143646.88  248221.80  172.80
711.7  143513.75  247705.00  172.60
713.2  142978.00  246667.20  172.52
714.7  141499.50  244281.30  172.64
716.2  136571.30  236989.00  173.53
717.6  127143.00  222696.00  175.15
719.1  118454.10  208886.80  176.34
720.6  116742.40  205795.20  176.28
722.1  120254.25  211078.50  175.53
723.6  120422.05  211415.50  175.56
725.0  118803.60  208894.50  175.83
726.5  118164.83  207978.90  176.01
728.0  117978.53  207507.15  175.89
729.5  118150.00  207554.80  175.67
731.0  119574.85  209605.05  175.29
732.4  123139.50  214638.60  174.31
733.9  127604.58  221004.70  173.19
735.4  130408.30  224957.15  172.50
736.8  131841.00  226746.00  171.98
738.3  132679.23  227507.45  171.47
739.8  133229.25  227766.00  170.96
741.2  133631.10  227730.15  170.42
742.7  134436.80  228519.20  169.98
744.2  135592.80  229966.80  169.60
745.7  136186.13  230660.25  169.37
747.1  136653.30  231218.10  169.20
748.6  136570.58  230855.70  169.04
750.0  136007.63  229742.20  168.92
751.5  135397.60  228514.00  168.77
753.0  135133.03  227919.65  168.66
754.4  135005.00  227602.00  168.59
755.9  134531.25  226750.00  168.55
757.3  133224.65  224647.15  168.62
758.8  123035.45  209090.25  169.94
760.3  94847.25  164217.00  173.14
761.7  73691.05  130142.90  176.61
763.2  66858.00  120186.00  179.76
764.6  69064.20  124142.40  179.75
766.1  81345.60  143673.60  176.62
767.5  97398.68  168675.10  173.18
769.0  111107.00  189882.00  170.90
770.4  120114.13  203595.00  169.50
771.9  125090.00  210840.00  168.55
773.3  127562.25  214372.50  168.05
774.8  128449.75  215572.50  167.83
776.2  128910.90  216104.70  167.64
777.7  128890.30  216011.95  167.59
779.1  128612.00  215414.00  167.49
780.5  128351.88  214881.65  167.42
782.0  128072.73  214427.95  167.43
783.4  127564.80  213504.00  167.37
784.9  127008.50  212627.40  167.41
786.3  126395.20  211735.60  167.52
787.8  125244.73  210085.35  167.74
789.2  123610.65  207879.60  168.17
790.6  122049.38  205535.25  168.40
792.0  120868.30  203585.20  168.44
793.5  119920.50  201686.40  168.18
794.9  119556.45  200951.10  168.08
796.3  119276.43  200730.30  168.29
797.8  119478.90  201082.90  168.30
799.2  119427.55  201103.20  168.39
800.6  118759.40  199962.80  168.38
802.1  118080.45  198847.85  168.40
803.5  117445.90  197997.80  168.59
804.9  117315.90  197498.60  168.35
806.3  117691.00  197748.25  168.02
807.8  117630.40  197607.15  167.99
809.2  116712.75  196138.05  168.05
810.6  115336.88  194197.50  168.37
812.0  113223.80  191352.40  169.00
813.4  109118.75  185618.75  170.11
814.8  103187.75  176985.90  171.52
816.3  97580.63  168223.50  172.39
817.7  94079.70  162669.00  172.91
819.1  93249.83  161042.05  172.70
820.5  95634.00  164356.50  171.86
821.9  96755.08  166050.25  171.62
823.3  93809.10  161480.55  172.14
824.7  95827.00  164240.20  171.39
826.1  99237.60  169523.20  170.83
827.5  99949.50  170841.00  170.93
828.9  99064.13  169369.75  170.97
830.3  99199.38  169188.25  170.55
831.7  99504.90  169643.40  170.49
833.2  99854.03  170037.90  170.29
834.5  101189.90  171847.20  169.83
835.9  103273.95  174866.25  169.32
837.3  105064.13  177404.50  168.85
838.7  106431.88  179387.50  168.55
840.1  107475.00  180701.30  168.13
841.5  108104.90  181459.20  167.85
842.9  108302.03  181510.95  167.60
844.3  108238.00  181343.50  167.54
845.7  108545.60  181616.80  167.32
847.1  108742.75  181673.40  167.07
848.5  108168.38  180670.00  167.03
849.9  106029.85  177163.80  167.09
851.2  104752.73  174934.65  167.00
852.6  104181.38  174149.10  167.16
854.0  100561.18  168232.35  167.29
855.4  98764.15  164884.50  166.95
856.8  101358.65  168987.30  166.72
858.2  103535.10  172900.20  167.00
859.5  104665.00  174384.00  166.61
860.9  104944.80  175024.80  166.78
862.3  105109.50  175271.20  166.75
863.7  105157.70  175502.10  166.89
865.0  103597.50  172844.25  166.84
866.4  99598.10  166058.20  166.73
867.8  98632.05  164076.00  166.35
869.1  100011.00  166433.40  166.42
870.5  101203.50  168417.90  166.42
871.9  101869.10  169717.40  166.60
873.2  101959.70  169867.60  166.60
874.6  101427.20  169177.40  166.80
876.0  101102.40  168504.00  166.67
877.3  101067.13  168208.20  166.43
878.7  100895.85  168262.60  166.77
880.0  100144.20  167184.60  166.94
881.4  99474.00  165860.25  166.74
882.8  99467.70  165850.65  166.74
884.1  99691.25  166080.00  166.59
885.5  99248.48  165450.60  166.70
886.8  98412.60  164242.65  166.89
888.2  98153.13  163775.50  166.86
889.5  98128.80  164002.30  167.13
890.9  97950.10  163672.20  167.10
892.2  96640.68  161806.10  167.43
893.6  94301.98  158625.60  168.21
894.9  90612.90  153455.40  169.35
896.2  85326.63  145650.00  170.70
897.6  80319.00  138006.00  171.82
898.9  75349.00  130488.50  173.18
900.3  72188.68  125160.75  173.38
901.6  71095.50  123232.20  173.33
903.0  73410.20  126846.60  172.79
904.3  78371.18  134688.15  171.86
905.6  80685.48  138242.00  171.33
907.0  78092.63  134605.25  172.37
908.3  74022.33  128341.85  173.38
909.6  71304.65  124020.15  173.93
911.0  70862.40  123446.80  174.21
912.3  70884.63  123798.50  174.65
913.6  69661.05  121690.05  174.69
914.9  68755.40  120505.20  175.27
916.2  68138.55  119650.70  175.60
917.6  68304.30  119758.20  175.33
918.9  70642.23  122975.45  174.08
920.2  74101.30  128091.60  172.86
921.5  75577.60  130457.60  172.61
922.9  75525.00  130062.00  172.21
924.2  74347.78  128374.90  172.67
925.5  73794.88  127627.50  172.95
926.8  73250.10  127232.60  173.70
928.1  69177.25  121144.55  175.12
929.4  62435.10  110805.15  177.47
930.7  54013.20  97538.40  180.58
932.0  44790.95  82443.90  184.06
933.4  36307.55  67871.40  186.93
934.7  31149.68  59314.95  190.42
936.0  29391.88  56129.00  190.97
937.3  28689.95  54684.20  190.60
938.6  32506.55  61120.10  188.02
939.9  38514.00  71526.00  185.71
941.2  40994.00  76018.00  185.44
942.5  40327.35  75385.80  186.93
943.8  37858.13  70751.25  186.89
945.1  36407.85  67764.90  186.13
946.4  35901.60  67101.80  186.90
947.7  36873.00  68540.40  185.88
949.0  37739.70  70182.60  185.96
950.2  38795.25  71760.00  184.97
951.5  39203.10  72936.00  186.05
952.8  39363.50  73169.80  185.88
954.1  40261.95  74873.10  185.96
955.4  40236.00  74724.00  185.71
956.7  41369.50  76411.90  184.71
958.0  42765.60  79104.00  184.97
959.3  43032.15  79018.10  183.63
960.5  44526.60  81376.20  182.76
961.8  46854.00  84857.80  181.11
963.1  48769.20  87996.60  180.43
964.4  50410.53  90577.20  179.68
965.7  51563.70  92704.95  179.79
966.9  54468.38  97205.10  178.46
968.2  59476.18  104154.45  175.12
969.5  63712.00  110627.20  173.64
970.8  66375.00  115050.00  173.33
972.0  67083.98  116118.45  173.09
973.3  65369.70  113553.00  173.71
974.6  63220.95  110167.20  174.26
975.8  61890.85  107830.45  174.23
977.1  62782.90  109951.40  175.13
978.4  63710.40  111493.20  175.00
979.6  64620.08  112323.90  173.82
980.9  66312.00  114664.50  172.92
982.2  68008.38  117693.25  173.06
983.4  69772.10  119403.80  171.13
984.7  71178.60  121810.80  171.13
985.9  72341.23  123692.25  170.98
987.2  73172.10  125656.80  171.73
988.5  73960.43  126006.65  170.37
989.7  74465.10  126510.60  169.89
991.0  74492.60  126064.40  169.23
992.2  74933.88  126424.75  168.72
993.5  74970.00  127663.20  170.29
994.7  75357.50  127932.50  169.77
996.0  75318.60  127324.30  169.05
997.2  75464.60  127921.70  169.51
998.5  75147.38  127608.75  169.81
999.7  75202.13  127115.85  169.03
1001.0  74655.00  126415.80  169.33
1002.2  73779.63  126188.60  171.03
1003.4  73403.35  125095.85  170.42
1004.7  72207.03  122596.10  169.78
1005.9  71226.30  120616.80  169.34
1007.2  71508.15  121252.95  169.57
1008.4  70980.30  121386.60  171.01
1009.6  71258.35  120985.40  169.78
1010.9  71438.50  121445.45  170.00
1012.1  71298.50  121207.45  170.00
1013.3  71358.00  121308.60  170.00
1014.6  71001.20  120548.80  169.78
1015.8  70835.40  120112.20  169.57
1017.1  71283.90  119839.60  168.12
1018.3  70893.40  119893.25  169.12
1019.5  70798.90  120463.80  170.15
1020.8  70265.13  120148.00  170.99
1022.0  69820.80  120004.50  171.88
1023.2  70125.30  119101.70  169.84
1024.4  69873.23  119295.75  170.73
1025.7  70195.13  119505.75  170.25
1026.9  70757.40  118920.00  168.07
1028.1  70739.70  120745.35  170.69
1029.3  70605.23  119966.40  169.91
1030.6  70482.50  119179.50  169.09
1031.8  70628.03  120133.65  170.09
1033.0  69844.30  120701.80  172.82
1034.2  70409.63  119905.50  170.30
1035.4  71010.23  119067.65  167.68
1036.7  70766.40  120892.60  170.83
1037.9  70510.28  119791.65  169.89
1039.1  70089.75  119931.35  171.11
1040.3  70591.40  120326.25  170.45
1041.5  70780.15  120161.65  169.77
1042.7  70137.08  121683.60  173.49
1043.9  70330.28  121558.50  172.84
1045.2  70365.30  119353.80  169.62
1046.4  70404.95  120694.20  171.43
1047.6  69334.30  119929.60  172.97
1048.8  70131.10  121048.20  172.60
1050.0  69988.25  120261.50  171.83
1051.2  69826.28  121437.00  173.91
1052.4  69463.93  120265.90  173.13
1053.6  68888.63  120820.05  175.38
1054.8  69577.60  121760.80  175.00
1056.0  69188.90  120522.60  174.19
1057.2  69495.78  120763.15  173.77
1058.4  68655.35  121019.60  176.27
1059.7  67998.15  119295.00  175.44
1060.9  67079.38  117084.00  174.55
1062.1  67594.50  120168.00  177.78
1063.3  66853.80  118279.80  176.92
1064.5  67396.50  121578.00  180.39
1065.7  67723.75  119193.80  176.00
1066.9  67813.55  119019.70  175.51
1068.1  68173.20  119303.10  175.00
1069.3  68283.95  119133.70  174.47
1070.5  66908.25  121921.70  182.22
1071.7  66981.20  118739.40  177.27
1072.9  67060.65  118525.80  176.74
1074.1  67742.85  119356.45  176.19
1075.3  67428.00  117999.00  175.00
1076.5  67472.68  118488.60  175.61
