/*** Spectra Vista SIG Data ***/
name= 230503_1738_R894_T905.sig
instrument= HK: 9202056 (HR-512i)
integration= 10.0, 0.0, 0.0, 20.0, 0.0, 0.0
scan method= Time-based, Time-based
scan coadds= 300, 0, 0, 150, 0, 0
scan time= 3, 3
scan settings= AI, AI
external data set1= 0,0,0,0,0,0,0,0,0,0,0,0,0,0,0,0,0,0,0,0,0,0,0,0,0,0,0,0,0,0,0,0
external data set2= 0,0,0,0,0,0,0,0,0,0,0,0,0,0,0,0,0,0,0,0,0,0,0,0,0,0,0,0,0,0,0,0
external data dark= 0,0,0,0,0,0,0,0,0,0,0,0,0,0,0,0
external data mask= 0
optic= LENS 4(1), LENS 4(1)
temp= 21.5, 0.0, 0.0, 24.8, 0.0, 0.0
battery= 8.33, 8.26
error= 0, 0
units= Radiance, Radiance
time= 5/3/2023 5:33:55 PM, 5/3/2023 5:38:48 PM
longitude= 07756.1981W     , 07756.2064W     
latitude= 3406.5871N      , 3406.6520N      
gpstime= 184249.375      , 184741.000      
comm= 
memory slot= 894, 905
factors= 1.000, 1.000, 1.000 [Overlap: Preserve, Matching Type: None]
inclinometer x offset= 4, 5
inclinometer y offset= -11, -40
data= 
339.7  72299.70  60699.38  83.96
341.4  78557.60  65609.50  83.52
343.0  82392.75  68577.40  83.23
344.7  84612.00  69869.00  82.58
346.4  88951.10  73028.70  82.10
348.0  93670.85  76392.48  81.55
349.7  98701.20  79817.40  80.87
351.3  107055.20  86094.78  80.42
353.0  113243.90  90381.20  79.81
354.6  121383.30  96013.80  79.10
356.2  122222.10  96049.80  78.59
357.9  114729.00  89428.50  77.95
359.5  115554.80  88968.60  76.99
361.2  124746.00  95210.55  76.32
362.8  131677.70  99796.55  75.79
364.5  140644.65  105817.20  75.24
366.1  153687.10  114689.15  74.63
367.7  163292.40  121203.00  74.22
369.4  165299.75  121975.70  73.79
371.0  167157.90  122558.80  73.32
372.6  163672.50  119280.75  72.88
374.3  155861.25  112838.88  72.40
375.9  158171.20  113340.70  71.66
377.5  172723.20  122851.63  71.13
379.1  184094.90  130300.23  70.78
380.8  180667.20  127307.60  70.47
382.4  168601.50  118248.75  70.14
384.0  151528.50  105568.20  69.67
385.6  157496.20  108654.90  68.99
387.3  167263.20  114800.40  68.63
388.9  175664.60  119971.55  68.30
390.5  189970.00  128920.55  67.86
392.1  198218.25  134074.13  67.64
393.8  180080.00  121520.00  67.48
395.4  181430.55  121145.33  66.77
397.0  192365.55  127619.38  66.34
398.6  215821.00  141935.70  65.77
400.2  264140.60  172544.00  65.32
401.8  296490.25  192987.38  65.09
403.4  312995.20  202911.10  64.83
405.0  315240.00  203250.00  64.47
406.6  313062.75  200536.88  64.06
408.3  315479.85  200618.25  63.59
409.9  322457.60  203546.00  63.12
411.5  327267.00  205266.38  62.72
413.1  339200.00  211450.00  62.34
414.7  344813.70  213824.10  62.01
416.3  348521.25  215143.50  61.73
417.9  348175.80  213997.20  61.46
419.5  345403.05  211267.65  61.17
421.1  347921.20  211731.60  60.86
422.7  350325.80  212323.10  60.61
424.3  347936.30  210082.85  60.38
425.9  347699.00  209181.50  60.16
427.5  343018.00  205735.75  59.98
429.1  333178.30  199287.68  59.81
430.7  313257.30  186909.68  59.67
432.3  317422.95  188183.45  59.28
433.9  341137.30  201355.70  59.02
435.5  356756.80  210016.98  58.87
437.1  375288.00  220305.00  58.70
438.7  376200.35  220499.75  58.61
440.3  377074.60  220297.18  58.42
441.9  390226.50  227128.50  58.20
443.5  406378.05  235852.30  58.04
445.0  415981.25  240850.63  57.90
446.6  418420.75  241660.93  57.76
448.2  427537.75  246094.90  57.56
449.8  439242.70  252094.70  57.39
451.4  451115.40  258336.68  57.27
453.0  449358.80  256939.93  57.18
454.6  443164.05  252792.75  57.04
456.2  445192.70  253176.55  56.87
457.8  450064.45  255241.98  56.71
459.3  450605.25  254956.80  56.58
460.9  452217.70  255229.70  56.44
462.5  458265.60  257937.60  56.29
464.1  458836.80  257733.60  56.17
465.7  454675.20  254898.00  56.06
467.2  450532.00  252018.38  55.94
468.8  448776.00  250383.68  55.79
470.4  447322.50  249034.50  55.67
472.0  449458.65  249564.75  55.53
473.6  454819.20  251840.88  55.37
475.1  458346.35  253203.10  55.24
476.7  459209.90  253107.35  55.12
478.3  462630.15  254413.05  54.99
479.9  466198.20  255903.98  54.89
481.5  468861.70  256895.60  54.79
483.0  468090.15  256152.88  54.72
484.6  459148.80  250982.40  54.66
486.2  438190.90  239314.95  54.61
487.8  426837.60  232413.30  54.45
489.3  435337.50  236250.00  54.27
490.9  444912.00  240981.60  54.16
492.5  446179.80  241422.78  54.11
494.0  449607.00  242816.25  54.01
495.6  453905.55  244635.30  53.90
497.2  455250.50  245022.45  53.82
498.8  450447.25  242130.78  53.75
500.3  443500.70  238059.35  53.68
501.9  435283.25  233276.75  53.59
503.5  433721.60  231868.00  53.46
505.0  435751.10  232466.18  53.35
506.6  439401.60  234039.83  53.26
508.2  437626.80  232907.40  53.22
509.7  436437.00  231988.95  53.16
511.3  435863.25  231403.48  53.09
512.9  431657.10  228993.75  53.05
514.4  423736.50  224647.75  53.02
516.0  414480.00  219510.00  52.96
517.5  401477.40  212421.83  52.91
519.1  400907.65  211589.30  52.78
520.7  409670.80  215800.20  52.68
522.2  414586.50  218258.00  52.64
523.8  420189.15  221047.80  52.61
525.4  422779.35  222286.05  52.58
526.9  417525.00  219442.35  52.56
528.5  420817.20  220845.08  52.48
530.0  428002.35  224329.50  52.41
531.6  430998.40  225751.60  52.38
533.2  428555.60  224313.28  52.34
534.7  430892.00  225260.00  52.28
536.3  431789.60  225541.40  52.23
537.8  429929.85  224365.93  52.19
539.4  426447.60  222318.00  52.13
541.0  422500.80  219944.40  52.06
542.5  422832.00  219751.20  51.97
544.1  426026.00  221046.00  51.89
545.6  427710.75  221653.13  51.82
547.2  427386.10  221240.40  51.77
548.7  427560.00  221046.00  51.70
550.3  428386.70  221202.70  51.64
551.8  428992.20  221186.70  51.56
553.4  430401.40  221607.10  51.49
554.9  432401.80  222327.70  51.42
556.5  430904.40  221321.40  51.36
558.0  427160.00  219170.25  51.31
559.6  423610.25  217056.00  51.24
561.1  425898.65  217862.50  51.15
562.7  428663.40  218975.25  51.08
564.2  431961.70  220376.98  51.02
565.8  431436.00  219862.80  50.96
567.3  431148.05  219426.65  50.89
568.9  430844.50  218943.50  50.82
570.4  428645.25  217613.93  50.77
572.0  429270.00  217587.00  50.69
573.5  432724.95  218981.18  50.61
575.1  433899.20  219351.20  50.55
576.6  433191.50  218746.00  50.50
578.2  431705.25  217722.28  50.43
579.7  431283.00  217291.98  50.38
581.2  433596.20  218197.60  50.32
582.8  437406.60  219914.13  50.28
584.3  438594.50  220329.13  50.24
585.9  436624.20  219162.75  50.19
587.4  432410.40  216739.80  50.12
588.9  422606.00  211581.38  50.07
590.5  416166.30  207901.10  49.96
592.0  417489.45  208142.63  49.86
593.6  419627.00  208934.70  49.79
595.1  420350.70  209135.30  49.75
596.6  421296.80  209444.40  49.71
598.2  421691.25  209490.38  49.68
599.7  420494.85  208740.28  49.64
601.2  418650.05  207698.93  49.61
602.8  418174.50  207269.10  49.57
604.3  419778.70  207843.05  49.51
605.8  421295.60  208439.60  49.48
607.4  421070.40  208147.73  49.43
608.9  418799.55  206852.60  49.39
610.5  416331.30  205420.33  49.34
612.0  414181.95  204145.50  49.29
613.5  411389.00  202584.13  49.24
615.0  408841.65  201125.23  49.19
616.6  405478.40  199298.80  49.15
618.1  405669.60  199111.50  49.08
619.6  407854.00  199975.00  49.03
621.2  409313.00  200473.60  48.98
622.7  407846.40  199641.60  48.95
624.2  405305.10  198240.75  48.91
625.8  402002.95  196444.33  48.87
627.3  399996.75  195229.50  48.81
628.8  397596.15  193834.55  48.75
630.3  395944.45  192878.60  48.71
631.8  395020.60  192311.60  48.68
633.4  395929.60  192673.80  48.66
634.9  397076.65  193119.73  48.64
636.4  398489.95  193724.75  48.61
638.0  400528.50  194655.60  48.60
639.5  400512.00  194586.00  48.58
641.0  399318.15  193941.83  48.57
642.5  398647.20  193495.05  48.54
644.0  398137.00  193091.50  48.50
645.5  396887.80  192360.25  48.47
647.1  394754.40  191120.60  48.42
648.6  392290.40  189779.70  48.38
650.1  390373.50  188748.38  48.35
651.6  390840.25  188834.95  48.32
653.1  391563.15  189104.33  48.29
654.7  388527.05  187681.10  48.31
656.2  377293.95  182365.80  48.34
657.7  371416.80  179360.00  48.29
659.2  376183.60  181401.35  48.22
660.7  382620.75  184362.75  48.18
662.2  388407.50  187060.90  48.16
663.7  391039.95  188276.70  48.15
665.2  391742.80  188469.00  48.11
666.8  391972.40  188365.60  48.06
668.3  391689.00  188167.20  48.04
669.8  391355.25  187894.58  48.01
671.3  390394.10  187316.50  47.98
672.8  389715.45  186871.55  47.95
674.3  389170.10  186476.30  47.92
675.8  389001.50  186244.00  47.88
677.3  388615.50  185927.35  47.84
678.8  388163.60  185551.30  47.80
680.3  387333.80  185037.40  47.77
681.8  386174.95  184367.23  47.74
683.3  383799.90  183097.20  47.71
684.8  378967.20  180660.40  47.67
686.3  364115.60  173521.30  47.66
687.8  344853.60  164100.30  47.59
689.3  337063.30  160041.88  47.48
690.8  337548.00  160052.40  47.42
692.3  343013.70  162579.40  47.40
693.8  347122.40  164593.50  47.42
695.3  350101.70  166134.80  47.45
696.8  354116.20  168262.80  47.52
698.3  354984.00  168952.00  47.59
699.8  353105.60  168235.30  47.64
701.3  350087.90  166983.08  47.70
702.8  349810.60  167033.75  47.75
704.2  351475.40  168098.10  47.83
705.7  353438.40  169349.20  47.91
707.2  354320.05  170051.18  47.99
708.7  354469.20  170426.10  48.08
710.2  354640.75  170799.48  48.16
711.7  353849.00  170691.75  48.24
713.2  352366.40  170287.20  48.33
714.7  349479.60  169101.30  48.39
716.2  340769.20  164977.70  48.41
717.6  323028.00  156276.00  48.38
719.1  304983.40  147396.90  48.33
720.6  300179.20  145057.60  48.32
722.1  306453.50  148458.00  48.44
723.6  307249.90  149166.90  48.55
725.0  304310.70  147845.70  48.58
726.5  303105.30  147423.90  48.64
728.0  302487.75  147341.70  48.71
729.5  302297.20  147534.60  48.80
731.0  304773.45  149007.80  48.89
732.4  310850.10  152479.80  49.05
733.9  318659.25  156906.58  49.24
735.4  323528.15  159809.65  49.40
736.8  325584.00  161253.00  49.53
738.3  326206.80  161956.40  49.65
739.8  325998.75  162248.63  49.77
741.2  325428.30  162336.83  49.88
742.7  325988.80  162936.00  49.98
744.2  327810.00  164110.80  50.06
745.7  328600.50  164744.63  50.14
747.1  329245.50  165219.75  50.18
748.6  328719.75  165171.90  50.25
750.0  327085.45  164513.13  50.30
751.5  325479.70  163748.00  50.31
753.0  324553.15  163353.70  50.33
754.4  324198.00  163184.00  50.33
755.9  323062.50  162656.25  50.35
757.3  320230.95  161344.95  50.38
758.8  299536.90  151041.45  50.42
760.3  236715.00  119099.25  50.31
761.7  186758.00  92856.60  49.72
763.2  171534.00  84150.00  49.06
764.6  176356.80  85980.60  48.75
766.1  203750.40  99792.00  48.98
767.5  239374.80  118398.25  49.46
769.0  269821.50  134534.00  49.86
770.4  289672.75  145148.00  50.11
771.9  300300.00  151025.00  50.29
773.3  305569.25  153952.00  50.38
774.8  307307.00  154940.50  50.42
776.2  308070.30  155445.00  50.46
777.7  308034.65  155407.18  50.45
779.1  307174.00  154993.00  50.46
780.5  306470.55  154659.33  50.46
782.0  305751.35  154278.90  50.46
783.4  304512.00  153676.80  50.47
784.9  303342.20  153071.50  50.46
786.3  302355.60  152517.40  50.44
787.8  300395.70  151435.53  50.41
789.2  297734.10  149878.93  50.34
790.6  294723.60  148223.33  50.29
792.0  292049.80  146857.90  50.29
793.5  289332.00  145554.30  50.31
794.9  287846.55  144911.70  50.34
796.3  287730.90  144738.95  50.30
797.8  288275.00  144891.45  50.26
799.2  288320.00  144970.90  50.28
800.6  286982.80  144270.00  50.27
802.1  285570.45  143483.10  50.24
803.5  284367.60  142893.30  50.25
804.9  283405.20  142520.30  50.29
806.3  283572.75  142617.25  50.29
807.8  283147.50  142616.93  50.37
809.2  281222.15  141571.05  50.34
810.6  278966.25  140202.38  50.26
812.0  275748.00  138291.80  50.15
813.4  268918.75  134406.25  49.98
814.8  258131.45  128579.50  49.81
816.3  246727.80  122649.23  49.71
817.7  239028.40  118452.10  49.56
819.1  236278.35  117059.50  49.54
820.5  239778.00  119022.75  49.64
821.9  242093.05  120401.10  49.73
823.3  236074.30  117261.38  49.67
824.7  239324.90  118934.65  49.70
826.1  246153.60  122584.00  49.80
827.5  248120.25  123559.13  49.80
828.9  246228.75  122669.00  49.82
830.3  245962.75  122529.00  49.82
831.7  246205.80  122775.15  49.87
833.2  246408.60  123004.73  49.92
834.5  248584.00  124156.90  49.95
835.9  252356.00  126178.00  50.00
837.3  255802.25  127970.75  50.03
838.7  257922.50  129243.75  50.11
840.1  259659.60  130259.70  50.17
841.5  260411.40  130787.30  50.22
842.9  260249.25  130788.15  50.25
844.3  259532.00  130513.50  50.29
845.7  259842.40  130679.20  50.29
847.1  259753.00  130721.85  50.33
848.5  258389.25  130129.13  50.36
849.9  253271.60  127662.15  50.41
851.2  250158.15  125959.35  50.35
852.6  249224.55  125423.03  50.33
854.0  240754.80  121364.10  50.41
855.4  235501.70  118666.88  50.39
856.8  241169.50  121428.00  50.35
858.2  246536.55  124122.53  50.35
859.5  249120.00  125425.00  50.35
860.9  249835.20  125881.20  50.39
862.3  250134.00  126042.70  50.39
863.7  250153.30  126243.08  50.47
865.0  246998.25  124680.50  50.48
866.4  237489.00  119849.10  50.47
867.8  234554.10  118209.30  50.40
869.1  237384.60  119635.80  50.40
870.5  240597.00  121157.78  50.36
871.9  242204.90  122068.95  50.40
873.2  242472.30  122214.65  50.40
874.6  241285.80  121633.40  50.41
876.0  240519.40  121262.70  50.42
877.3  240326.45  121077.40  50.38
878.7  240051.90  120951.60  50.39
880.0  238597.20  120235.50  50.39
881.4  236883.00  119284.50  50.36
882.8  237142.95  119425.28  50.36
884.1  237442.50  119586.25  50.36
885.5  236576.85  119163.83  50.37
886.8  234727.35  118139.45  50.33
888.2  233997.05  117783.75  50.34
889.5  234191.65  117777.28  50.29
890.9  233883.20  117517.10  50.25
892.2  231984.25  116458.43  50.20
893.6  228024.30  114248.20  50.10
894.9  221923.80  110842.20  49.95
896.2  211920.75  105596.25  49.83
897.6  201966.00  100122.00  49.57
898.9  191865.50  94810.00  49.41
900.3  184833.35  91026.00  49.25
901.6  181645.80  89541.90  49.29
903.0  185730.40  91568.20  49.30
904.3  195862.30  96749.68  49.40
905.6  200982.60  99427.90  49.47
907.0  196647.75  97244.88  49.45
908.3  188271.20  92904.18  49.35
909.6  182839.55  89893.80  49.17
911.0  181936.40  89421.60  49.15
912.3  182274.75  89425.88  49.06
913.6  179789.10  88160.25  49.04
914.9  178265.60  87227.00  48.93
916.2  176952.40  86694.80  48.99
917.6  177230.10  86659.20  48.90
918.9  180648.80  88493.50  48.99
920.2  186877.60  92046.50  49.25
921.5  189728.00  93766.40  49.42
922.9  188892.00  93492.00  49.49
924.2  187401.55  92410.58  49.31
925.5  186205.25  91630.00  49.21
926.8  185699.80  91521.10  49.28
928.1  178848.50  87737.00  49.06
929.4  165007.05  80788.28  48.96
930.7  147531.20  71842.80  48.70
932.0  126342.60  61208.35  48.45
933.4  106550.80  51086.00  47.95
934.7  92889.45  44392.95  47.79
936.0  87986.00  41907.13  47.63
937.3  86262.40  40820.60  47.32
938.6  94210.60  44574.85  47.31
939.9  109254.00  51876.00  47.48
941.2  116216.00  55123.00  47.43
942.5  115105.20  54715.50  47.54
943.8  108816.25  51718.75  47.53
945.1  104383.20  49455.75  47.38
946.4  103430.80  49151.00  47.52
947.7  105847.20  50320.80  47.54
949.0  107701.60  51202.40  47.54
950.2  109882.50  52026.00  47.35
951.5  112139.10  53106.53  47.36
952.8  111607.10  53024.95  47.51
954.1  113486.90  53918.05  47.51
955.4  113044.00  53887.50  47.67
956.7  115347.90  54997.10  47.68
958.0  119150.40  57103.20  47.93
959.3  119282.10  57124.55  47.89
960.5  122832.00  58601.10  47.71
961.8  127547.00  60910.20  47.76
963.1  131464.80  62816.85  47.78
964.4  134787.50  64698.00  48.00
965.7  137686.05  65826.00  47.81
966.9  142455.75  68713.95  48.24
968.2  152532.20  73989.50  48.51
969.5  161017.60  78192.00  48.56
970.8  165790.00  80830.00  48.75
972.0  167860.35  81824.40  48.75
973.3  164498.40  80100.90  48.69
974.6  160243.20  77930.78  48.63
975.8  157598.35  76246.98  48.38
977.1  158095.80  77421.40  48.97
978.4  159939.65  77978.88  48.76
979.6  161042.70  78829.73  48.95
980.9  165089.25  80472.38  48.74
982.2  168435.25  82808.13  49.16
983.4  171912.70  84158.10  48.95
984.7  173176.80  85487.70  49.36
985.9  175418.10  86959.40  49.57
987.2  176992.20  87729.90  49.57
988.5  177661.55  88048.13  49.56
989.7  178556.10  88477.35  49.55
991.0  178454.80  88408.80  49.54
992.2  179171.50  88329.88  49.30
993.5  179071.20  88678.80  49.52
994.7  179631.25  88939.38  49.51
996.0  179330.00  89216.68  49.75
997.2  179458.50  88808.95  49.49
998.5  178652.25  88853.50  49.74
999.7  178544.40  88787.03  49.73
1001.0  177181.20  88590.60  50.00
1002.2  175035.80  87517.90  50.00
1003.4  173686.80  86843.40  50.00
1004.7  170387.80  84674.43  49.70
1005.9  168447.60  84223.80  50.00
1007.2  168925.05  83944.35  49.69
1008.4  167678.10  83839.05  50.00
1009.6  168149.20  84074.60  50.00
1010.9  168390.75  84195.38  50.00
1012.1  168060.75  84030.38  50.00
1013.3  168201.00  84100.50  50.00
1014.6  168564.00  83771.20  49.70
1015.8  167335.80  83667.90  50.00
1017.1  167362.20  83681.10  50.00
1018.3  166808.00  83404.00  50.00
1019.5  166958.60  83479.30  50.00
1020.8  167349.00  83138.13  49.68
1022.0  165824.40  83457.68  50.33
1023.2  164738.80  83482.50  50.68
1024.4  165877.90  83507.03  50.34
1025.7  165915.75  83538.00  50.35
1026.9  166488.00  83244.00  50.00
1028.1  167092.05  83546.03  50.00
1029.3  166203.45  83101.73  50.00
1030.6  165313.50  83297.50  50.39
1031.8  166338.90  83169.45  50.00
1033.0  165456.40  83406.30  50.41
1034.2  164521.50  82957.88  50.42
1035.4  164973.25  83203.90  50.43
1036.7  165121.60  83297.95  50.45
1037.9  165282.15  83399.25  50.46
1039.1  166657.85  83328.93  50.00
1040.3  166852.40  83426.20  50.00
1041.5  166251.05  83125.53  50.00
1042.7  165624.90  83657.48  50.51
1043.9  166708.80  83354.40  50.00
1045.2  165670.20  83725.80  50.54
1046.4  164583.00  83205.85  50.56
1047.6  163029.30  82451.60  50.57
1048.8  163319.00  82620.20  50.59
1050.0  165606.00  82803.00  50.00
1051.2  165963.90  82981.95  50.00
1052.4  165884.00  82942.00  50.00
1053.6  165332.70  82666.35  50.00
1054.8  165246.80  82623.40  50.00
1056.0  165160.60  82580.30  50.00
1057.2  164055.60  83167.08  50.69
1058.4  165238.30  82619.15  50.00
1059.7  162241.20  82313.55  50.74
1060.9  160990.50  81714.88  50.76
1062.1  160224.00  80112.00  50.00
1063.3  159420.60  79710.30  50.00
1064.5  161223.00  80611.50  50.00
1065.7  159828.05  79914.03  50.00
1066.9  160538.20  80269.10  50.00
1068.1  159070.80  82375.95  51.79
1069.3  159813.50  81359.60  50.91
1070.5  160579.80  83263.60  51.85
1071.7  158319.20  80681.90  50.96
1072.9  159074.10  79537.05  50.00
1074.1  158066.65  79033.33  50.00
1075.3  158455.80  79227.90  50.00
1076.5  157984.80  78992.40  50.00
