/*** Spectra Vista SIG Data ***/
name= 230505_1715_R953_T962.sig
instrument= HK: 9202056 (HR-512i)
integration= 10.0, 0.0, 0.0, 20.0, 0.0, 0.0
scan method= Time-based, Time-based
scan coadds= 500, 0, 0, 250, 0, 0
scan time= 5, 5
scan settings= AI, AI
external data set1= 0,0,0,0,0,0,0,0,0,0,0,0,0,0,0,0,0,0,0,0,0,0,0,0,0,0,0,0,0,0,0,0
external data set2= 0,0,0,0,0,0,0,0,0,0,0,0,0,0,0,0,0,0,0,0,0,0,0,0,0,0,0,0,0,0,0,0
external data dark= 0,0,0,0,0,0,0,0,0,0,0,0,0,0,0,0
external data mask= 0
optic= LENS 4(1), LENS 4(1)
temp= 24.8, 0.0, 0.0, 26.7, 0.0, 0.0
battery= 8.24, 8.25
error= 0, 0
units= Radiance, Radiance
time= 5/5/2023 5:11:29 PM, 5/5/2023 5:15:37 PM
longitude=                 , 07748.9612W     
latitude=                 , 3411.1714N      
gpstime=                 , 182336.000      
comm= 
memory slot= 953, 962
factors= 1.000, 1.000, 1.000 [Overlap: Preserve, Matching Type: None]
inclinometer x offset= 3, 3
inclinometer y offset= -16, -31
data= 
339.7  44782.65  68612.78  153.21
341.4  48316.40  73865.00  152.88
343.0  50434.35  76899.90  152.48
344.7  51440.25  78202.00  152.02
346.4  54044.30  81831.95  151.42
348.0  56614.25  85436.05  150.91
349.7  59529.60  89294.40  150.00
351.3  64178.50  95926.38  149.47
353.0  67518.50  100542.40  148.91
354.6  72075.40  106682.00  148.01
356.2  71783.25  105642.08  147.17
357.9  67134.00  98008.13  145.99
359.5  67662.80  98362.80  145.37
361.2  72523.90  104994.55  144.77
362.8  76465.90  109935.00  143.77
364.5  81425.85  116556.68  143.14
366.1  88670.30  126333.95  142.48
367.7  93585.60  132660.00  141.75
369.4  94405.85  133075.25  140.96
371.0  94994.90  133264.95  140.29
372.6  92551.50  128995.13  139.38
374.3  87912.75  121828.63  138.58
375.9  89431.10  123341.35  137.92
377.5  97494.15  134040.40  137.49
379.1  103101.90  141081.05  136.84
380.8  100654.40  136883.60  135.99
382.4  93357.00  126063.00  135.03
384.0  84193.65  113044.28  134.27
385.6  87778.40  117442.45  133.79
387.3  92944.80  123786.00  133.18
388.9  97631.40  129366.10  132.50
390.5  105519.70  138980.33  131.71
392.1  109307.25  143023.50  130.85
393.8  99120.00  128600.00  129.74
395.4  100871.40  129960.08  128.84
397.0  106649.40  136580.28  128.06
398.6  120775.40  153570.35  127.15
400.2  147403.80  186024.00  126.20
401.8  164918.25  206293.50  125.09
403.4  173692.40  215277.65  123.94
405.0  174840.00  214710.00  122.80
406.6  173769.75  211567.13  121.75
408.3  175464.45  211915.20  120.77
409.9  179131.20  214748.40  119.88
411.5  181953.00  216547.88  119.01
413.1  188400.00  222775.00  118.25
414.7  191219.70  224715.75  117.52
416.3  193030.75  225662.25  116.90
417.9  192389.10  223872.60  116.36
419.5  190611.15  220848.75  115.86
421.1  191829.60  221447.20  115.44
422.7  192572.60  221498.20  115.02
424.3  191043.90  218937.70  114.60
425.9  190511.75  217653.15  114.25
427.5  187467.00  213497.50  113.89
429.1  181545.95  206064.98  113.51
430.7  170352.45  192865.65  113.22
432.3  173495.40  196121.90  113.04
433.9  185828.65  209596.10  112.79
435.5  194055.00  218254.80  112.47
437.1  203528.00  228266.00  112.15
438.7  203263.10  227253.63  111.80
440.3  203835.45  227374.00  111.55
441.9  210795.75  234740.25  111.36
443.5  219011.20  243311.60  111.10
445.0  223626.25  247748.13  110.79
446.6  224615.60  248279.90  110.54
448.2  229449.85  253158.23  110.33
449.8  235402.05  259172.23  110.10
451.4  241417.85  265068.25  109.80
453.0  239775.80  262581.00  109.51
454.6  236410.65  258381.23  109.29
456.2  237360.60  259021.58  109.13
457.8  239609.95  260979.80  108.92
459.3  239509.80  260302.28  108.68
460.9  240292.80  260663.15  108.48
462.5  243168.00  263323.20  108.29
464.1  243045.60  262588.80  108.04
465.7  240516.00  259365.60  107.84
467.2  238061.50  256276.75  107.65
468.8  236948.85  254692.58  107.49
470.4  235872.00  253104.75  107.31
472.0  236894.85  253821.68  107.15
473.6  239374.30  256076.70  106.98
475.1  240858.55  257258.03  106.81
476.7  240939.30  256938.40  106.64
478.3  242538.60  258298.88  106.50
479.9  244256.85  259623.23  106.29
481.5  245536.80  260474.40  106.08
483.0  244886.40  259225.55  105.86
484.6  239808.00  253305.60  105.63
486.2  228518.50  240936.33  105.43
487.8  223095.60  235040.40  105.35
489.3  227550.00  239568.75  105.28
490.9  232239.60  244050.60  105.09
492.5  232597.20  244002.28  104.90
494.0  234366.50  245535.50  104.77
495.6  236379.85  247266.95  104.61
497.2  236787.30  247286.23  104.43
498.8  234028.70  243993.73  104.26
500.3  230165.10  239620.85  104.11
501.9  225810.25  234800.88  103.98
503.5  224803.80  233625.60  103.92
505.0  225679.45  234333.78  103.83
506.6  227354.85  235698.75  103.67
508.2  226281.60  234219.60  103.51
509.7  225694.80  233250.98  103.35
511.3  225330.10  232507.73  103.19
512.9  222970.05  229645.80  102.99
514.4  218868.00  225029.00  102.81
516.0  213810.00  219615.00  102.72
517.5  207070.20  212617.80  102.68
519.1  207098.45  212612.73  102.66
520.7  211596.00  216986.00  102.55
522.2  214018.50  218990.00  102.32
523.8  216840.80  221618.75  102.20
525.4  217838.55  222330.53  102.06
526.9  215091.30  219281.20  101.95
528.5  217038.15  221149.05  101.89
530.0  220633.65  224587.35  101.79
531.6  221917.60  225581.20  101.65
533.2  220583.40  223975.48  101.54
534.7  221788.00  225036.00  101.46
536.3  222094.20  225082.70  101.35
537.8  221034.10  223716.15  101.21
539.4  219033.60  221462.40  101.11
541.0  216963.60  219240.60  101.05
542.5  217101.60  219226.80  100.98
544.1  218636.10  220602.80  100.90
545.6  219363.75  221098.13  100.79
547.2  219095.95  220585.93  100.68
548.7  219240.00  220486.00  100.57
550.3  219626.30  220653.78  100.47
551.8  219854.25  220690.58  100.38
553.4  220506.00  221163.80  100.30
554.9  221402.90  221865.30  100.21
556.5  220460.00  220708.20  100.11
558.0  218477.00  218550.75  100.03
559.6  216669.25  216654.38  99.99
561.1  217832.45  217742.30  99.96
562.7  219157.35  218914.55  99.89
564.2  220639.20  220269.00  99.83
565.8  220239.60  219721.50  99.76
567.3  219961.30  219316.58  99.71
568.9  219381.70  218677.45  99.68
570.4  218033.10  217210.28  99.62
572.0  218232.75  217356.38  99.60
573.5  219727.20  218768.03  99.56
575.1  220035.20  218956.00  99.51
576.6  219539.00  218303.75  99.44
578.2  218657.10  217293.18  99.38
579.7  218572.25  216998.90  99.28
581.2  219845.90  218057.65  99.19
582.8  221879.75  219788.33  99.06
584.3  222408.75  220059.25  98.94
585.9  221233.20  218681.25  98.85
587.4  218570.40  216010.80  98.83
588.9  212645.75  210353.25  98.92
590.5  208960.30  206891.55  99.01
592.0  209397.00  207373.28  99.03
593.6  210371.20  208191.10  98.96
595.1  210703.90  208351.00  98.88
596.6  211422.40  208739.20  98.73
598.2  211870.75  208882.25  98.59
599.7  211631.90  208284.63  98.42
601.2  211039.50  207363.10  98.26
602.8  211083.65  207179.98  98.15
604.3  212025.40  207932.80  98.07
605.8  212856.00  208530.10  97.97
607.4  212649.30  208184.18  97.90
608.9  211433.85  206797.63  97.81
610.5  210118.70  205401.90  97.76
612.0  208924.95  204126.98  97.70
613.5  207408.00  202546.88  97.66
615.0  206012.45  201087.78  97.61
616.6  204280.80  199280.00  97.55
618.1  204384.60  199319.40  97.52
619.6  205390.00  200241.00  97.49
621.2  205898.00  200645.50  97.45
622.7  204979.20  199660.80  97.41
624.2  203523.30  198182.70  97.38
625.8  201722.05  196385.90  97.35
627.3  200410.50  195190.25  97.40
628.8  198857.40  193775.23  97.44
630.3  197912.30  192838.65  97.44
631.8  197510.30  192331.75  97.38
633.4  198046.20  192714.50  97.31
634.9  198682.00  193181.30  97.23
636.4  199513.75  193807.45  97.14
638.0  200618.70  194718.15  97.06
639.5  200592.00  194565.00  97.00
641.0  200061.40  193899.48  96.92
642.5  199750.60  193516.40  96.88
644.0  199391.00  193156.00  96.87
645.5  198443.90  192252.00  96.88
647.1  196854.00  190859.00  96.95
648.6  195091.60  189362.65  97.06
650.1  194080.50  188527.13  97.14
651.6  194408.75  188947.33  97.19
653.1  194791.50  189288.53  97.17
654.7  193115.70  187400.00  97.04
656.2  187400.15  181730.63  96.97
657.7  184976.80  179360.00  96.96
659.2  187617.30  181923.30  96.97
660.7  191047.75  185055.13  96.86
662.2  193987.30  187686.20  96.75
663.7  195350.40  188785.43  96.64
665.2  195676.60  189053.40  96.62
666.8  195741.95  188976.23  96.54
668.3  195648.90  188754.00  96.48
669.8  195359.45  188433.03  96.45
671.3  194779.70  187782.95  96.41
672.8  194437.40  187291.88  96.33
674.3  194011.20  186825.60  96.30
675.8  193920.00  186597.50  96.22
677.3  193669.00  186259.50  96.17
678.8  193358.00  185887.35  96.14
680.3  192830.10  185351.20  96.12
681.8  192162.60  184684.33  96.11
683.3  190832.95  183337.28  96.07
684.8  188138.60  180687.30  96.04
686.3  179781.40  173033.50  96.25
687.8  169696.80  164018.40  96.65
689.3  165729.20  160481.48  96.83
690.8  165986.40  160742.40  96.84
692.3  168346.20  162884.38  96.76
693.8  169717.90  164147.90  96.72
695.3  171054.00  165296.30  96.63
696.8  173489.40  167195.00  96.37
698.3  173992.00  167328.00  96.17
699.8  172726.75  166072.75  96.15
701.3  171109.15  164469.18  96.12
702.8  171226.50  164491.05  96.07
704.2  172429.00  165515.70  95.99
705.7  173664.00  166454.80  95.85
707.2  174407.35  166977.80  95.74
708.7  174831.60  167142.00  95.60
710.2  175102.20  167271.78  95.53
711.7  174945.00  166973.50  95.44
713.2  174307.20  166240.40  95.37
714.7  172484.40  164617.35  95.44
716.2  166672.40  159463.20  95.67
717.6  155412.00  149634.00  96.28
719.1  145039.20  140513.50  96.88
720.6  142908.80  138856.00  97.16
722.1  147095.50  142435.75  96.83
723.6  147252.40  142438.80  96.73
725.0  145375.20  140763.60  96.83
726.5  144671.40  140157.30  96.88
728.0  144352.80  139869.45  96.89
729.5  144560.00  139917.40  96.79
731.0  146271.15  141356.35  96.64
732.4  150404.10  144906.30  96.34
733.9  155695.05  149242.98  95.86
735.4  158959.90  151822.00  95.51
736.8  160626.00  153073.50  95.30
738.3  161612.30  153611.98  95.05
739.8  162104.25  153788.25  94.87
741.2  162423.90  153832.50  94.71
742.7  163286.40  154438.80  94.58
744.2  164640.00  155408.40  94.39
745.7  165307.50  155916.38  94.32
747.1  165786.90  156234.90  94.24
748.6  165653.10  155999.03  94.17
750.0  164907.35  155233.68  94.13
751.5  164175.70  154460.80  94.08
753.0  163784.55  154059.65  94.06
754.4  163618.00  153853.00  94.03
755.9  163062.50  153250.00  93.98
757.3  161471.05  151698.30  93.95
758.8  149322.90  140380.08  94.01
760.3  115519.50  109424.25  94.72
761.7  90375.20  87338.75  96.64
763.2  82368.00  80982.00  98.32
764.6  85114.80  84015.90  98.71
766.1  99792.00  97406.40  97.61
767.5  118873.20  114327.25  96.18
769.0  135082.00  128471.75  95.11
770.4  145702.00  137565.13  94.42
771.9  151480.00  142450.00  94.04
773.3  154305.75  144825.25  93.86
774.8  155369.50  145609.75  93.72
776.2  155878.80  145973.70  93.65
777.7  155809.50  145897.68  93.64
779.1  155474.00  145484.00  93.57
780.5  155071.55  145140.68  93.60
782.0  154734.00  144797.65  93.58
783.4  154137.60  144192.00  93.55
784.9  153499.40  143579.90  93.54
786.3  152714.40  142943.20  93.60
787.8  151395.60  141813.60  93.67
789.2  149514.65  140245.88  93.80
790.6  147607.95  138664.50  93.94
792.0  146191.50  137361.70  93.96
793.5  145089.00  136121.40  93.82
794.9  144567.90  135629.10  93.82
796.3  144302.20  135479.85  93.89
797.8  144581.00  135711.00  93.87
799.2  144520.40  135600.50  93.83
800.6  143628.80  134835.20  93.88
802.1  142738.70  134178.10  94.00
803.5  142089.20  133527.90  93.97
804.9  141798.80  133188.90  93.93
806.3  142226.25  133379.88  93.78
807.8  142169.85  133228.35  93.71
809.2  141065.80  132223.93  93.73
810.6  139431.75  130903.50  93.88
812.0  137038.40  128891.30  94.05
813.4  132175.00  124843.75  94.45
814.8  125121.90  118909.03  95.03
816.3  118416.15  113083.58  95.50
817.7  114259.60  109396.30  95.74
819.1  113309.05  108422.10  95.69
820.5  116077.50  110706.75  95.37
821.9  117350.00  111658.53  95.15
823.3  113859.90  108548.83  95.34
824.7  116205.40  110746.90  95.30
826.1  120243.20  114268.00  95.03
827.5  121116.75  114979.50  94.93
828.9  120124.00  114016.00  94.92
830.3  120202.50  114063.13  94.89
831.7  120612.00  114188.10  94.67
833.2  120942.45  114423.00  94.61
834.5  122535.70  115780.70  94.49
835.9  124943.65  117880.43  94.35
837.3  126996.00  119615.75  94.19
838.7  128537.50  120839.38  94.01
840.1  129829.80  121805.00  93.82
841.5  130569.20  122281.40  93.65
842.9  130640.70  122309.78  93.62
844.3  130513.50  122141.50  93.59
845.7  130830.80  122341.20  93.51
847.1  131106.10  122422.05  93.38
848.5  130362.75  121718.63  93.37
849.9  127899.00  119214.50  93.21
851.2  126439.50  117876.83  93.23
852.6  125666.25  117315.53  93.35
854.0  121364.10  113141.60  93.22
855.4  119083.25  111088.85  93.29
856.8  122102.60  114091.73  93.44
858.2  124891.35  116519.70  93.30
859.5  126117.00  117553.50  93.21
860.9  126494.40  117909.60  93.21
862.3  126663.60  118059.70  93.21
863.7  126871.15  118078.10  93.07
865.0  124862.25  116320.00  93.16
866.4  120033.20  111748.70  93.10
867.8  118768.65  110751.30  93.25
869.1  120390.60  112276.50  93.26
870.5  121826.10  113710.73  93.34
871.9  122745.50  114433.60  93.23
873.2  122703.90  114386.65  93.22
874.6  122227.70  113907.50  93.19
876.0  121764.20  113539.60  93.25
877.3  121686.85  113357.70  93.16
878.7  121568.70  113237.85  93.15
880.0  120756.00  112428.00  93.10
881.4  119916.75  111697.50  93.15
882.8  119958.90  111741.08  93.15
884.1  120235.00  111909.38  93.08
885.5  119492.10  111504.08  93.32
886.8  118582.75  110603.35  93.27
888.2  118008.10  110268.03  93.44
889.5  118118.00  110281.33  93.37
890.9  117862.40  110150.70  93.46
892.2  116575.00  108881.05  93.40
893.6  113776.10  106694.60  93.78
894.9  109645.20  102942.00  93.89
896.2  103411.50  97585.50  94.37
897.6  97170.00  92373.00  95.06
898.9  91566.50  87325.00  95.37
900.3  87738.95  83946.20  95.68
901.6  86339.40  82880.70  95.99
903.0  89233.60  85342.60  95.64
904.3  95043.10  90579.75  95.30
905.6  97566.95  92648.73  94.96
907.0  94682.25  89961.63  95.01
908.3  90030.85  85789.28  95.29
909.6  86564.40  83096.28  95.99
911.0  86328.40  82813.40  95.93
912.3  86145.50  82865.13  96.19
913.6  84691.65  81512.10  96.25
914.9  83562.00  80630.00  96.49
916.2  82835.10  80163.00  96.77
917.6  83048.40  80039.40  96.38
918.9  85747.15  82390.50  96.09
920.2  90035.40  85858.50  95.36
921.5  91884.80  87337.60  95.05
922.9  91584.00  86973.00  94.97
924.2  90314.00  85959.58  95.18
925.5  89666.50  85575.88  95.44
926.8  89029.60  85043.20  95.52
928.1  84025.05  80650.55  95.98
929.4  75814.05  73412.70  96.83
930.7  65724.80  64501.20  98.14
932.0  54605.70  54248.80  99.35
933.4  44517.80  44517.80  100.00
934.7  38424.15  38797.20  100.97
936.0  36028.75  36976.88  102.63
937.3  35044.10  36199.40  103.30
938.6  39708.60  40681.85  102.45
939.9  47160.00  47749.50  101.25
941.2  50148.00  50546.00  100.79
942.5  49851.90  49649.25  99.59
943.8  46753.75  46753.75  100.00
945.1  44615.40  44825.85  100.47
946.4  44022.20  44449.60  100.97
947.7  45115.20  45332.10  100.48
949.0  46347.00  46347.00  100.00
950.2  47541.00  47541.00  100.00
951.5  48320.10  48320.10  100.00
952.8  48162.40  48162.40  100.00
954.1  49444.50  49209.05  99.52
955.4  49337.00  49097.50  99.51
956.7  50616.80  50373.45  99.52
958.0  52900.80  52406.40  99.07
959.3  52846.50  52091.55  98.57
960.5  54762.60  53994.90  98.60
961.8  57266.00  56485.10  98.64
963.1  59371.20  58311.00  98.21
964.4  60923.95  60115.23  98.67
965.7  63083.25  61437.60  97.39
966.9  65920.70  64244.75  97.46
968.2  72282.05  69720.88  96.46
969.5  77612.80  73848.00  95.15
970.8  80240.00  76405.00  95.22
972.0  81222.75  77011.20  94.81
973.3  79180.20  75190.50  94.96
974.6  76365.90  73236.15  95.90
975.8  75289.90  72099.65  95.76
977.1  76120.20  72867.20  95.73
978.4  76983.40  73996.98  96.12
979.6  77814.75  74431.50  95.65
980.9  80127.00  76673.25  95.69
982.2  83160.50  78579.63  94.49
983.4  84877.40  79842.30  94.07
984.7  85854.60  81084.90  94.44
985.9  87709.05  82086.68  93.59
987.2  88879.20  83132.70  93.53
988.5  89222.10  83352.23  93.42
989.7  89678.40  83673.15  93.30
991.0  90864.60  83906.50  92.34
992.2  90423.00  84562.25  93.52
993.5  90820.80  84394.80  92.92
994.7  90253.75  84558.13  93.69
996.0  91458.30  84733.43  92.65
997.2  91109.70  84667.60  92.93
998.5  90744.00  84127.25  92.71
999.7  91212.90  83935.28  92.02
1001.0  90581.40  83613.60  92.31
1002.2  89553.20  82938.48  92.61
1003.4  88911.10  82708.00  93.02
1004.7  87271.80  81038.10  92.86
1005.9  86303.40  80064.60  92.77
1007.2  86017.05  79798.95  92.77
1008.4  86410.80  79724.25  92.26
1009.6  86125.20  79973.40  92.86
1010.9  86746.75  80113.18  92.35
1012.1  86576.75  80465.45  92.94
1013.3  85629.60  80022.90  93.45
1014.6  85814.40  79684.80  92.86
1015.8  85207.80  79561.50  93.37
1017.1  85747.30  79032.15  92.17
1018.3  85489.10  79233.80  92.68
1019.5  85592.70  79780.85  93.21
1020.8  84747.25  79383.50  93.67
1022.0  85094.10  79093.88  92.95
1023.2  85708.70  78473.55  91.56
1024.4  85211.25  78394.35  92.00
1025.7  84698.25  78897.00  93.15
1026.9  85622.40  78487.20  91.67
1028.1  84155.85  78667.43  93.48
1029.3  84976.20  78727.95  92.65
1030.6  84579.00  78812.25  93.18
1031.8  85809.75  79209.00  92.31
1033.0  85440.60  78659.60  92.06
1034.2  86443.50  78775.13  91.13
1035.4  86073.00  78182.98  90.83
1036.7  85509.40  78137.90  91.38
1037.9  84915.60  78092.03  91.96
1039.1  85665.25  78656.28  91.82
1040.3  85030.55  78613.15  92.45
1041.5  83948.55  78187.38  93.14
1042.7  84502.50  78587.33  93.00
1043.9  85090.95  79013.03  92.86
1045.2  85507.20  77490.90  90.63
1046.4  85948.90  78634.10  91.49
1047.6  86199.40  77766.85  90.22
1048.8  86463.00  77816.70  90.00
1050.0  84774.50  78860.00  93.02
1051.2  85005.90  78934.05  92.86
1052.4  85015.55  78794.90  92.68
1053.6  84786.00  77367.23  91.25
1054.8  84797.70  78274.80  92.31
1056.0  84812.20  78116.50  92.11
1057.2  84306.35  77470.70  91.89
1058.4  86110.10  76800.90  89.19
1059.7  83506.50  76348.80  91.43
1060.9  82934.50  75616.75  91.18
1062.1  82615.50  76356.75  92.42
1063.3  82281.60  75853.35  92.19
1064.5  81933.00  76647.00  93.55
1065.7  83977.45  77205.08  91.94
1066.9  83037.00  76117.25  91.67
1068.1  82375.95  75274.58  91.38
1069.3  84265.30  74095.35  87.93
1070.5  83263.60  74342.50  89.29
1071.7  82204.20  74592.70  90.74
1072.9  84215.70  74858.40  88.89
1074.1  83872.10  75807.48  90.38
1075.3  80913.60  75856.50  93.75
1076.5  82283.75  75701.05  92.00
