/*** Spectra Vista SIG Data ***/
name= 230503_1518_R874_T876.sig
instrument= HK: 9202056 (HR-512i)
integration= 10.0, 0.0, 0.0, 500.0, 0.0, 0.0
scan method= Time-based, Time-based
scan coadds= 500, 0, 0, 10, 0, 0
scan time= 5, 5
scan settings= AI, AI
external data set1= 0,0,0,0,0,0,0,0,0,0,0,0,0,0,0,0,0,0,0,0,0,0,0,0,0,0,0,0,0,0,0,0
external data set2= 0,0,0,0,0,0,0,0,0,0,0,0,0,0,0,0,0,0,0,0,0,0,0,0,0,0,0,0,0,0,0,0
external data dark= 0,0,0,0,0,0,0,0,0,0,0,0,0,0,0,0
external data mask= 0
optic= LENS 4(1), LENS 4(1)
temp= 22.5, 0.0, 0.0, 23.5, 0.0, 0.0
battery= 8.35, 8.33
error= 0, 0
units= Radiance, Radiance
time= 5/3/2023 3:17:24 PM, 5/3/2023 3:18:33 PM
longitude= 07756.4134W     , 07756.3970W     
latitude= 3402.4272N      , 3402.4019N      
gpstime= 162621.000      , 162729.000      
comm= 
memory slot= 874, 876
factors= 1.000, 1.000, 1.000 [Overlap: Preserve, Matching Type: None]
inclinometer x offset= 8, 10
inclinometer y offset= -13, 12
data= 
339.7  92622.75  1942.38  2.10
341.4  100282.60  2075.17  2.07
343.0  105029.95  2150.53  2.05
344.7  107527.75  2166.58  2.01
346.4  112834.70  2247.51  1.99
348.0  118522.30  2326.33  1.96
349.7  124534.80  2400.84  1.93
351.3  134638.30  2564.41  1.90
353.0  141989.40  2655.28  1.87
354.6  151826.70  2789.34  1.84
356.2  152205.90  2736.66  1.80
357.9  142409.25  2502.50  1.76
359.5  143184.80  2463.37  1.72
361.2  154098.00  2602.54  1.69
362.8  162215.20  2692.19  1.66
364.5  172802.40  2822.60  1.63
366.1  188136.30  3034.93  1.61
367.7  199472.40  3176.60  1.59
369.4  201462.80  3169.94  1.57
371.0  203239.40  3179.90  1.56
372.6  198408.75  3077.99  1.55
374.3  188434.50  2902.41  1.54
375.9  190931.95  2924.33  1.53
377.5  208032.50  3173.34  1.53
379.1  221089.00  3351.36  1.52
380.8  216417.60  3260.10  1.51
382.4  201307.50  3013.92  1.50
384.0  180730.35  2693.39  1.49
385.6  187403.00  2788.71  1.49
387.3  198619.20  2937.17  1.48
388.9  208298.30  3063.79  1.47
390.5  224682.70  3289.94  1.46
392.1  233766.00  3398.27  1.45
393.8  211840.00  3065.60  1.45
395.4  213087.00  3079.80  1.45
397.0  225418.05  3242.08  1.44
398.6  252517.60  3612.01  1.43
400.2  308085.40  4368.87  1.42
401.8  344729.00  4840.71  1.40
403.4  362710.60  5040.07  1.39
405.0  364080.00  5007.60  1.38
406.6  360533.25  4917.99  1.36
408.3  362281.50  4900.54  1.35
409.9  369036.00  4947.28  1.34
411.5  373479.75  4971.11  1.33
413.1  386000.00  5101.00  1.32
414.7  391326.60  5142.02  1.31
416.3  394663.50  5163.07  1.31
417.9  393385.20  5127.05  1.30
419.5  389484.90  5067.44  1.30
421.1  391705.60  5086.35  1.30
422.7  393630.60  5102.94  1.30
424.3  390390.50  5053.60  1.29
425.9  389575.45  5035.61  1.29
427.5  383703.00  4948.56  1.29
429.1  372167.25  4790.85  1.29
430.7  349494.30  4498.01  1.29
432.3  354047.20  4555.21  1.29
433.9  380012.15  4873.28  1.28
435.5  397013.70  5069.02  1.28
437.1  417126.00  5301.76  1.27
438.7  417484.60  5288.95  1.27
440.3  418162.15  5290.64  1.27
441.9  432416.25  5459.04  1.26
443.5  449826.55  5660.61  1.26
445.0  460040.00  5762.90  1.25
446.6  462234.85  5772.37  1.25
448.2  471924.55  5880.46  1.25
449.8  484324.75  6023.63  1.24
451.4  496938.05  6166.68  1.24
453.0  494447.25  6127.69  1.24
454.6  487226.25  6042.82  1.24
456.2  489121.40  6072.35  1.24
457.8  494061.20  6142.51  1.24
459.3  494182.05  6150.35  1.24
460.9  495644.60  6180.70  1.25
462.5  501880.80  6268.51  1.25
464.1  502084.80  6284.02  1.25
465.7  497107.20  6235.87  1.25
467.2  492178.50  6189.11  1.26
468.8  489954.45  6173.92  1.26
470.4  488025.00  6159.24  1.26
472.0  490091.10  6195.34  1.26
473.6  495611.60  6274.64  1.27
475.1  499175.25  6326.48  1.27
476.7  499862.70  6344.06  1.27
478.3  503303.10  6396.42  1.27
479.9  506835.90  6458.18  1.27
481.5  509356.60  6509.53  1.28
483.0  508092.90  6513.30  1.28
484.6  497971.20  6405.89  1.29
486.2  474891.20  6136.05  1.29
487.8  462483.00  6007.93  1.30
489.3  471562.50  6141.75  1.30
490.9  481665.60  6283.08  1.30
492.5  482771.85  6310.93  1.31
494.0  486289.50  6372.17  1.31
495.6  490676.55  6447.18  1.31
497.2  491863.05  6483.31  1.32
498.8  486370.55  6431.75  1.32
500.3  478651.80  6352.88  1.33
501.9  469704.50  6262.96  1.33
503.5  468028.60  6261.79  1.34
505.0  470168.30  6311.15  1.34
506.6  473894.10  6382.76  1.35
508.2  471711.60  6379.56  1.35
509.7  470208.15  6386.81  1.36
511.3  469306.25  6400.86  1.36
512.9  464508.00  6361.52  1.37
514.4  455792.00  6272.63  1.38
516.0  445530.00  6168.00  1.38
517.5  431386.20  6014.32  1.39
519.1  430693.90  6037.90  1.40
520.7  439947.20  6189.57  1.41
522.2  444995.00  6282.39  1.41
523.8  450930.30  6391.03  1.42
525.4  453585.70  6454.21  1.42
526.9  447879.80  6406.74  1.43
528.5  451562.10  6487.70  1.44
530.0  459288.15  6625.03  1.44
531.6  462380.40  6696.15  1.45
533.2  459661.35  6690.69  1.46
534.7  462056.00  6762.00  1.46
536.3  462870.00  6806.55  1.47
537.8  460731.95  6806.88  1.48
539.4  456862.80  6785.74  1.49
541.0  452667.60  6755.38  1.49
542.5  453054.00  6794.57  1.50
544.1  456440.60  6873.48  1.51
545.6  458180.25  6928.62  1.51
547.2  457798.30  6953.03  1.52
548.7  457968.00  6985.44  1.53
550.3  458845.00  7033.00  1.53
551.8  459411.75  7076.73  1.54
553.4  460860.40  7136.27  1.55
554.9  462891.30  7204.19  1.56
556.5  461155.60  7215.90  1.56
558.0  457102.50  7192.69  1.57
559.6  453330.50  7171.54  1.58
561.1  455828.45  7248.66  1.59
562.7  458861.65  7330.13  1.60
564.2  462472.35  7421.28  1.60
565.8  462082.40  7441.80  1.61
567.3  461969.05  7468.12  1.62
568.9  461737.60  7488.21  1.62
570.4  459508.95  7480.57  1.63
572.0  460143.00  7517.15  1.63
573.5  463692.60  7601.54  1.64
575.1  464694.40  7646.21  1.65
576.6  463661.00  7658.55  1.65
578.2  461742.25  7657.60  1.66
579.7  461022.40  7673.01  1.66
581.2  463110.10  7735.19  1.67
582.8  466875.25  7820.99  1.68
584.3  467868.00  7855.59  1.68
585.9  465578.40  7827.91  1.68
587.4  461084.40  7759.80  1.68
588.9  450902.00  7590.14  1.68
590.5  444400.60  7479.94  1.68
592.0  446055.75  7500.83  1.68
593.6  448323.20  7531.99  1.68
595.1  449028.80  7527.92  1.68
596.6  449814.40  7520.53  1.67
598.2  449908.25  7487.24  1.66
599.7  448254.45  7416.58  1.65
601.2  445975.60  7332.30  1.64
602.8  445197.20  7277.59  1.63
604.3  446775.50  7270.47  1.63
605.8  448300.80  7279.82  1.62
607.4  447897.60  7268.13  1.62
608.9  445297.50  7230.31  1.62
610.5  442531.65  7193.12  1.63
612.0  440116.95  7164.73  1.63
613.5  437017.00  7123.69  1.63
615.0  434157.85  7091.53  1.63
616.6  430482.40  7043.98  1.64
618.1  430617.60  7058.77  1.64
619.6  432896.00  7104.48  1.64
621.2  434257.60  7138.82  1.64
622.7  432652.80  7123.20  1.65
624.2  429840.90  7087.52  1.65
625.8  426346.70  7039.82  1.65
627.3  424331.75  7014.76  1.65
628.8  421879.85  6984.53  1.66
630.3  420114.20  6968.08  1.66
631.8  419039.40  6968.68  1.66
633.4  419901.90  7002.03  1.67
634.9  420885.65  7039.25  1.67
636.4  422183.50  7084.08  1.68
638.0  424172.40  7137.37  1.68
639.5  423990.00  7153.44  1.69
641.0  422653.00  7152.07  1.69
642.5  421833.30  7157.37  1.70
644.0  421271.00  7168.96  1.70
645.5  419966.70  7158.36  1.70
647.1  417949.60  7137.32  1.71
648.6  415557.40  7103.90  1.71
650.1  413649.00  7080.00  1.71
651.6  414124.35  7091.31  1.71
653.1  414772.35  7093.54  1.71
654.7  411343.00  7013.45  1.71
656.2  399313.35  6778.96  1.70
657.7  393034.40  6626.88  1.69
659.2  397868.25  6649.64  1.67
660.7  404394.75  6698.37  1.66
662.2  410293.00  6735.92  1.64
663.7  412939.35  6734.55  1.63
665.2  413511.70  6707.94  1.62
666.8  413564.10  6684.63  1.62
668.3  413205.00  6662.14  1.61
669.8  412697.45  6646.43  1.61
671.3  411507.10  6625.55  1.61
672.8  410731.70  6613.44  1.61
674.3  410028.30  6606.76  1.61
675.8  409807.50  6608.43  1.61
677.3  409311.00  6614.38  1.62
678.8  408740.20  6618.63  1.62
680.3  407730.80  6624.32  1.62
681.8  406469.35  6628.45  1.63
683.3  403859.50  6610.07  1.64
684.8  398711.80  6553.92  1.64
686.3  383302.40  6319.72  1.65
687.8  363636.00  6011.46  1.65
689.3  355746.30  5890.64  1.66
690.8  356316.00  5903.09  1.66
692.3  362143.95  5990.82  1.65
693.8  366840.20  6043.45  1.65
695.3  370058.00  6067.39  1.64
696.8  373954.80  6086.46  1.63
698.3  374640.00  6035.68  1.61
699.8  372790.35  5933.15  1.59
701.3  369652.60  5802.74  1.57
702.8  369124.30  5709.71  1.55
704.2  370628.20  5636.09  1.52
705.7  372412.80  5556.18  1.49
707.2  373027.55  5454.04  1.46
708.7  372892.20  5334.66  1.43
710.2  372813.75  5204.96  1.40
711.7  371771.50  5048.26  1.36
713.2  370054.40  4877.60  1.32
714.7  367146.90  4677.27  1.27
716.2  358738.40  4407.30  1.23
717.6  341766.00  4039.20  1.18
719.1  324278.60  3685.60  1.14
720.6  319654.40  3488.13  1.09
722.1  325528.50  3414.97  1.05
723.6  326176.10  3286.38  1.01
725.0  323415.90  3131.50  0.97
726.5  322317.75  2998.02  0.93
728.0  321583.50  2867.13  0.89
729.5  321201.20  2733.30  0.85
731.0  323594.90  2620.48  0.81
732.4  329250.90  2539.09  0.77
733.9  336409.50  2479.40  0.74
735.4  340749.75  2415.56  0.71
736.8  342456.00  2351.82  0.69
738.3  342666.25  2296.29  0.67
739.8  342053.25  2247.63  0.66
741.2  341043.75  2208.22  0.65
742.7  341348.00  2190.00  0.64
744.2  342980.40  2182.66  0.64
745.7  343709.25  2176.85  0.63
747.1  344170.50  2171.89  0.63
748.6  343636.95  2156.98  0.63
750.0  341884.05  2137.31  0.63
751.5  340082.60  2115.28  0.62
753.0  339140.50  2103.78  0.62
754.4  338644.00  2093.12  0.62
755.9  337437.50  2075.00  0.61
757.3  334480.25  2046.60  0.61
758.8  313030.70  1896.77  0.61
760.3  248454.00  1487.37  0.60
761.7  197728.40  1176.71  0.60
763.2  182622.00  1078.44  0.59
764.6  187945.20  1105.56  0.59
766.1  215913.60  1271.42  0.59
767.5  252198.45  1494.06  0.59
769.0  283042.00  1689.21  0.60
770.4  303107.25  1814.35  0.60
771.9  313880.00  1884.40  0.60
773.3  319082.50  1915.91  0.60
774.8  320677.50  1927.64  0.60
776.2  321445.80  1934.75  0.60
777.7  321274.80  1935.55  0.60
779.1  320346.00  1932.88  0.60
780.5  319586.80  1938.21  0.61
782.0  318949.25  1938.73  0.61
783.4  317644.80  1938.43  0.61
784.9  316490.40  1940.33  0.61
786.3  315515.20  1941.63  0.62
787.8  313650.80  1938.76  0.62
789.2  311090.85  1928.23  0.62
790.6  308179.80  1921.61  0.62
792.0  305461.10  1914.23  0.63
793.5  302445.00  1908.58  0.63
794.9  300910.95  1909.81  0.63
796.3  300833.40  1918.21  0.64
797.8  301491.30  1940.76  0.64
799.2  301384.50  1953.37  0.65
800.6  299990.00  1951.08  0.65
802.1  298690.50  1950.33  0.65
803.5  297422.40  1950.65  0.66
804.9  296392.20  1956.71  0.66
806.3  296182.50  1962.82  0.66
807.8  295764.95  1963.16  0.66
809.2  293752.35  1948.24  0.66
810.6  291604.50  1925.54  0.66
812.0  288699.80  1894.72  0.66
813.4  282306.25  1840.25  0.65
814.8  272069.90  1756.89  0.65
816.3  261241.20  1669.04  0.64
817.7  253562.40  1603.21  0.63
819.1  250484.60  1568.37  0.63
820.5  253638.00  1577.73  0.62
821.9  255705.65  1556.06  0.61
823.3  249918.90  1506.20  0.60
824.7  253153.10  1491.99  0.59
826.1  259705.60  1483.33  0.57
827.5  261396.75  1452.90  0.56
828.9  259590.00  1389.57  0.54
830.3  259275.50  1341.62  0.52
831.7  259315.80  1297.89  0.50
833.2  259314.45  1255.99  0.48
834.5  261283.40  1237.52  0.47
835.9  264699.50  1228.86  0.46
837.3  267917.00  1217.05  0.45
838.7  269928.75  1200.63  0.44
840.1  271410.20  1203.72  0.44
841.5  272043.40  1198.10  0.44
842.9  271750.35  1194.35  0.44
844.3  270894.00  1184.04  0.44
845.7  270909.20  1182.48  0.44
847.1  270973.10  1171.19  0.43
848.5  269447.50  1149.44  0.43
849.9  264166.70  1121.09  0.42
851.2  260881.50  1091.54  0.42
852.6  259764.30  1086.41  0.42
854.0  250950.70  1039.32  0.41
855.4  245494.70  1005.96  0.41
856.8  251457.15  1025.39  0.41
858.2  256958.40  1042.19  0.41
859.5  259673.00  1051.84  0.41
860.9  260172.00  1044.19  0.40
862.3  260600.60  1039.56  0.40
863.7  260740.85  1033.63  0.40
865.0  257358.00  1017.80  0.40
866.4  247246.30  972.05  0.39
867.8  244249.50  958.35  0.39
869.1  247197.00  973.69  0.39
870.5  250335.45  966.21  0.39
871.9  252256.50  966.50  0.38
873.2  252453.00  962.84  0.38
874.6  251388.90  950.88  0.38
876.0  250549.40  950.84  0.38
877.3  250280.80  938.55  0.38
878.7  250131.20  933.88  0.37
880.0  248382.60  895.26  0.36
881.4  246788.25  897.80  0.36
882.8  246961.65  892.22  0.36
884.1  247173.75  882.30  0.36
885.5  246643.95  875.40  0.35
886.8  244701.60  851.14  0.35
888.2  244092.80  852.53  0.35
889.5  243959.10  845.00  0.35
890.9  244012.00  847.14  0.35
892.2  242009.70  816.03  0.34
893.6  238410.50  797.85  0.33
894.9  232457.40  766.08  0.33
896.2  223330.00  733.11  0.33
897.6  213528.00  703.56  0.33
898.9  203592.00  658.68  0.32
900.3  196211.60  642.24  0.33
901.6  193431.00  625.13  0.32
903.0  197403.40  607.00  0.31
904.3  207151.95  666.88  0.32
905.6  211882.45  685.89  0.32
907.0  207977.25  663.59  0.32
908.3  199764.50  623.92  0.31
909.6  194492.45  593.74  0.31
911.0  193465.60  590.52  0.31
912.3  193970.00  564.80  0.29
913.6  191929.20  572.32  0.30
914.9  190286.80  574.67  0.30
916.2  189125.30  564.11  0.30
917.6  189266.10  559.67  0.30
918.9  192549.65  555.37  0.29
920.2  198325.40  569.30  0.29
921.5  200390.40  577.02  0.29
922.9  199704.00  591.48  0.30
924.2  198045.70  554.79  0.28
925.5  197004.50  530.15  0.27
926.8  196662.40  524.88  0.27
928.1  190321.80  499.43  0.26
929.4  177356.85  452.83  0.26
930.7  159767.20  440.50  0.28
932.0  138477.20  385.45  0.28
933.4  117497.80  306.52  0.26
934.7  103707.90  253.67  0.24
936.0  98984.25  227.55  0.23
937.3  97430.30  231.06  0.24
938.6  105500.30  272.51  0.26
939.9  121044.00  290.82  0.24
941.2  128156.00  334.32  0.26
942.5  126858.90  324.24  0.26
943.8  119987.50  281.35  0.23
945.1  115326.60  294.63  0.26
946.4  114543.20  307.73  0.27
947.7  117126.00  303.66  0.26
949.0  119619.40  291.32  0.24
950.2  121095.00  278.07  0.23
951.5  123535.35  273.51  0.22
952.8  123184.60  259.34  0.21
954.1  125259.40  282.54  0.23
955.4  124540.00  287.40  0.23
956.7  126542.00  282.29  0.22
958.0  130521.60  296.64  0.23
959.3  130858.00  281.85  0.22
960.5  134603.40  307.08  0.23
961.8  139000.20  301.95  0.22
963.1  142596.90  318.06  0.22
964.4  146109.65  323.49  0.22
965.7  148657.05  285.25  0.19
966.9  153628.75  301.67  0.20
968.2  163346.05  341.49  0.21
969.5  170864.00  347.52  0.20
970.8  175820.00  436.60  0.25
972.0  177486.75  409.12  0.23
973.3  174319.20  405.11  0.23
974.6  170258.40  388.09  0.23
975.8  167807.15  370.07  0.22
977.1  169156.00  390.36  0.23
978.4  170558.05  398.19  0.23
979.6  171869.10  378.92  0.22
980.9  174759.75  359.19  0.21
982.2  178301.75  352.38  0.20
983.4  180544.30  388.42  0.22
984.7  182716.20  410.93  0.22
985.9  184413.90  434.80  0.24
987.2  186186.60  459.72  0.25
988.5  186270.70  453.94  0.24
989.7  187363.80  416.36  0.22
991.0  187459.40  409.30  0.22
992.2  187544.00  401.88  0.21
993.5  187639.20  411.26  0.22
994.7  187517.50  420.60  0.22
996.0  187399.85  376.59  0.20
997.2  187741.20  404.93  0.22
998.5  187159.50  434.82  0.23
999.7  186307.20  446.36  0.24
1001.0  186139.80  497.70  0.27
1002.2  184194.65  508.83  0.28
1003.4  182991.45  475.57  0.26
1004.7  179738.35  436.36  0.24
1005.9  176766.00  457.51  0.26
1007.2  177215.85  455.99  0.26
1008.4  176936.40  390.91  0.22
1009.6  177376.90  410.12  0.23
1010.9  177575.70  408.22  0.23
1012.1  176209.15  448.16  0.25
1013.3  176356.20  428.15  0.24
1014.6  175715.20  429.07  0.24
1015.8  175548.60  451.70  0.26
1017.1  174593.90  433.90  0.25
1018.3  175148.40  396.17  0.23
1019.5  175412.20  443.81  0.25
1020.8  174858.25  429.10  0.25
1022.0  173461.05  436.38  0.25
1023.2  173643.60  445.24  0.26
1024.4  173830.95  522.63  0.30
1025.7  174037.50  487.31  0.28
1026.9  174812.40  475.68  0.27
1028.1  174409.95  487.86  0.28
1029.3  174951.00  424.88  0.24
1030.6  174284.00  410.08  0.24
1031.8  174259.80  501.66  0.29
1033.0  173593.60  515.36  0.30
1034.2  174281.25  529.82  0.30
1035.4  173580.55  430.37  0.25
1036.7  173967.40  442.29  0.25
1037.9  174380.25  363.92  0.21
1039.1  172888.05  342.66  0.20
1040.3  174874.15  513.39  0.29
1041.5  174481.30  559.66  0.32
1042.7  174075.15  676.02  0.39
1043.9  175391.55  520.97  0.30
1045.2  174577.20  463.16  0.27
1046.4  173726.50  475.46  0.27
1047.6  174272.70  562.17  0.32
1048.8  172926.00  499.56  0.29
1050.0  173492.00  512.59  0.30
1051.2  174059.70  485.75  0.28
1052.4  174178.20  456.18  0.26
1053.6  173811.30  508.72  0.29
1054.8  173944.00  521.83  0.30
1056.0  174088.20  535.66  0.31
1057.2  173169.80  592.42  0.34
1058.4  172220.20  605.10  0.35
1059.7  171784.80  477.18  0.28
1060.9  170747.50  439.07  0.26
1062.1  170238.00  550.77  0.32
1063.3  169705.80  411.41  0.24
1064.5  171795.00  475.74  0.28
1065.7  170663.85  595.97  0.35
1066.9  171609.80  664.30  0.39
1068.1  170433.00  511.30  0.30
1069.3  168530.60  464.91  0.28
1070.5  166527.20  475.79  0.29
1071.7  170497.60  426.24  0.25
1072.9  168431.40  499.06  0.30
1074.1  167744.20  580.65  0.35
1075.3  168570.00  606.85  0.36
1076.5  167858.85  592.44  0.35
