/*** Spectra Vista SIG Data ***/
name= 230503_1611_R882_T889.sig
instrument= HK: 9202056 (HR-512i)
integration= 10.0, 0.0, 0.0, 70.0, 0.0, 0.0
scan method= Time-based, Time-based
scan coadds= 500, 0, 0, 71, 0, 0
scan time= 5, 5
scan settings= AI, AI
external data set1= 0,0,0,0,0,0,0,0,0,0,0,0,0,0,0,0,0,0,0,0,0,0,0,0,0,0,0,0,0,0,0,0
external data set2= 0,0,0,0,0,0,0,0,0,0,0,0,0,0,0,0,0,0,0,0,0,0,0,0,0,0,0,0,0,0,0,0
external data dark= 0,0,0,0,0,0,0,0,0,0,0,0,0,0,0,0
external data mask= 0
optic= LENS 4(1), LENS 4(1)
temp= 22.5, 0.0, 0.0, 24.4, 0.0, 0.0
battery= 8.35, 8.29
error= 0, 0
units= Radiance, Radiance
time= 5/3/2023 4:07:50 PM, 5/3/2023 4:11:44 PM
longitude= 07755.9963W     , 07756.0436W     
latitude= 3404.2484N      , 3404.2498N      
gpstime= 171645.000      , 172037.000      
comm= 
memory slot= 882, 889
factors= 1.000, 1.000, 1.000 [Overlap: Preserve, Matching Type: None]
inclinometer x offset= 5, 5
inclinometer y offset= -12, 10
data= 
339.7  89025.75  42932.76  48.23
341.4  96459.00  46205.97  47.90
343.0  101201.60  47842.49  47.27
344.7  103521.50  48281.04  46.64
346.4  108854.10  50063.70  45.99
348.0  114551.95  51929.66  45.33
349.7  120322.80  53773.20  44.69
351.3  130405.25  57390.01  44.01
353.0  137577.30  59649.30  43.36
354.6  147143.10  62745.37  42.64
356.2  148013.25  61964.10  41.86
357.9  138651.75  56791.93  40.96
359.5  139255.20  55716.11  40.01
361.2  150062.10  58931.13  39.27
362.8  158062.10  60987.75  38.58
364.5  168433.80  64003.46  38.00
366.1  183526.90  68655.80  37.41
367.7  194889.60  71791.46  36.84
369.4  196927.50  71354.25  36.23
371.0  198862.30  70844.80  35.63
372.6  194405.25  68042.68  35.00
374.3  184698.50  63478.64  34.37
375.9  186908.70  63074.71  33.75
377.5  203759.40  67694.90  33.22
379.1  216929.90  71033.05  32.74
380.8  212693.60  68567.20  32.24
382.4  198202.50  62854.07  31.71
384.0  177820.20  55407.54  31.16
385.6  184295.80  56442.84  30.63
387.3  195530.40  59034.86  30.19
388.9  205151.80  61080.63  29.77
390.5  221487.75  65021.55  29.36
392.1  231018.75  66885.43  28.95
393.8  209680.00  59840.00  28.54
395.4  210634.20  58976.70  28.00
397.0  223288.00  61498.64  27.54
398.6  249775.90  67718.99  27.11
400.2  305591.60  81592.51  26.70
401.8  342851.25  90307.75  26.34
403.4  361713.80  93859.40  25.95
405.0  363900.00  92931.43  25.54
406.6  360995.25  90626.25  25.10
408.3  363227.55  89596.50  24.67
409.9  370751.20  89879.54  24.24
411.5  375756.75  89616.21  23.85
413.1  388900.00  91250.00  23.46
414.7  394852.50  91259.40  23.11
416.3  398684.00  90788.50  22.77
417.9  397869.90  89312.19  22.45
419.5  394143.60  87228.19  22.13
421.1  396542.00  86511.03  21.82
422.7  398855.60  85827.34  21.52
424.3  395707.50  84031.97  21.24
425.9  395076.00  82772.09  20.95
427.5  389430.50  80501.00  20.67
429.1  377970.80  77104.31  20.40
430.7  355084.05  71526.77  20.14
432.3  359071.05  71259.78  19.85
433.9  385620.20  75417.10  19.56
435.5  402911.45  77812.25  19.31
437.1  423548.00  80717.43  19.06
438.7  424333.60  79888.69  18.83
440.3  424876.55  78970.50  18.59
441.9  439301.25  80532.64  18.33
443.5  457170.50  82672.99  18.08
445.0  467751.25  83495.18  17.85
446.6  470122.95  82847.36  17.62
448.2  479873.25  83455.73  17.39
449.8  492571.95  84573.45  17.17
451.4  505527.30  85721.29  16.96
453.0  503280.25  84343.68  16.76
454.6  495901.50  82118.01  16.56
456.2  497777.70  81408.51  16.35
457.8  502901.10  81244.82  16.16
459.3  503165.70  80341.82  15.97
460.9  504639.30  79632.46  15.78
462.5  510979.20  79682.40  15.59
464.1  511387.20  78837.26  15.42
465.7  506368.80  77193.60  15.24
467.2  501388.00  75562.14  15.07
468.8  499100.70  74325.62  14.89
470.4  497218.50  73183.50  14.72
472.0  499169.85  72595.41  14.54
473.6  504886.25  72539.58  14.37
475.1  508563.50  72172.53  14.19
476.7  509231.90  71380.60  14.02
478.3  512771.10  71015.64  13.85
479.9  516427.65  70772.01  13.70
481.5  519042.70  70442.34  13.57
483.0  517871.35  69619.69  13.44
484.6  507763.20  67605.94  13.31
486.2  484390.55  63879.45  13.19
487.8  471290.40  61484.40  13.05
489.3  480337.50  61939.29  12.89
490.9  490668.00  62586.34  12.76
492.5  491873.80  62102.78  12.63
494.0  495305.00  61888.36  12.49
495.6  499833.25  61794.85  12.36
497.2  501096.40  61307.81  12.23
498.8  495579.85  60021.14  12.11
500.3  487673.80  58459.59  11.99
501.9  478506.75  56752.25  11.86
503.5  476749.00  55900.37  11.73
505.0  478872.65  55527.75  11.60
506.6  482665.05  55399.18  11.48
508.2  480524.40  54640.29  11.37
509.7  478930.50  53958.99  11.27
511.3  477982.50  53364.57  11.16
512.9  473108.85  52350.30  11.07
514.4  464179.50  50891.43  10.96
516.0  453810.00  49302.86  10.86
517.5  439345.80  47339.81  10.78
519.1  438423.05  46798.24  10.67
520.7  447832.00  47326.40  10.57
522.2  453108.00  47436.21  10.47
523.8  459103.90  47620.66  10.37
525.4  461858.05  47473.89  10.28
526.9  456025.20  46465.61  10.19
528.5  459494.40  46361.36  10.09
530.0  467281.50  46699.50  9.99
531.6  470502.80  46596.29  9.90
533.2  467684.10  45916.67  9.82
534.7  470008.00  45728.00  9.73
536.3  470848.60  45405.34  9.64
537.8  468639.85  44812.75  9.56
539.4  464728.80  44061.43  9.48
541.0  460340.40  43261.03  9.40
542.5  460588.80  42890.40  9.31
544.1  463947.30  42820.24  9.23
545.6  465672.75  42608.14  9.15
547.2  465150.70  42208.66  9.07
548.7  465192.00  41864.00  9.00
550.3  465995.10  41585.59  8.92
551.8  466470.90  41281.65  8.85
553.4  467867.40  41049.17  8.77
554.9  469856.20  40868.73  8.70
556.5  468163.60  40371.09  8.62
558.0  464035.00  39677.50  8.55
559.6  460113.50  39002.25  8.48
561.1  462529.60  38850.36  8.40
562.7  465508.30  38756.95  8.33
564.2  469074.25  38712.34  8.25
565.8  468456.60  38325.94  8.18
567.3  468133.25  37951.16  8.11
568.9  467778.50  37555.53  8.03
570.4  465501.60  37020.47  7.95
572.0  466139.25  36711.11  7.88
573.5  469813.05  36653.10  7.80
575.1  471017.60  36419.20  7.73
576.6  470096.50  36037.93  7.67
578.2  468301.35  35606.54  7.60
579.7  467624.30  35296.81  7.55
581.2  469827.70  35218.53  7.50
582.8  473637.00  35282.41  7.45
584.3  474726.00  35129.11  7.40
585.9  472479.90  34718.44  7.35
587.4  468018.00  34089.43  7.28
588.9  457943.25  33007.32  7.21
590.5  451318.50  32163.74  7.13
592.0  452946.45  31959.09  7.06
593.6  455218.40  31844.43  7.00
595.1  455917.00  31649.67  6.94
596.6  456591.20  31480.91  6.89
598.2  456580.25  31289.89  6.85
599.7  454843.85  30984.20  6.81
601.2  452409.30  30638.35  6.77
602.8  451507.25  30383.99  6.73
604.3  452986.20  30273.96  6.68
605.8  454454.80  30164.94  6.64
607.4  454021.20  29920.24  6.59
608.9  451418.05  29529.43  6.54
610.5  448575.05  29132.56  6.49
612.0  446082.00  28766.68  6.45
613.5  442939.75  28368.54  6.40
615.0  440037.50  27980.50  6.36
616.6  436310.40  27539.31  6.31
618.1  436363.20  27334.80  6.26
619.6  438634.00  27267.71  6.22
621.2  440025.80  27160.20  6.17
622.7  438412.80  26863.54  6.13
624.2  435568.50  26498.44  6.08
625.8  431994.45  26079.81  6.04
627.3  430023.00  25719.96  5.98
628.8  427575.05  25345.90  5.93
630.3  425787.10  25054.36  5.88
631.8  424641.10  24853.59  5.85
633.4  425437.10  24797.93  5.83
634.9  426345.30  24759.01  5.81
636.4  427683.05  24739.11  5.78
638.0  429676.80  24763.84  5.76
639.5  429492.00  24672.00  5.74
641.0  428116.15  24520.65  5.73
642.5  427256.20  24387.80  5.71
644.0  426689.00  24252.00  5.68
645.5  425422.50  24050.06  5.65
647.1  423486.80  23799.37  5.62
648.6  421176.60  23555.49  5.59
650.1  419136.00  23389.29  5.58
651.6  419608.25  23406.11  5.58
653.1  420298.35  23446.03  5.58
654.7  416918.15  23237.60  5.57
656.2  404818.20  22503.34  5.56
657.7  398132.00  22082.86  5.55
659.2  402897.95  22287.94  5.53
660.7  409504.00  22565.29  5.51
662.2  415439.70  22758.17  5.48
663.7  418075.05  22757.66  5.44
665.2  418722.60  22652.46  5.41
666.8  418742.20  22526.83  5.38
668.3  418388.40  22361.27  5.34
669.8  417886.15  22202.32  5.31
671.3  416711.70  22010.83  5.28
672.8  415973.40  21807.45  5.24
674.3  415267.80  21592.44  5.20
675.8  415009.00  21404.79  5.16
677.3  414523.20  21235.70  5.12
678.8  413910.20  21064.06  5.09
680.3  412908.50  20875.17  5.06
681.8  411648.65  20664.35  5.02
683.3  409034.45  20379.70  4.98
684.8  403876.60  19952.11  4.94
686.3  388614.00  18962.26  4.88
687.8  368768.40  17706.00  4.80
689.3  360636.85  17050.20  4.73
690.8  361063.20  16859.66  4.67
692.3  366968.10  16975.62  4.63
693.8  371908.90  17036.24  4.58
695.3  375312.60  17049.50  4.54
696.8  379012.80  17124.94  4.52
698.3  379568.00  17056.00  4.49
699.8  377669.95  16848.88  4.46
701.3  374461.80  16597.99  4.43
702.8  373939.20  16492.77  4.41
704.2  375362.60  16485.86  4.39
705.7  377076.00  16508.80  4.38
707.2  377677.70  16493.14  4.37
708.7  377484.60  16431.94  4.35
710.2  377357.00  16370.97  4.34
711.7  376319.00  16279.29  4.33
713.2  374610.40  16141.26  4.31
714.7  371765.10  15948.90  4.29
716.2  363688.00  15432.91  4.24
717.6  347274.00  14472.00  4.17
719.1  330132.20  13511.29  4.09
720.6  325312.00  13203.66  4.06
722.1  330924.00  13461.50  4.07
723.6  331700.80  13448.39  4.05
725.0  329015.70  13238.74  4.02
726.5  327987.90  13133.36  4.00
728.0  327229.20  13054.69  3.99
729.5  326761.20  13002.46  3.98
731.0  328900.65  13068.90  3.97
732.4  334243.80  13319.74  3.99
733.9  341086.55  13668.90  4.01
735.4  345225.10  13871.16  4.02
736.8  346845.00  13940.57  4.02
738.3  346967.50  13936.05  4.02
739.8  346211.25  13909.50  4.02
741.2  344991.15  13857.36  4.02
742.7  345202.40  13849.14  4.01
744.2  346743.60  13885.20  4.00
745.7  347382.75  13872.96  3.99
747.1  347931.60  13858.93  3.98
748.6  347306.10  13791.54  3.97
750.0  345523.05  13663.58  3.95
751.5  343748.60  13546.74  3.94
753.0  342648.85  13453.07  3.93
754.4  342178.00  13365.43  3.91
755.9  341000.00  13258.93  3.89
757.3  338074.10  13096.39  3.87
758.8  316977.00  12148.06  3.83
760.3  252388.50  9426.21  3.73
761.7  200797.50  7201.66  3.59
763.2  185526.00  6420.86  3.46
764.6  190542.60  6507.77  3.42
766.1  218467.20  7603.20  3.48
767.5  254844.60  9111.29  3.58
769.0  285919.00  10402.21  3.64
770.4  306154.25  11258.07  3.68
771.9  317030.00  11700.00  3.69
773.3  322195.50  11906.21  3.70
774.8  323895.00  11981.36  3.70
776.2  324627.00  11970.81  3.69
777.7  324493.40  11923.45  3.67
779.1  323528.00  11850.57  3.66
780.5  322809.65  11788.56  3.65
782.0  322134.95  11713.41  3.64
783.4  320870.40  11618.74  3.62
784.9  319680.20  11525.51  3.61
786.3  318746.00  11437.26  3.59
787.8  316924.65  11315.89  3.57
789.2  314490.75  11147.97  3.54
790.6  311625.90  10982.98  3.52
792.0  308959.70  10852.80  3.51
793.5  305744.40  10707.94  3.50
794.9  304091.10  10620.96  3.49
796.3  304065.35  10569.35  3.48
797.8  304684.50  10542.63  3.46
799.2  304628.10  10490.21  3.44
800.6  303287.60  10416.23  3.43
802.1  302040.30  10341.84  3.42
803.5  300733.40  10243.83  3.41
804.9  299566.80  10183.46  3.40
806.3  299310.50  10138.07  3.39
807.8  298944.15  10105.31  3.38
809.2  296884.90  9989.51  3.36
810.6  294789.75  9849.32  3.34
812.0  292042.20  9713.85  3.33
813.4  285918.75  9380.36  3.28
814.8  276067.75  8937.28  3.24
816.3  265529.25  8481.86  3.19
817.7  257922.60  8145.43  3.16
819.1  254689.65  8036.68  3.16
820.5  257565.00  8151.00  3.16
821.9  259578.20  8231.26  3.17
823.3  253976.80  7962.35  3.14
824.7  256913.40  8057.79  3.14
826.1  263278.40  8307.20  3.16
827.5  265154.25  8355.96  3.15
828.9  263407.50  8253.07  3.13
830.3  262894.50  8216.61  3.13
831.7  262986.60  8203.11  3.12
833.2  262906.80  8211.09  3.12
834.5  264525.80  8279.70  3.13
835.9  267853.95  8385.74  3.13
837.3  270980.50  8474.36  3.13
838.7  272753.75  8535.54  3.13
840.1  274132.90  8557.06  3.12
841.5  274806.00  8557.83  3.11
842.9  274404.45  8573.16  3.12
844.3  273585.00  8542.86  3.12
845.7  273638.00  8511.26  3.11
847.1  273586.00  8519.37  3.11
848.5  272095.25  8455.00  3.11
849.9  266693.10  8255.91  3.10
851.2  263282.25  8139.69  3.09
852.6  262196.55  8084.34  3.08
854.0  253417.45  7799.63  3.08
855.4  247826.40  7589.92  3.06
856.8  253649.60  7733.81  3.05
858.2  259350.30  7883.51  3.04
859.5  261922.00  7933.29  3.03
860.9  262800.00  7984.11  3.04
862.3  263084.20  7957.66  3.02
863.7  263073.70  7947.07  3.02
865.0  259720.75  7841.21  3.02
866.4  249823.70  7521.80  3.01
867.8  246486.90  7378.09  2.99
869.1  249461.40  7440.17  2.98
870.5  252626.85  7528.89  2.98
871.9  254576.10  7566.31  2.97
873.2  254801.40  7548.43  2.96
874.6  253766.10  7527.80  2.97
876.0  252956.60  7479.51  2.96
877.3  252515.45  7458.51  2.95
878.7  252393.90  7405.20  2.93
880.0  250672.80  7346.49  2.93
881.4  248895.75  7255.82  2.92
882.8  249096.15  7257.30  2.91
884.1  249552.50  7259.82  2.91
885.5  248832.45  7222.05  2.90
886.8  247139.75  7156.13  2.90
888.2  246336.30  7115.10  2.89
889.5  246457.75  7106.55  2.88
890.9  246083.80  7070.43  2.87
892.2  244341.20  7027.81  2.88
893.6  240771.00  6845.45  2.84
894.9  235090.80  6634.80  2.82
896.2  226243.00  6311.50  2.79
897.6  216972.00  5939.14  2.74
898.9  207085.00  5631.57  2.72
900.3  200004.35  5382.09  2.69
901.6  196761.60  5270.40  2.68
903.0  200775.60  5373.29  2.68
904.3  210302.55  5701.09  2.71
905.6  215072.65  5848.70  2.72
907.0  211214.25  5741.82  2.72
908.3  203321.95  5473.00  2.69
909.6  197821.85  5271.55  2.66
911.0  197121.20  5222.29  2.65
912.3  197678.25  5256.75  2.66
913.6  195686.85  5161.61  2.64
914.9  194098.40  5026.29  2.59
916.2  192985.00  5047.30  2.62
917.6  192876.90  5029.33  2.61
918.9  195906.30  5187.55  2.65
920.2  201419.40  5348.20  2.66
921.5  203526.40  5465.60  2.69
922.9  202566.00  5406.00  2.67
924.2  200948.65  5252.96  2.61
925.5  199949.75  5236.00  2.62
926.8  199652.20  5220.29  2.61
928.1  193358.85  5061.75  2.62
929.4  180787.35  4606.67  2.55
930.7  163612.80  4145.26  2.53
932.0  142403.10  3518.01  2.47
933.4  122241.50  2919.20  2.39
934.7  108184.50  2558.06  2.36
936.0  103535.25  2438.04  2.35
937.3  101666.40  2365.61  2.33
938.6  109782.60  2558.26  2.33
939.9  125367.00  2919.43  2.33
941.2  132136.00  3240.86  2.45
942.5  131317.20  3126.60  2.38
943.8  124538.75  3014.46  2.42
945.1  119956.50  2826.04  2.36
946.4  118817.20  2808.63  2.36
947.7  121030.20  2850.69  2.36
949.0  123150.60  2963.69  2.41
950.2  125580.00  2947.29  2.35
951.5  127638.00  2995.59  2.35
952.8  127352.50  2977.07  2.34
954.1  129026.60  3027.21  2.35
955.4  128851.00  2874.00  2.23
956.7  130922.30  3128.79  2.39
958.0  134476.80  3248.91  2.42
959.3  134884.40  3307.40  2.45
960.5  138186.00  3290.14  2.38
961.8  142644.40  3421.09  2.40
963.1  146307.60  3483.51  2.38
964.4  149344.55  3620.01  2.42
965.7  151948.35  3761.49  2.48
966.9  157539.30  3830.74  2.43
968.2  166760.95  4227.97  2.54
969.5  174339.20  4385.37  2.52
970.8  178180.00  4467.14  2.51
972.0  179893.35  4469.40  2.48
973.3  176774.40  4384.29  2.48
974.6  173388.15  4292.23  2.48
975.8  170359.35  4284.05  2.51
977.1  171758.40  4368.31  2.54
978.4  173876.30  4361.13  2.51
979.6  174575.70  4446.56  2.55
980.9  177522.75  4440.54  2.50
982.2  181120.75  4530.54  2.50
983.4  182702.20  4624.07  2.53
984.7  184917.60  4822.11  2.61
985.9  186662.85  4819.18  2.58
987.2  188485.20  4925.57  2.61
988.5  188618.65  4919.51  2.61
989.7  188965.20  4804.20  2.54
991.0  189096.60  4794.66  2.54
992.2  189218.50  4903.89  2.59
993.5  190209.60  4896.00  2.57
994.7  189270.00  4881.96  2.58
996.0  190089.80  4995.62  2.63
997.2  189581.80  4864.44  2.57
998.5  189050.00  4861.29  2.57
999.7  189218.25  4990.37  2.64
1001.0  188130.60  4977.00  2.65
1002.2  186229.95  4942.87  2.65
1003.4  185059.15  4726.17  2.55
1004.7  181816.25  4749.49  2.61
1005.9  178845.60  4753.37  2.66
1007.2  178252.20  4589.55  2.57
1008.4  177965.10  4555.67  2.56
1009.6  178402.20  4540.61  2.55
1010.9  178596.25  4665.37  2.61
1012.1  178246.25  4656.23  2.61
1013.3  178395.00  4660.11  2.61
1014.6  177758.40  4524.23  2.55
1015.8  177601.80  4546.37  2.56
1017.1  177693.20  4575.16  2.57
1018.3  177233.50  4765.94  2.69
1019.5  177525.60  4679.67  2.64
1020.8  177003.75  4597.50  2.60
1022.0  176733.90  4519.65  2.56
1023.2  175869.80  4611.41  2.62
1024.4  176103.25  4544.60  2.58
1025.7  176358.00  4641.00  2.63
1026.9  176001.60  4586.91  2.61
1028.1  176849.25  4530.13  2.56
1029.3  176200.65  4641.56  2.63
1030.6  175565.50  4576.79  2.61
1031.8  176900.10  4714.82  2.67
1033.0  176306.00  4649.83  2.64
1034.2  175675.50  4780.29  2.72
1035.4  175015.10  4508.59  2.58
1036.7  175441.70  4633.51  2.64
1037.9  175896.60  4765.67  2.71
1039.1  176003.15  4450.14  2.53
1040.3  176478.50  4583.86  2.60
1041.5  176127.35  4467.85  2.54
1042.7  177455.25  4828.71  2.72
1043.9  177128.10  4713.49  2.66
1045.2  176358.60  4835.23  2.74
1046.4  175555.20  4702.37  2.68
1047.6  174272.70  4550.90  2.61
1048.8  174847.40  4391.77  2.51
1050.0  175463.50  4787.93  2.73
1051.2  176083.65  4915.31  2.79
1052.4  176251.75  4739.54  2.69
1053.6  175930.95  4844.91  2.75
1054.8  176118.30  4659.21  2.65
1056.0  176320.10  4463.80  2.53
1057.2  175448.35  4557.10  2.60
1058.4  174547.50  4987.07  2.86
1059.7  174170.70  4430.96  2.54
1060.9  173186.75  4878.50  2.82
1062.1  170238.00  5007.00  2.94
1063.3  172277.10  4775.27  2.77
1064.5  174438.00  4530.86  2.60
1065.7  173372.80  4643.91  2.68
1066.9  174377.70  4744.97  2.72
1068.1  176114.10  4869.51  2.76
1069.3  171436.30  4981.20  2.91
1070.5  172474.60  4248.14  2.46
1071.7  170497.60  4349.43  2.55
1072.9  171550.50  4455.86  2.60
1074.1  170970.05  4608.36  2.70
1075.3  171941.40  4816.29  2.80
1076.5  171150.20  4701.93  2.75
