/*** Spectra Vista SIG Data ***/
name= 230505_1433_R930_T937.sig
instrument= HK: 9202056 (HR-512i)
integration= 10.0, 0.0, 0.0, 50.0, 0.0, 0.0
scan method= Time-based, Time-based
scan coadds= 500, 0, 0, 100, 0, 0
scan time= 5, 5
scan settings= AI, AI
external data set1= 0,0,0,0,0,0,0,0,0,0,0,0,0,0,0,0,0,0,0,0,0,0,0,0,0,0,0,0,0,0,0,0
external data set2= 0,0,0,0,0,0,0,0,0,0,0,0,0,0,0,0,0,0,0,0,0,0,0,0,0,0,0,0,0,0,0,0
external data dark= 0,0,0,0,0,0,0,0,0,0,0,0,0,0,0,0
external data mask= 0
optic= LENS 4(1), LENS 4(1)
temp= 25.1, 0.0, 0.0, 27.0, 0.0, 0.0
battery= 8.27, 8.24
error= 0, 0
units= Radiance, Radiance
time= 5/5/2023 2:29:13 PM, 5/5/2023 2:33:12 PM
longitude= 07745.5848W     , 07745.9304W     
latitude= 3411.3895N      , 3411.1396N      
gpstime= 153714.000      , 154114.000      
comm= 
memory slot= 930, 937
factors= 1.000, 1.000, 1.000 [Overlap: Preserve, Matching Type: None]
inclinometer x offset= 5, 8
inclinometer y offset= -14, 7
data= 
339.7  56113.20  53703.21  95.71
341.4  60656.20  57875.40  95.42
343.0  63251.00  60088.45  95.00
344.7  64901.25  60991.15  93.98
346.4  68588.80  63658.98  92.81
348.0  72054.50  66260.73  91.96
349.7  75956.40  69132.96  91.02
351.3  82203.10  73982.79  90.00
353.0  86771.30  77278.60  89.06
354.6  92891.40  81728.82  87.98
356.2  92492.40  80676.75  87.23
357.9  86673.00  74423.55  85.87
359.5  88170.40  74146.64  84.09
361.2  94660.20  78736.74  83.18
362.8  100040.85  82133.66  82.10
364.5  106788.00  86740.98  81.23
366.1  116811.90  93716.38  80.23
367.7  123373.80  98071.92  79.49
369.4  124840.10  98034.09  78.53
371.0  125989.50  97715.80  77.56
372.6  122813.25  94176.45  76.68
374.3  116983.50  88449.80  75.61
375.9  119662.95  88948.31  74.33
377.5  130891.80  96144.75  73.45
379.1  138454.25  100847.23  72.84
380.8  135340.80  97547.52  72.08
382.4  125235.00  89465.40  71.44
384.0  113495.85  79778.25  70.29
385.6  118850.40  82301.96  69.25
387.3  125892.00  86430.24  68.65
388.9  132512.60  89935.96  67.87
390.5  143427.35  96245.71  67.10
392.1  148268.25  98751.15  66.60
393.8  134080.00  88496.00  66.00
395.4  137126.85  88730.04  64.71
397.0  144549.60  92796.73  64.20
398.6  164712.90  103734.68  62.98
400.2  200717.20  125175.28  62.36
401.8  224164.50  138513.20  61.79
403.4  235743.20  144124.82  61.14
405.0  237060.00  143208.00  60.41
406.6  235562.25  140448.00  59.62
408.3  238182.00  139937.49  58.75
409.9  243236.80  141118.08  58.02
411.5  247416.75  141670.80  57.26
413.1  256450.00  145100.00  56.58
414.7  260433.60  145779.06  55.98
416.3  263296.00  145766.50  55.36
417.9  262740.00  144008.70  54.81
419.5  260755.35  141457.47  54.25
421.1  262963.20  141188.64  53.69
422.7  264176.00  140631.92  53.23
424.3  262496.20  138430.14  52.74
425.9  262139.35  137023.92  52.27
427.5  258211.50  133810.20  51.82
429.1  250175.85  128605.11  51.41
430.7  234962.25  119905.92  51.03
432.3  240492.85  121162.99  50.38
433.9  257665.10  128893.59  50.02
435.5  269546.20  133760.97  49.62
437.1  282910.00  139308.00  49.24
438.7  282483.20  138228.04  48.93
440.3  283950.45  137698.61  48.49
441.9  294180.75  141440.85  48.08
443.5  305908.20  145940.82  47.71
445.0  312557.50  148017.25  47.36
446.6  314313.45  147741.77  47.00
448.2  321646.90  149954.98  46.62
449.8  330324.15  152898.33  46.29
451.4  339015.70  155749.07  45.94
453.0  336697.90  153742.38  45.66
454.6  332524.35  150658.83  45.31
456.2  334400.15  150352.65  44.96
457.8  337862.60  150846.00  44.65
459.3  338045.40  149900.94  44.34
460.9  339600.80  149491.10  44.02
462.5  344066.40  150380.64  43.71
464.1  344025.60  149401.44  43.43
465.7  340802.40  147010.56  43.14
467.2  337654.50  144670.65  42.85
468.8  336500.70  143136.78  42.54
470.4  335218.50  141636.60  42.25
472.0  337245.30  141410.61  41.93
473.6  341074.25  142026.61  41.64
475.1  343570.00  142062.20  41.35
476.7  344000.50  141228.78  41.05
478.3  346726.05  141357.24  40.77
479.9  349335.45  141644.70  40.55
481.5  351344.80  141736.04  40.34
483.0  350478.20  140701.46  40.15
484.6  343219.20  137095.68  39.94
486.2  327059.95  130045.72  39.76
487.8  320052.60  126335.16  39.47
489.3  326887.50  128205.00  39.22
490.9  333684.00  130162.80  39.01
492.5  334376.90  129763.59  38.81
494.0  337296.50  130107.90  38.57
495.6  340312.00  130565.89  38.37
497.2  341063.55  130136.76  38.16
498.8  337193.95  127946.00  37.94
500.3  331836.10  125190.66  37.73
501.9  325854.50  122176.60  37.49
503.5  324851.80  120976.96  37.24
505.0  326496.50  120827.05  37.01
506.6  329025.60  121131.09  36.82
508.2  327564.00  120016.08  36.64
509.7  326848.50  119186.28  36.47
511.3  326416.30  118489.18  36.30
512.9  323013.15  116748.00  36.14
514.4  317108.50  114076.10  35.97
516.0  309540.00  110922.00  35.83
517.5  300022.65  106990.29  35.66
519.1  300673.10  106527.85  35.43
520.7  307538.00  108335.92  35.23
522.2  311130.50  109086.30  35.06
523.8  315284.60  110067.14  34.91
525.4  316573.05  110102.31  34.78
526.9  312631.00  108310.38  34.64
528.5  315670.80  108828.84  34.48
530.0  320851.35  110153.52  34.33
531.6  322624.00  110339.68  34.20
533.2  320741.10  109267.04  34.07
534.7  322672.00  109440.80  33.92
536.3  323008.20  109159.48  33.79
537.8  321541.85  108216.57  33.66
539.4  318642.00  106817.52  33.52
541.0  315854.40  105404.40  33.37
542.5  316213.20  105056.64  33.22
544.1  318577.70  105404.04  33.09
545.6  319652.25  105355.65  32.96
547.2  319272.40  104855.25  32.84
548.7  319536.00  104546.40  32.72
550.3  320149.95  104374.57  32.60
551.8  320553.45  104118.21  32.48
553.4  321578.40  104052.52  32.36
554.9  322986.40  104074.68  32.22
556.5  321667.20  103245.36  32.10
558.0  318806.50  101946.10  31.98
559.6  316361.50  100757.30  31.85
561.1  318229.50  100931.94  31.72
562.7  320253.20  101156.55  31.59
564.2  322536.75  101477.99  31.46
565.8  322007.00  100944.72  31.35
567.3  321859.30  100394.69  31.19
568.9  321325.80  99665.46  31.02
570.4  319659.75  98596.17  30.84
572.0  320415.00  98270.85  30.67
573.5  322861.35  98493.57  30.51
575.1  323547.20  98210.24  30.35
576.6  323025.50  97600.00  30.21
578.2  321855.65  96884.65  30.10
579.7  321827.20  96572.84  30.01
581.2  323719.90  96907.60  29.94
582.8  326639.70  97583.06  29.87
584.3  327406.00  97593.15  29.81
585.9  325750.80  96813.60  29.72
587.4  322056.00  95275.44  29.58
588.9  313777.75  92250.20  29.40
590.5  309021.60  90197.50  29.19
592.0  309947.70  90000.57  29.04
593.6  311467.00  90117.56  28.93
595.1  312049.10  89996.72  28.84
596.6  313005.60  90093.60  28.78
598.2  313514.50  90120.65  28.75
599.7  312961.45  89854.18  28.71
601.2  311928.40  89442.57  28.67
602.8  312008.80  89296.12  28.62
604.3  313407.00  89505.88  28.56
605.8  314614.20  89631.20  28.49
607.4  314381.25  89324.37  28.41
608.9  312624.50  88575.72  28.33
610.5  310792.90  87798.81  28.25
612.0  309145.20  87082.32  28.17
613.5  307014.50  86233.75  28.09
615.0  305067.70  85438.43  28.01
616.6  302604.80  84494.72  27.92
618.1  302929.20  84324.24  27.84
619.6  304570.00  84504.40  27.75
621.2  305447.20  84490.76  27.66
622.7  304204.80  83888.64  27.58
624.2  302169.60  83050.20  27.48
625.8  299642.35  82059.86  27.39
627.3  297946.75  81184.70  27.25
628.8  295952.65  80199.49  27.10
630.3  294711.15  79596.38  27.01
631.8  294149.70  79294.28  26.96
633.4  294993.60  79454.54  26.93
634.9  295888.40  79661.63  26.92
636.4  297099.75  79921.28  26.90
638.0  298738.80  80297.52  26.88
639.5  298620.00  80211.60  26.86
641.0  297847.55  79931.39  26.84
642.5  297362.80  79703.82  26.80
644.0  296958.00  79464.00  26.76
645.5  295739.00  78918.58  26.69
647.1  293646.00  78070.16  26.59
648.6  291364.30  77176.20  26.49
650.1  289970.25  76711.80  26.46
651.6  290511.85  76783.59  26.43
653.1  291174.15  76903.50  26.41
654.7  288596.00  76178.10  26.40
656.2  280041.60  73887.32  26.38
657.7  276544.80  72867.36  26.35
659.2  280524.40  73889.14  26.34
660.7  285497.25  75158.50  26.33
662.2  289802.50  76209.64  26.30
663.7  291765.90  76599.45  26.25
665.2  292394.80  76614.84  26.20
666.8  292562.65  76499.10  26.15
668.3  292422.00  76303.56  26.09
669.8  292084.65  76078.09  26.05
671.3  291212.10  75722.02  26.00
672.8  290766.00  75411.25  25.94
674.3  290218.40  75069.56  25.87
675.8  290122.50  74841.00  25.80
677.3  289737.00  74575.34  25.74
678.8  289313.20  74323.92  25.69
680.3  288591.40  73994.04  25.64
681.8  287662.55  73609.48  25.59
683.3  285689.25  72918.78  25.52
684.8  281696.80  71661.60  25.44
686.3  269374.00  68042.68  25.26
687.8  255091.20  63609.00  24.94
689.3  249582.90  61697.86  24.72
690.8  250111.20  61636.32  24.64
692.3  253739.20  62447.79  24.61
693.8  255997.20  62829.60  24.54
695.3  258034.40  63234.08  24.51
696.8  261330.00  64157.92  24.55
698.3  261856.00  64288.00  24.55
699.8  260115.95  63645.51  24.47
701.3  257838.70  62891.22  24.39
702.8  257948.80  62810.10  24.35
704.2  259585.00  63204.24  24.35
705.7  261246.40  63591.04  24.34
707.2  262118.80  63819.30  24.35
708.7  262514.40  63909.12  24.34
710.2  262813.65  63958.27  24.34
711.7  262257.00  63814.80  24.33
713.2  261192.80  63483.84  24.31
714.7  258619.20  62667.90  24.23
716.2  250331.40  60223.72  24.06
717.6  234576.00  55620.00  23.71
719.1  220106.20  51414.12  23.36
720.6  217436.80  50494.08  23.22
722.1  223068.50  52058.40  23.34
723.6  223066.60  52074.40  23.34
725.0  220533.30  51221.70  23.23
726.5  219539.40  50811.15  23.14
728.0  219019.95  50623.11  23.11
729.5  219230.80  50640.48  23.10
731.0  221612.80  51214.45  23.11
732.4  227317.20  52801.32  23.23
733.9  234246.95  54839.82  23.41
735.4  238439.85  56094.83  23.53
736.8  240483.00  56703.60  23.58
738.3  241386.15  57074.72  23.64
739.8  241741.50  57276.45  23.69
741.2  241836.30  57423.06  23.74
742.7  242827.20  57722.56  23.77
744.2  244490.40  58153.20  23.79
745.7  245295.00  58361.25  23.79
747.1  245844.60  58470.18  23.78
748.6  245532.30  58357.53  23.77
750.0  244358.85  58042.05  23.75
751.5  243239.10  57690.62  23.72
753.0  242630.10  57475.39  23.69
754.4  242358.00  57325.20  23.65
755.9  241437.50  57050.00  23.63
757.3  239022.55  56366.70  23.58
758.8  220483.60  51772.91  23.48
760.3  170989.50  39267.60  22.96
761.7  135824.00  29750.68  21.90
763.2  125070.00  26439.60  21.14
764.6  130003.20  27226.08  20.94
766.1  151670.40  32592.00  21.49
767.5  179056.15  39692.25  22.17
769.0  202006.50  45812.80  22.68
770.4  216891.00  49846.15  22.98
771.9  224910.00  52052.00  23.14
773.3  228805.50  53161.55  23.23
774.8  230087.00  53524.90  23.26
776.2  230781.60  53689.98  23.26
777.7  230715.10  53662.84  23.26
779.1  230140.00  53457.60  23.23
780.5  229646.80  53289.45  23.20
782.0  229142.85  53140.51  23.19
783.4  228172.80  52853.76  23.16
784.9  227331.60  52577.24  23.13
786.3  226392.40  52244.40  23.08
787.8  224538.20  51678.92  23.02
789.2  222126.80  50933.74  22.93
790.6  219565.80  50181.78  22.86
792.0  217579.60  49630.14  22.81
793.5  215645.40  49203.36  22.82
794.9  214875.00  49025.88  22.82
796.3  214706.30  48863.59  22.76
797.8  215097.50  48873.70  22.72
799.2  214978.60  48834.20  22.72
800.6  213886.00  48493.04  22.67
802.1  212712.30  48162.68  22.64
803.5  211714.80  47848.68  22.60
804.9  211351.40  47753.68  22.59
806.3  211628.75  47897.50  22.63
807.8  211516.15  47886.70  22.64
809.2  209880.85  47453.08  22.61
810.6  207863.25  46812.90  22.52
812.0  204617.55  45811.77  22.39
813.4  197943.75  43966.25  22.21
814.8  188331.15  41404.76  21.99
816.3  179108.55  38922.30  21.73
817.7  173290.00  37408.28  21.59
819.1  171838.80  37072.63  21.57
820.5  175675.50  38115.00  21.70
821.9  177081.15  38584.68  21.79
823.3  172222.05  37308.81  21.66
824.7  175763.70  38136.72  21.70
826.1  181227.20  39596.48  21.85
827.5  182489.25  39879.60  21.85
828.9  180949.50  39498.40  21.83
830.3  180950.00  39447.10  21.80
831.7  181311.30  39618.42  21.85
833.2  181879.35  39755.34  21.86
834.5  184141.30  40313.84  21.89
835.9  187346.90  41199.86  21.99
837.3  190354.75  41942.10  22.03
838.7  192241.25  42544.50  22.13
840.1  193741.60  42961.34  22.17
841.5  194545.20  43212.88  22.21
842.9  194781.45  43232.34  22.20
844.3  194350.00  43235.40  22.25
845.7  194806.00  43387.92  22.27
847.1  195045.30  43404.88  22.25
848.5  193908.75  43205.05  22.28
849.9  189953.70  42348.78  22.29
851.2  187898.70  41805.06  22.25
852.6  186796.80  41575.26  22.26
854.0  180237.20  40092.91  22.24
855.4  177209.20  39372.42  22.22
856.8  181636.05  40341.08  22.21
858.2  185543.10  41209.02  22.21
859.5  187359.00  41589.20  22.20
860.9  187814.40  41767.68  22.24
862.3  188221.40  41759.96  22.19
863.7  188243.05  41811.85  22.21
865.0  185385.00  41148.20  22.20
866.4  178208.80  39544.68  22.19
867.8  176568.15  39117.21  22.15
869.1  178887.60  39664.74  22.17
870.5  181020.60  40137.69  22.17
871.9  182475.20  40399.70  22.14
873.2  182392.40  40392.48  22.15
874.6  181459.60  40174.68  22.14
876.0  180941.20  40039.76  22.13
877.3  180803.50  39979.92  22.11
878.7  180604.60  39864.66  22.07
880.0  179468.40  39599.64  22.06
881.4  178294.50  39241.65  22.01
882.8  178230.75  39274.80  22.04
884.1  178622.50  39271.00  21.99
885.5  177925.05  39130.38  21.99
886.8  176433.40  38788.75  21.98
888.2  175890.40  38633.07  21.96
889.5  176041.25  38570.07  21.91
890.9  175642.60  38443.40  21.89
892.2  173696.75  37956.82  21.85
893.6  169956.00  36965.43  21.75
894.9  164228.40  35431.20  21.57
896.2  155602.75  33208.20  21.34
897.6  147108.00  31094.40  21.14
898.9  138971.50  29041.80  20.90
900.3  133504.80  27762.93  20.80
901.6  131686.80  27259.68  20.70
903.0  135925.60  28274.60  20.80
904.3  144139.95  30245.76  20.98
905.6  147546.75  31104.45  21.08
907.0  143507.00  30104.10  20.98
908.3  136551.35  28404.87  20.80
909.6  132343.65  27356.57  20.67
911.0  131882.80  27220.16  20.64
912.3  131785.50  27155.80  20.61
913.6  129783.45  26650.41  20.53
914.9  128421.60  26212.08  20.41
916.2  127667.00  25949.06  20.33
917.6  127581.60  25997.76  20.38
918.9  131519.65  26914.23  20.46
920.2  136754.80  28526.68  20.86
921.5  139238.40  29102.08  20.90
922.9  138966.00  29128.80  20.96
924.2  137406.30  28642.44  20.85
925.5  136790.50  28339.85  20.72
926.8  135537.60  28170.56  20.78
928.1  128568.45  26456.08  20.58
929.4  116637.00  23670.45  20.29
930.7  102083.20  20346.72  19.93
932.0  85656.00  16631.54  19.42
933.4  70425.70  13282.36  18.86
934.7  61180.20  11266.11  18.41
936.0  58404.50  10543.15  18.05
937.3  56994.80  10243.66  17.97
938.6  64623.80  11834.72  18.31
939.9  75456.00  14148.00  18.75
941.2  79600.00  15044.40  18.90
942.5  78628.20  14833.98  18.87
943.8  73647.50  13902.00  18.88
945.1  70711.20  13216.26  18.69
946.4  70093.60  12992.96  18.54
947.7  72010.80  13361.04  18.55
949.0  73272.40  13771.68  18.80
950.2  75348.00  14172.60  18.81
951.5  76582.80  14496.03  18.93
952.8  76411.50  14448.72  18.91
954.1  78169.40  14880.44  19.04
955.4  78077.00  14753.20  18.90
956.7  79818.80  15282.38  19.15
958.0  82564.80  15919.68  19.28
959.3  83044.50  15904.28  19.15
960.5  85982.40  16479.96  19.17
961.8  89543.20  17283.92  19.30
963.1  92767.50  18129.42  19.54
964.4  95968.70  18978.08  19.78
965.7  97641.90  19418.67  19.89
966.9  102791.60  20558.32  20.00
968.2  111553.40  22538.34  20.20
969.5  118156.80  24210.56  20.49
970.8  122130.00  25134.00  20.58
972.0  123338.25  25630.29  20.78
973.3  120304.80  25043.04  20.82
974.6  117052.65  24161.67  20.64
975.8  115487.05  23607.85  20.44
977.1  116457.40  23942.08  20.56
978.4  118793.35  24289.59  20.45
979.6  119767.05  24630.06  20.56
980.9  122262.75  25557.75  20.90
982.2  125445.50  26216.70  20.90
983.4  128035.40  26901.82  21.01
984.7  129882.60  27444.12  21.13
985.9  131188.75  27886.98  21.26
987.2  133318.80  28349.40  21.26
988.5  133833.15  28644.99  21.40
989.7  135318.30  28985.34  21.42
991.0  135887.60  28978.44  21.33
992.2  135634.50  29136.30  21.48
993.5  136231.20  29131.20  21.38
994.7  135818.75  29266.75  21.55
996.0  135394.15  29230.79  21.59
997.2  136204.40  29449.60  21.62
998.5  135170.75  29302.75  21.68
999.7  134878.65  29110.50  21.58
1001.0  134379.00  29065.68  21.63
1002.2  133312.15  28697.73  21.53
1003.4  132332.80  28534.26  21.56
1004.7  130907.70  28259.44  21.59
1005.9  128935.20  27658.68  21.45
1007.2  128507.40  27774.18  21.61
1008.4  128587.50  27774.90  21.60
1009.6  129187.80  27683.10  21.43
1010.9  128589.30  27758.96  21.59
1012.1  129355.85  27704.56  21.42
1013.3  129463.80  27931.56  21.57
1014.6  128721.60  27583.20  21.43
1015.8  128325.00  27718.20  21.60
1017.1  128104.40  27687.08  21.61
1018.3  127191.10  27523.32  21.64
1019.5  127860.70  27685.54  21.65
1020.8  127657.25  27247.85  21.34
1022.0  127641.15  27491.94  21.54
1023.2  126893.40  27159.64  21.40
1024.4  126112.65  27267.60  21.62
1025.7  127627.50  27613.95  21.64
1026.9  127244.40  27589.44  21.68
1028.1  126843.60  27564.09  21.73
1029.3  127464.30  27242.37  21.37
1030.6  126868.50  27424.10  21.62
1031.8  128054.55  27459.12  21.44
1033.0  126126.60  27666.48  21.94
1034.2  125482.50  27606.15  22.00
1035.4  126240.40  27543.36  21.82
1036.7  125315.50  27716.84  22.12
1037.9  125857.05  27597.57  21.93
1039.1  126161.55  27412.88  21.73
1040.3  126743.65  27594.82  21.77
1041.5  126745.85  27653.64  21.82
1042.7  126753.75  27716.82  21.87
1043.9  126768.15  27784.80  21.92
1045.2  126479.40  27789.84  21.97
1046.4  126180.30  27796.24  22.03
1047.6  125551.30  27358.94  21.79
1048.8  124891.00  27283.88  21.85
1050.0  126176.00  27601.00  21.88
1051.2  125484.90  27525.72  21.94
1052.4  126486.55  27370.86  21.64
1053.6  127179.00  27555.45  21.67
1054.8  126109.40  27396.18  21.72
1056.0  124986.40  27675.56  22.14
1057.2  125320.25  27798.31  22.18
1058.4  123346.90  27462.14  22.26
1059.7  124066.80  27676.44  22.31
1060.9  124401.75  26831.75  21.57
1062.1  122671.50  26537.10  21.63
1063.3  120851.10  26741.52  22.13
1064.5  121578.00  26958.60  22.17
1065.7  121902.75  27089.50  22.22
1066.9  121787.60  26571.84  21.82
1068.1  124984.20  27269.28  21.82
1069.3  124945.10  26732.44  21.40
1070.5  121921.70  26763.30  21.95
1071.7  121784.00  26792.48  22.00
1072.9  121644.90  26824.26  22.05
1074.1  122582.30  27097.14  22.11
1075.3  124741.80  27645.48  22.16
1076.5  121779.95  26989.07  22.16
