/*** Spectra Vista SIG Data ***/
name= 230503_1608_R882_T883.sig
instrument= HK: 9202056 (HR-512i)
integration= 10.0, 0.0, 0.0, 10.0, 0.0, 0.0
scan method= Time-based, Time-based
scan coadds= 500, 0, 0, 500, 0, 0
scan time= 5, 5
scan settings= AI, AI
external data set1= 0,0,0,0,0,0,0,0,0,0,0,0,0,0,0,0,0,0,0,0,0,0,0,0,0,0,0,0,0,0,0,0
external data set2= 0,0,0,0,0,0,0,0,0,0,0,0,0,0,0,0,0,0,0,0,0,0,0,0,0,0,0,0,0,0,0,0
external data dark= 0,0,0,0,0,0,0,0,0,0,0,0,0,0,0,0
external data mask= 0
optic= LENS 4(1), LENS 4(1)
temp= 22.5, 0.0, 0.0, 22.8, 0.0, 0.0
battery= 8.35, 8.32
error= 0, 0
units= Radiance, Radiance
time= 5/3/2023 4:07:50 PM, 5/3/2023 4:08:15 PM
longitude= 07755.9963W     , 07756.0100W     
latitude= 3404.2484N      , 3404.2508N      
gpstime= 171645.000      , 171710.000      
comm= 
memory slot= 882, 883
factors= 1.000, 1.000, 1.000 [Overlap: Preserve, Matching Type: None]
inclinometer x offset= 5, 5
inclinometer y offset= -12, -18
data= 
339.7  89025.75  89565.30  100.61
341.4  96459.00  96806.60  100.36
343.0  101201.60  101534.50  100.33
344.7  103521.50  104002.25  100.46
346.4  108854.10  109160.30  100.28
348.0  114551.95  114993.10  100.39
349.7  120322.80  120744.00  100.35
351.3  130405.25  130814.90  100.31
353.0  137577.30  137978.40  100.29
354.6  147143.10  147663.50  100.35
356.2  148013.25  148267.35  100.17
357.9  138651.75  138902.25  100.18
359.5  139255.20  139623.60  100.26
361.2  150062.10  150429.00  100.24
362.8  158062.10  158428.55  100.23
364.5  168433.80  168797.85  100.22
366.1  183526.90  184012.10  100.26
367.7  194889.60  195251.40  100.19
369.4  196927.50  197285.55  100.18
371.0  198862.30  199217.20  100.18
372.6  194405.25  194758.50  100.18
374.3  184698.50  185048.75  100.19
375.9  186908.70  187368.50  100.25
377.5  203759.40  204434.10  100.33
379.1  216929.90  217477.15  100.25
380.8  212693.60  213119.20  100.20
382.4  198202.50  198513.00  100.16
384.0  177820.20  178121.25  100.17
385.6  184295.80  184781.30  100.26
387.3  195530.40  195998.40  100.24
388.9  205151.80  205691.20  100.26
390.5  221487.75  222178.55  100.31
392.1  231018.75  231601.50  100.25
393.8  209680.00  210240.00  100.27
395.4  210634.20  211477.35  100.40
397.0  223288.00  224095.95  100.36
398.6  249775.90  251041.30  100.51
400.2  305591.60  307074.40  100.49
401.8  342851.25  344470.00  100.47
403.4  361713.80  363333.60  100.45
405.0  363900.00  365580.00  100.46
406.6  360995.25  362670.00  100.46
408.3  363227.55  365064.00  100.51
409.9  370751.20  372680.80  100.52
411.5  375756.75  377826.75  100.55
413.1  388900.00  391100.00  100.57
414.7  394852.50  397122.60  100.57
416.3  398684.00  401021.50  100.59
417.9  397869.90  400180.20  100.58
419.5  394143.60  396472.95  100.59
421.1  396542.00  398938.80  100.60
422.7  398855.60  401238.20  100.60
424.3  395707.50  398161.50  100.62
425.9  395076.00  397485.00  100.61
427.5  389430.50  391761.00  100.60
429.1  377970.80  380190.95  100.59
430.7  355084.05  357127.20  100.58
432.3  359071.05  361410.40  100.65
433.9  385620.20  388099.95  100.64
435.5  402911.45  405536.90  100.65
437.1  423548.00  426246.00  100.64
438.7  424333.60  426959.05  100.62
440.3  424876.55  427585.20  100.64
441.9  439301.25  442131.75  100.64
443.5  457170.50  460092.70  100.64
445.0  467751.25  470696.25  100.63
446.6  470122.95  473012.65  100.61
448.2  479873.25  482942.55  100.64
449.8  492571.95  495704.30  100.64
451.4  505527.30  508763.25  100.64
453.0  503280.25  506411.95  100.62
454.6  495901.50  499008.45  100.63
456.2  497777.70  500973.25  100.64
457.8  502901.10  506104.55  100.64
459.3  503165.70  506295.75  100.62
460.9  504639.30  507854.60  100.64
462.5  510979.20  514243.20  100.64
464.1  511387.20  514651.20  100.64
465.7  506368.80  509632.80  100.64
467.2  501388.00  504607.25  100.64
468.8  499100.70  502271.40  100.64
470.4  497218.50  500418.00  100.64
472.0  499169.85  502478.55  100.66
473.6  504886.25  508218.70  100.66
475.1  508563.50  511919.30  100.66
476.7  509231.90  512606.40  100.66
478.3  512771.10  516163.80  100.66
479.9  516427.65  519794.55  100.65
481.5  519042.70  522388.10  100.64
483.0  517871.35  521195.25  100.64
484.6  507763.20  510950.40  100.63
486.2  484390.55  487366.25  100.61
487.8  471290.40  474352.20  100.65
489.3  480337.50  483562.50  100.67
490.9  490668.00  493941.60  100.67
492.5  491873.80  495079.75  100.65
494.0  495305.00  498590.00  100.66
495.6  499833.25  503113.80  100.66
497.2  501096.40  504376.20  100.65
498.8  495579.85  498743.35  100.64
500.3  487673.80  490831.50  100.65
501.9  478506.75  481657.75  100.66
503.5  476749.00  479892.40  100.66
505.0  478872.65  482040.90  100.66
506.6  482665.05  485851.50  100.66
508.2  480524.40  483634.80  100.65
509.7  478930.50  482029.65  100.65
511.3  477982.50  481074.40  100.65
512.9  473108.85  476120.70  100.64
514.4  464179.50  467138.00  100.64
516.0  453810.00  456630.00  100.62
517.5  439345.80  442089.45  100.62
519.1  438423.05  441294.75  100.66
520.7  447832.00  450758.00  100.65
522.2  453108.00  456005.50  100.64
523.8  459103.90  462048.80  100.64
525.4  461858.05  464763.75  100.63
526.9  456025.20  458896.60  100.63
528.5  459494.40  462447.30  100.64
530.0  467281.50  470261.10  100.64
531.6  470502.80  473399.60  100.62
533.2  467684.10  470583.55  100.62
534.7  470008.00  472948.00  100.63
536.3  470848.60  473767.60  100.62
537.8  468639.85  471543.10  100.62
539.4  464728.80  467571.60  100.61
541.0  460340.40  463183.20  100.62
542.5  460588.80  463486.80  100.63
544.1  463947.30  466855.80  100.63
545.6  465672.75  468531.00  100.61
547.2  465150.70  468019.25  100.62
548.7  465192.00  468048.00  100.61
550.3  465995.10  468810.10  100.60
551.8  466470.90  469277.55  100.60
553.4  467867.40  470670.20  100.60
554.9  469856.20  472688.40  100.60
556.5  468163.60  470937.60  100.59
558.0  464035.00  466778.50  100.59
559.6  460113.50  462820.75  100.59
561.1  462529.60  465234.10  100.58
562.7  465508.30  468270.15  100.59
564.2  469074.25  471850.75  100.59
565.8  468456.60  471251.20  100.60
567.3  468133.25  470932.30  100.60
568.9  467778.50  470595.50  100.60
570.4  465501.60  468296.10  100.60
572.0  466139.25  468906.75  100.59
573.5  469813.05  472584.00  100.59
575.1  471017.60  473814.40  100.59
576.6  470096.50  472902.50  100.60
578.2  468301.35  471059.85  100.59
579.7  467624.30  470400.80  100.59
581.2  469827.70  472626.70  100.60
582.8  473637.00  476498.95  100.60
584.3  474726.00  477583.50  100.60
585.9  472479.90  475272.60  100.59
587.4  468018.00  470804.40  100.60
588.9  457943.25  460661.50  100.59
590.5  451318.50  454098.90  100.62
592.0  452946.45  455789.70  100.63
593.6  455218.40  458125.20  100.64
595.1  455917.00  458815.50  100.64
596.6  456591.20  459515.20  100.64
598.2  456580.25  459464.50  100.63
599.7  454843.85  457612.80  100.61
601.2  452409.30  455166.60  100.61
602.8  451507.25  454287.95  100.62
604.3  452986.20  455750.50  100.61
605.8  454454.80  457242.20  100.61
607.4  454021.20  456754.95  100.60
608.9  451418.05  454130.15  100.60
610.5  448575.05  451301.95  100.61
612.0  446082.00  448786.65  100.61
613.5  442939.75  445621.75  100.61
615.0  440037.50  442696.45  100.60
616.6  436310.40  438980.00  100.61
618.1  436363.20  439047.00  100.62
619.6  438634.00  441332.00  100.62
621.2  440025.80  442738.00  100.62
622.7  438412.80  441100.80  100.61
624.2  435568.50  438238.80  100.61
625.8  431994.45  434682.00  100.62
627.3  430023.00  432692.00  100.62
628.8  427575.05  430264.45  100.63
630.3  425787.10  428503.70  100.64
631.8  424641.10  427341.20  100.64
633.4  425437.10  428164.00  100.64
634.9  426345.30  429095.65  100.65
636.4  427683.05  430412.15  100.64
638.0  429676.80  432429.00  100.64
639.5  429492.00  432222.00  100.64
641.0  428116.15  430868.90  100.64
642.5  427256.20  429989.00  100.64
644.0  426689.00  429441.00  100.64
645.5  425422.50  428193.70  100.65
647.1  423486.80  426277.20  100.66
648.6  421176.60  423986.20  100.67
650.1  419136.00  422012.25  100.69
651.6  419608.25  422485.05  100.69
653.1  420298.35  423199.50  100.69
654.7  416918.15  419729.15  100.67
656.2  404818.20  407453.00  100.65
657.7  398132.00  400869.60  100.69
659.2  402897.95  405650.05  100.68
660.7  409504.00  412321.25  100.69
662.2  415439.70  418277.60  100.68
663.7  418075.05  420933.60  100.68
665.2  418722.60  421595.90  100.69
666.8  418742.20  421624.35  100.69
668.3  418388.40  421273.50  100.69
669.8  417886.15  420774.20  100.69
671.3  416711.70  419657.70  100.71
672.8  415973.40  418890.95  100.70
674.3  415267.80  418211.90  100.71
675.8  415009.00  417988.50  100.72
677.3  414523.20  417487.00  100.71
678.8  413910.20  416857.10  100.71
680.3  412908.50  415889.60  100.72
681.8  411648.65  414608.25  100.72
683.3  409034.45  411968.70  100.72
684.8  403876.60  406835.60  100.73
686.3  388614.00  391378.20  100.71
687.8  368768.40  371443.80  100.73
689.3  360636.85  363329.40  100.75
690.8  361063.20  363823.20  100.76
692.3  366968.10  369851.50  100.79
693.8  371908.90  374916.70  100.81
695.3  375312.60  378387.10  100.82
696.8  379012.80  382216.20  100.85
698.3  379568.00  382760.00  100.84
699.8  377669.95  380830.60  100.84
701.3  374461.80  377631.50  100.85
702.8  373939.20  377131.10  100.85
704.2  375362.60  378590.60  100.86
705.7  377076.00  380292.00  100.85
707.2  377677.70  380938.15  100.86
708.7  377484.60  380742.00  100.86
710.2  377357.00  380617.45  100.86
711.7  376319.00  379529.00  100.85
713.2  374610.40  377880.00  100.87
714.7  371765.10  374987.10  100.87
716.2  363688.00  366916.00  100.89
717.6  347274.00  350622.00  100.96
719.1  330132.20  333601.00  101.05
720.6  325312.00  328848.00  101.09
722.1  330924.00  334466.50  101.07
723.6  331700.80  335146.90  101.04
725.0  329015.70  332529.30  101.07
726.5  327987.90  331511.10  101.07
728.0  327229.20  330771.60  101.08
729.5  326761.20  330264.00  101.07
731.0  328900.65  332475.05  101.09
732.4  334243.80  337834.20  101.07
733.9  341086.55  344580.25  101.02
735.4  345225.10  348737.40  101.02
736.8  346845.00  350265.00  100.99
738.3  346967.50  350351.15  100.98
739.8  346211.25  349503.00  100.95
741.2  344991.15  348358.05  100.98
742.7  345202.40  348472.80  100.95
744.2  346743.60  350095.20  100.97
745.7  347382.75  350700.75  100.96
747.1  347931.60  351215.10  100.94
748.6  347306.10  350614.35  100.95
750.0  345523.05  348858.80  100.97
751.5  343748.60  346986.90  100.94
753.0  342648.85  345972.55  100.97
754.4  342178.00  345464.00  100.96
755.9  341000.00  344187.50  100.93
757.3  338074.10  341226.60  100.93
758.8  316977.00  319777.60  100.88
760.3  252388.50  254388.00  100.79
761.7  200797.50  202625.90  100.91
763.2  185526.00  187308.00  100.96
764.6  190542.60  192474.00  101.01
766.1  218467.20  220752.00  101.05
767.5  254844.60  257490.75  101.04
769.0  285919.00  288796.00  101.01
770.4  306154.25  309201.25  101.00
771.9  317030.00  320110.00  100.97
773.3  322195.50  325379.25  100.99
774.8  323895.00  327041.00  100.97
776.2  324627.00  327808.20  100.98
777.7  324493.40  327638.85  100.97
779.1  323528.00  326710.00  100.98
780.5  322809.65  326032.50  101.00
782.0  322134.95  325244.80  100.97
783.4  320870.40  323942.40  100.96
784.9  319680.20  322714.40  100.95
786.3  318746.00  321819.20  100.96
787.8  316924.65  320038.80  100.98
789.2  314490.75  317566.85  100.98
790.6  311625.90  314743.80  101.00
792.0  308959.70  311958.50  100.97
793.5  305744.40  308874.60  101.02
794.9  304091.10  307099.35  100.99
796.3  304065.35  307122.60  101.01
797.8  304684.50  307789.00  101.02
799.2  304628.10  307781.60  101.04
800.6  303287.60  306402.00  101.03
802.1  302040.30  305110.95  101.02
803.5  300733.40  303760.60  101.01
804.9  299566.80  302645.20  101.03
806.3  299310.50  302340.75  101.01
807.8  298944.15  301825.30  100.96
809.2  296884.90  299815.35  100.99
810.6  294789.75  297769.50  101.01
812.0  292042.20  295071.25  101.04
813.4  285918.75  289000.00  101.08
814.8  276067.75  279201.20  101.14
816.3  265529.25  268497.90  101.12
817.7  257922.60  260941.20  101.17
819.1  254689.65  257758.20  101.20
820.5  257565.00  260568.00  101.17
821.9  259578.20  262394.60  101.08
823.3  253976.80  256841.20  101.13
824.7  256913.40  259945.90  101.18
826.1  263278.40  266235.20  101.12
827.5  265154.25  268035.00  101.09
828.9  263407.50  266334.25  101.11
830.3  262894.50  265867.25  101.13
831.7  262986.60  266001.90  101.15
833.2  262906.80  265700.85  101.06
834.5  264525.80  267227.80  101.02
835.9  267853.95  270596.95  101.02
837.3  270980.50  273765.50  101.03
838.7  272753.75  275578.75  101.04
840.1  274132.90  276855.60  100.99
841.5  274806.00  277423.20  100.95
842.9  274404.45  277206.00  101.02
844.3  273585.00  276276.00  100.98
845.7  273638.00  276215.20  100.94
847.1  273586.00  276198.90  100.96
848.5  272095.25  274587.25  100.92
849.9  266693.10  269219.50  100.95
851.2  263282.25  265843.05  100.97
852.6  262196.55  264790.95  100.99
854.0  253417.45  255719.75  100.91
855.4  247826.40  250158.10  100.94
856.8  253649.60  256179.35  101.00
858.2  259350.30  261742.20  100.92
859.5  261922.00  264517.00  100.99
860.9  262800.00  265252.80  100.93
862.3  263084.20  265390.40  100.88
863.7  263073.70  265586.00  100.95
865.0  259720.75  262083.50  100.91
866.4  249823.70  252032.90  100.88
867.8  246486.90  248724.30  100.91
869.1  249461.40  251914.50  100.98
870.5  252626.85  255109.20  100.98
871.9  254576.10  257089.00  100.99
873.2  254801.40  257149.80  100.92
874.6  253766.10  256143.30  100.94
876.0  252956.60  255163.20  100.87
877.3  252515.45  254953.25  100.97
878.7  252393.90  254656.60  100.90
880.0  250672.80  253171.20  101.00
881.4  248895.75  251424.75  101.02
882.8  249096.15  251444.10  100.94
884.1  249552.50  251931.25  100.95
885.5  248832.45  251239.80  100.97
886.8  247139.75  249356.25  100.90
888.2  246336.30  248579.80  100.91
889.5  246457.75  248729.25  100.92
890.9  246083.80  248385.80  100.94
892.2  244341.20  246439.55  100.86
893.6  240771.00  243131.50  100.98
894.9  235090.80  237484.80  101.02
896.2  226243.00  228670.50  101.07
897.6  216972.00  219186.00  101.02
898.9  207085.00  209330.50  101.08
900.3  200004.35  202280.00  101.14
901.6  196761.60  199323.60  101.30
903.0  200775.60  203110.20  101.16
904.3  210302.55  212665.50  101.12
905.6  215072.65  217465.30  101.11
907.0  211214.25  213372.25  101.02
908.3  203321.95  205511.15  101.08
909.6  197821.85  200041.45  101.12
911.0  197121.20  199370.80  101.14
912.3  197678.25  199960.25  101.15
913.6  195686.85  197710.20  101.03
914.9  194098.40  196150.80  101.06
916.2  192985.00  195063.30  101.08
917.6  192876.90  194983.20  101.09
918.9  195906.30  198042.35  101.09
920.2  201419.40  203585.20  101.08
921.5  203526.40  205408.00  100.92
922.9  202566.00  204474.00  100.94
924.2  200948.65  202883.95  100.96
925.5  199949.75  201913.25  100.98
926.8  199652.20  201645.40  101.00
928.1  193358.85  195383.55  101.05
929.4  180787.35  182502.60  100.95
930.7  163612.80  165360.80  101.07
932.0  142403.10  144187.60  101.25
933.4  122241.50  123336.20  100.90
934.7  108184.50  109303.65  101.03
936.0  103535.25  105052.25  101.47
937.3  101666.40  103206.80  101.52
938.6  109782.60  111729.10  101.77
939.9  125367.00  126939.00  101.25
941.2  132136.00  134126.00  101.51
942.5  131317.20  132938.40  101.23
943.8  124538.75  126193.75  101.33
945.1  119956.50  121640.10  101.40
946.4  118817.20  120526.80  101.44
947.7  121030.20  122765.40  101.43
949.0  123150.60  124916.20  101.43
950.2  125580.00  126925.50  101.07
951.5  127638.00  129005.55  101.07
952.8  127352.50  129204.90  101.45
954.1  129026.60  130910.20  101.46
955.4  128851.00  130288.00  101.12
956.7  130922.30  132382.40  101.12
958.0  134476.80  135960.00  101.10
959.3  134884.40  136897.60  101.49
960.5  138186.00  140233.20  101.48
961.8  142644.40  144206.20  101.09
963.1  146307.60  147897.90  101.09
964.4  149344.55  151501.15  101.44
965.7  151948.35  153594.00  101.08
966.9  157539.30  159215.25  101.06
968.2  166760.95  167899.25  100.68
969.5  174339.20  175497.60  100.66
970.8  178180.00  179950.00  100.99
972.0  179893.35  181698.30  101.00
973.3  176774.40  178002.00  100.69
974.6  173388.15  174014.10  100.36
975.8  170359.35  172273.50  101.12
977.1  171758.40  173059.60  100.76
978.4  173876.30  175203.60  100.76
979.6  174575.70  175929.00  100.78
980.9  177522.75  178904.25  100.78
982.2  181120.75  181825.50  100.39
983.4  182702.20  184140.80  100.79
984.7  184917.60  186385.20  100.79
985.9  186662.85  188162.15  100.80
987.2  188485.20  189251.40  100.41
988.5  188618.65  190183.95  100.83
989.7  188965.20  189765.90  100.42
991.0  189096.60  189915.20  100.43
992.2  189218.50  190893.00  100.88
993.5  190209.60  191066.40  100.45
994.7  189270.00  191022.50  100.93
996.0  190089.80  190089.80  100.00
997.2  189581.80  190502.10  100.49
998.5  189050.00  189995.25  100.50
999.7  189218.25  189218.25  100.00
1001.0  188130.60  188130.60  100.00
1002.2  186229.95  187247.60  100.55
1003.4  185059.15  185059.15  100.00
1004.7  181816.25  181816.25  100.00
1005.9  178845.60  179885.40  100.58
1007.2  178252.20  179288.55  100.58
1008.4  177965.10  178993.80  100.58
1009.6  178402.20  179427.50  100.57
1010.9  178596.25  179616.80  100.57
1012.1  178246.25  179264.80  100.57
1013.3  178395.00  179414.40  100.57
1014.6  177758.40  178780.00  100.57
1015.8  177601.80  177601.80  100.00
1017.1  177693.20  177693.20  100.00
1018.3  177233.50  177233.50  100.00
1019.5  177525.60  177525.60  100.00
1020.8  177003.75  177003.75  100.00
1022.0  176733.90  176733.90  100.00
1023.2  175869.80  176982.90  100.63
1024.4  176103.25  177239.40  100.65
1025.7  176358.00  176358.00  100.00
1026.9  176001.60  176001.60  100.00
1028.1  176849.25  176849.25  100.00
1029.3  176200.65  176200.65  100.00
1030.6  175565.50  176847.00  100.73
1031.8  176900.10  175579.95  99.25
1033.0  176306.00  176306.00  100.00
1034.2  175675.50  175675.50  100.00
1035.4  175015.10  175015.10  100.00
1036.7  175441.70  175441.70  100.00
1037.9  175896.60  175896.60  100.00
1039.1  176003.15  176003.15  100.00
1040.3  176478.50  174874.15  99.09
1041.5  176127.35  176127.35  100.00
1042.7  177455.25  175765.20  99.05
1043.9  177128.10  175391.55  99.02
1045.2  176358.60  174577.20  98.99
1046.4  175555.20  173726.50  98.96
1047.6  174272.70  174272.70  100.00
1048.8  174847.40  174847.40  100.00
1050.0  175463.50  173492.00  98.88
1051.2  176083.65  174059.70  98.85
1052.4  176251.75  174178.20  98.82
1053.6  175930.95  173811.30  98.80
1054.8  176118.30  173944.00  98.77
1056.0  176320.10  174088.20  98.73
1057.2  175448.35  173169.80  98.70
1058.4  174547.50  172220.20  98.67
1059.7  174170.70  171784.80  98.63
1060.9  173186.75  170747.50  98.59
1062.1  170238.00  170238.00  100.00
1063.3  172277.10  169705.80  98.51
1064.5  174438.00  169152.00  96.97
1065.7  173372.80  170663.85  98.44
1066.9  174377.70  168841.90  96.83
1068.1  176114.10  170433.00  96.77
1069.3  171436.30  168530.60  98.31
1070.5  172474.60  169500.90  98.28
1071.7  170497.60  167453.00  98.21
1072.9  171550.50  168431.40  98.18
1074.1  170970.05  167744.20  98.11
1075.3  171941.40  168570.00  98.04
1076.5  171150.20  167858.85  98.08
