/*** Spectra Vista SIG Data ***/
name= 230505_1652_R941_T947.sig
instrument= HK: 9202056 (HR-512i)
integration= 20.0, 0.0, 0.0, 50.0, 0.0, 0.0
scan method= Time-based, Time-based
scan coadds= 250, 0, 0, 100, 0, 0
scan time= 5, 5
scan settings= AI, AI
external data set1= 0,0,0,0,0,0,0,0,0,0,0,0,0,0,0,0,0,0,0,0,0,0,0,0,0,0,0,0,0,0,0,0
external data set2= 0,0,0,0,0,0,0,0,0,0,0,0,0,0,0,0,0,0,0,0,0,0,0,0,0,0,0,0,0,0,0,0
external data dark= 0,0,0,0,0,0,0,0,0,0,0,0,0,0,0,0
external data mask= 0
optic= LENS 4(1), LENS 4(1)
temp= 25.7, 0.0, 0.0, 27.0, 0.0, 0.0
battery= 8.27, 8.20
error= 0, 0
units= Radiance, Radiance
time= 5/5/2023 4:49:27 PM, 5/5/2023 4:52:47 PM
longitude=                 , 07746.6527W     
latitude=                 , 3409.6268N      
gpstime=                 , 175909.000      
comm= 
memory slot= 941, 947
factors= 1.000, 1.000, 1.000 [Overlap: Preserve, Matching Type: None]
inclinometer x offset= 5, 6
inclinometer y offset= -9, -1
data= 
339.7  36959.18  38487.90  104.14
341.4  39887.10  41364.40  103.70
343.0  41529.28  42910.81  103.33
344.7  42466.25  43427.75  102.26
346.4  44552.10  45164.50  101.37
348.0  46614.85  46938.36  100.69
349.7  48999.60  48746.88  99.48
351.3  52776.58  52107.48  98.73
353.0  55552.35  54255.46  97.67
354.6  59260.55  57191.96  96.51
356.2  58951.20  56435.61  95.73
357.9  55047.38  51928.65  94.33
359.5  55444.20  51305.84  92.54
361.2  59437.80  54252.28  91.28
362.8  62479.73  56384.44  90.24
364.5  66499.80  59412.96  89.34
366.1  72416.10  63973.62  88.34
367.7  76400.10  66933.00  87.61
369.4  76980.75  66788.26  86.76
371.0  77427.35  66484.60  85.87
372.6  75360.00  64032.45  84.97
374.3  71567.75  60009.50  83.85
375.9  72705.88  60026.89  82.56
377.5  79164.80  64703.73  81.73
379.1  83674.53  67924.67  81.18
380.8  81662.00  65691.36  80.44
382.4  75658.50  60340.50  79.75
384.0  68187.83  53586.90  78.59
385.6  71125.75  54978.02  77.30
387.3  75348.00  57676.32  76.55
388.9  79112.00  59927.34  75.75
390.5  85529.68  64002.62  74.83
392.1  88578.00  65784.15  74.27
393.8  80360.00  59040.00  73.47
395.4  81823.88  58775.22  71.83
397.0  86671.00  61404.20  70.85
398.6  98349.70  68247.24  69.39
400.2  120241.60  82308.88  68.45
401.8  134841.88  91142.10  67.59
403.4  142293.20  94882.90  66.68
405.0  143640.00  94212.00  65.59
406.6  143162.25  92215.20  64.41
408.3  144996.08  91599.90  63.17
409.9  148552.40  92202.72  62.07
411.5  151317.00  92332.35  61.02
413.1  157075.00  94380.00  60.09
414.7  159703.95  94716.30  59.31
416.3  161497.88  94575.25  58.56
417.9  161177.40  93363.30  57.93
419.5  159824.18  91583.01  57.30
421.1  160949.40  91258.16  56.70
422.7  161619.70  90848.12  56.21
424.3  160368.90  89325.60  55.70
425.9  159937.53  88330.00  55.23
427.5  157368.00  86228.50  54.79
429.1  152352.93  82870.02  54.39
430.7  142962.68  77192.52  53.99
432.3  145519.08  77559.04  53.30
433.9  155842.75  82381.11  52.86
435.5  162720.83  85338.54  52.44
437.1  170639.00  88836.40  52.06
438.7  170349.85  88146.63  51.74
440.3  170759.40  87592.40  51.30
441.9  176542.88  89749.80  50.84
443.5  183348.83  92487.63  50.44
445.0  187143.13  93720.75  50.08
446.6  187947.65  93384.17  49.69
448.2  191949.30  94565.92  49.27
449.8  196882.08  96270.20  48.90
451.4  201827.40  97997.35  48.56
453.0  200388.65  96753.47  48.28
454.6  197513.25  94669.17  47.93
456.2  198285.90  94329.40  47.57
457.8  200114.25  94562.60  47.25
459.3  199977.68  93909.63  46.96
460.9  200569.60  93544.88  46.64
462.5  202959.60  94035.84  46.33
464.1  202755.60  93407.52  46.07
465.7  200613.60  91857.12  45.79
467.2  198513.63  90318.30  45.50
468.8  197518.35  89251.14  45.19
470.4  196566.75  88241.40  44.89
472.0  197351.85  87954.93  44.57
473.6  199324.68  88241.67  44.27
475.1  200509.05  88153.67  43.96
476.7  200465.15  87514.68  43.66
478.3  201747.30  87468.54  43.36
479.9  203129.78  87594.21  43.12
481.5  204205.55  87633.92  42.91
483.0  203666.18  87016.61  42.73
484.6  199449.60  84848.64  42.54
486.2  190006.08  80473.61  42.35
487.8  185465.70  77966.28  42.04
489.3  189187.50  78975.00  41.74
490.9  193030.80  80143.68  41.52
492.5  193296.68  79868.69  41.32
494.0  194727.50  79993.40  41.08
495.6  196346.33  80218.46  40.86
497.2  196663.23  79927.30  40.64
498.8  194291.63  78567.28  40.44
500.3  191040.85  76832.74  40.22
501.9  187347.50  74897.90  39.98
503.5  186457.70  74042.28  39.71
505.0  187126.85  73843.57  39.46
506.6  188476.88  74004.48  39.26
508.2  187531.20  73301.76  39.09
509.7  187019.33  72769.32  38.91
511.3  186697.13  72337.84  38.75
512.9  184731.98  71290.80  38.59
514.4  181276.75  69655.90  38.43
516.0  177060.00  67758.00  38.27
517.5  171432.90  65316.96  38.10
519.1  171431.33  64918.75  37.87
520.7  175144.20  65973.60  37.67
522.2  177067.75  66422.90  37.51
523.8  179383.48  66981.45  37.34
525.4  180168.23  67026.79  37.20
526.9  177851.00  65883.98  37.04
528.5  179417.63  66110.22  36.85
530.0  182342.93  66880.56  36.68
531.6  183364.60  67001.28  36.54
533.2  182229.03  66315.77  36.39
534.7  183218.00  66382.40  36.23
536.3  183424.40  66208.48  36.10
537.8  182503.83  65624.51  35.96
539.4  180835.20  64766.16  35.82
541.0  179096.40  63849.84  35.65
542.5  179165.40  63573.84  35.48
544.1  180410.10  63754.32  35.34
545.6  180999.38  63708.45  35.20
547.2  180732.58  63397.74  35.08
548.7  180810.00  63179.20  34.94
550.3  181103.03  63056.00  34.82
551.8  181255.73  62880.30  34.69
553.4  181753.00  62817.04  34.56
554.9  182474.60  62817.04  34.43
556.5  181667.80  62318.64  34.30
558.0  179979.50  61507.50  34.17
559.6  178470.25  60731.65  34.03
561.1  179383.48  60773.12  33.88
562.7  180430.75  60876.03  33.74
564.2  181613.95  61033.64  33.61
565.8  181240.80  60658.52  33.47
567.3  180916.13  60258.20  33.31
568.9  180350.60  59757.96  33.13
570.4  179127.45  59038.47  32.96
572.0  179226.38  58750.95  32.78
573.5  180385.80  58829.40  32.61
575.1  180560.80  58611.20  32.46
576.6  180087.25  58206.20  32.32
578.2  179363.80  57744.60  32.19
579.7  179269.35  57529.08  32.09
581.2  180348.90  57734.04  32.01
582.8  182032.60  58151.05  31.95
584.3  182499.00  58191.40  31.89
585.9  181541.55  57728.64  31.80
587.4  179301.60  56777.76  31.67
588.9  174328.25  54882.45  31.48
590.5  171193.20  53516.08  31.26
592.0  171481.43  53332.68  31.10
593.6  172244.80  53370.20  30.99
595.1  172528.95  53284.66  30.88
596.6  173118.00  53347.52  30.82
598.2  173558.88  53389.90  30.76
599.7  173374.83  53254.97  30.72
601.2  172932.20  53046.21  30.67
602.8  173009.45  52968.77  30.62
604.3  173809.85  53096.10  30.55
605.8  174484.00  53170.56  30.47
607.4  174322.13  52976.43  30.39
608.9  173281.20  52519.45  30.31
610.5  172181.63  52032.20  30.22
612.0  171208.05  51581.01  30.13
613.5  169971.75  51062.30  30.04
615.0  168843.33  50579.97  29.96
616.6  167376.40  49992.96  29.87
618.1  167435.10  49843.08  29.77
619.6  168283.00  49924.40  29.67
621.2  168710.30  49896.84  29.58
622.7  167942.40  49520.64  29.49
624.2  166719.60  49001.94  29.39
625.8  165206.43  48375.90  29.28
627.3  164025.75  47790.80  29.14
628.8  162669.15  47127.78  28.97
630.3  161897.38  46733.51  28.87
631.8  161582.85  46538.44  28.80
633.4  162128.45  46650.34  28.77
634.9  162722.20  46813.42  28.77
636.4  163435.88  46990.14  28.75
638.0  164423.10  47237.76  28.73
639.5  164430.00  47208.00  28.71
641.0  164021.55  47059.32  28.69
642.5  163775.85  46927.30  28.65
644.0  163529.00  46784.00  28.61
645.5  162743.05  46443.58  28.54
647.1  161363.60  45902.08  28.45
648.6  159861.85  45348.70  28.37
650.1  159078.75  45037.65  28.31
651.6  159302.80  45084.85  28.30
653.1  159632.33  45202.68  28.32
654.7  158259.30  44835.45  28.33
656.2  153641.78  43502.43  28.31
657.7  151653.60  42867.04  28.27
659.2  153904.08  43454.71  28.23
660.7  156715.50  44226.05  28.22
662.2  159162.90  44848.44  28.18
663.7  160296.83  45106.95  28.14
665.2  160636.95  45115.68  28.09
666.8  160692.08  45039.70  28.03
668.3  160587.60  44909.76  27.97
669.8  160409.15  44779.46  27.92
671.3  159918.70  44582.80  27.88
672.8  159624.60  44376.43  27.80
674.3  159305.75  44161.50  27.72
675.8  159201.25  44005.70  27.64
677.3  158946.55  43833.58  27.58
678.8  158693.15  43655.48  27.51
680.3  158259.80  43440.38  27.45
681.8  157704.40  43178.45  27.38
683.3  156608.93  42776.03  27.31
684.8  154325.30  42028.56  27.23
686.3  147315.60  39869.52  27.06
687.8  138765.90  37106.16  26.74
689.3  135369.33  35838.39  26.47
690.8  135598.80  35747.52  26.36
692.3  137599.18  36231.03  26.33
693.8  138693.00  36450.08  26.28
695.3  139861.80  36703.94  26.24
696.8  141989.30  37305.56  26.27
698.3  142492.00  37441.60  26.28
699.8  141425.23  37073.87  26.21
701.3  140095.28  36659.22  26.17
702.8  140146.05  36647.34  26.15
704.2  141225.00  36939.08  26.16
705.7  142281.20  37219.84  26.16
707.2  142952.03  37425.69  26.18
708.7  143325.60  37550.88  26.20
710.2  143646.88  37639.49  26.20
711.7  143513.75  37631.90  26.22
713.2  142978.00  37477.12  26.21
714.7  141499.50  37042.26  26.18
716.2  136571.30  35540.28  26.02
717.6  127143.00  32691.60  25.71
719.1  118454.10  30037.64  25.36
720.6  116742.40  29408.64  25.19
722.1  120254.25  30454.60  25.33
723.6  120422.05  30544.48  25.36
725.0  118803.60  30008.34  25.26
726.5  118164.83  29760.03  25.19
728.0  117978.53  29667.60  25.15
729.5  118150.00  29734.88  25.17
731.0  119574.85  30125.49  25.19
732.4  123139.50  31191.60  25.33
733.9  127604.58  32581.57  25.53
735.4  130408.30  33491.48  25.68
736.8  131841.00  33960.60  25.76
738.3  132679.23  34260.89  25.82
739.8  133229.25  34488.30  25.89
741.2  133631.10  34679.07  25.95
742.7  134436.80  34946.56  25.99
744.2  135592.80  35303.52  26.04
745.7  136186.13  35490.75  26.06
747.1  136653.30  35605.08  26.06
748.6  136570.58  35560.68  26.04
750.0  136007.63  35383.21  26.02
751.5  135397.60  35193.60  25.99
753.0  135133.03  35058.88  25.94
754.4  135005.00  34992.80  25.92
755.9  134531.25  34812.50  25.88
757.3  133224.65  34425.30  25.84
758.8  123035.45  31710.43  25.77
760.3  94847.25  23994.00  25.30
761.7  73691.05  17813.84  24.17
763.2  66858.00  15510.00  23.20
764.6  69064.20  15770.88  22.84
766.1  81345.60  19017.60  23.38
767.5  97398.68  23543.95  24.17
769.0  111107.00  27509.60  24.76
770.4  120114.13  30179.15  25.13
771.9  125090.00  31668.00  25.32
773.3  127562.25  32403.50  25.40
774.8  128449.75  32675.50  25.44
776.2  128910.90  32809.74  25.45
777.7  128890.30  32800.46  25.45
779.1  128612.00  32693.20  25.42
780.5  128351.88  32603.25  25.40
782.0  128072.73  32494.14  25.37
783.4  127564.80  32317.44  25.33
784.9  127008.50  32131.40  25.30
786.3  126395.20  31882.48  25.22
787.8  125244.73  31508.81  25.16
789.2  123610.65  30987.66  25.07
790.6  122049.38  30489.78  24.98
792.0  120868.30  30121.28  24.92
793.5  119920.50  29914.56  24.95
794.9  119556.45  29807.46  24.93
796.3  119276.43  29664.06  24.87
797.8  119478.90  29661.28  24.83
799.2  119427.55  29624.88  24.81
800.6  118759.40  29403.60  24.76
802.1  118080.45  29161.87  24.70
803.5  117445.90  28966.52  24.66
804.9  117315.90  28917.72  24.65
806.3  117691.00  29070.85  24.70
807.8  117630.40  29069.81  24.71
809.2  116712.75  28819.46  24.69
810.6  115336.88  28359.00  24.59
812.0  113223.80  27679.25  24.45
813.4  109118.75  26456.25  24.25
814.8  103187.75  24743.45  23.98
816.3  97580.63  23133.48  23.71
817.7  94079.70  22136.40  23.53
819.1  93249.83  21911.72  23.50
820.5  95634.00  22568.70  23.60
821.9  96755.08  22977.13  23.75
823.3  93809.10  22151.36  23.61
824.7  95827.00  22658.84  23.65
826.1  99237.60  23629.76  23.81
827.5  99949.50  23822.55  23.83
828.9  99064.13  23566.70  23.79
830.3  99199.38  23549.35  23.74
831.7  99504.90  23650.44  23.77
833.2  99854.03  23815.95  23.85
834.5  101189.90  24182.90  23.90
835.9  103273.95  24796.72  24.01
837.3  105064.13  25287.80  24.07
838.7  106431.88  25651.00  24.10
840.1  107475.00  25965.96  24.16
841.5  108104.90  26172.00  24.21
842.9  108302.03  26246.10  24.23
844.3  108238.00  26252.20  24.25
845.7  108545.60  26378.40  24.30
847.1  108742.75  26436.40  24.31
848.5  108168.38  26321.75  24.33
849.9  106029.85  25800.86  24.33
851.2  104752.73  25415.94  24.26
852.6  104181.38  25295.40  24.28
854.0  100561.18  24404.38  24.27
855.4  98764.15  23949.89  24.25
856.8  101358.65  24589.17  24.26
858.2  103535.10  25114.95  24.26
859.5  104665.00  25361.80  24.23
860.9  104944.80  25404.00  24.21
862.3  105109.50  25474.64  24.24
863.7  105157.70  25517.79  24.27
865.0  103597.50  25154.20  24.28
866.4  99598.10  24190.74  24.29
867.8  98632.05  23902.89  24.23
869.1  100011.00  24191.34  24.19
870.5  101203.50  24441.60  24.15
871.9  101869.10  24665.08  24.21
873.2  101959.70  24619.06  24.15
874.6  101427.20  24524.78  24.18
876.0  101102.40  24392.96  24.13
877.3  101067.13  24337.37  24.08
878.7  100895.85  24313.74  24.10
880.0  100144.20  24192.84  24.16
881.4  99474.00  23941.20  24.07
882.8  99467.70  23906.40  24.03
884.1  99691.25  23960.50  24.03
885.5  99248.48  23810.88  23.99
886.8  98412.60  23583.56  23.96
888.2  98153.13  23467.01  23.91
889.5  98128.80  23441.88  23.89
890.9  97950.10  23388.32  23.88
892.2  96640.68  23081.85  23.88
893.6  94301.98  22424.75  23.78
894.9  90612.90  21354.48  23.57
896.2  85326.63  19856.95  23.27
897.6  80319.00  18400.80  22.91
898.9  75349.00  17215.50  22.85
900.3  72188.68  16334.11  22.63
901.6  71095.50  16038.12  22.56
903.0  73410.20  16549.72  22.54
904.3  78371.18  17905.91  22.85
905.6  80685.48  18503.16  22.93
907.0  78092.63  17857.45  22.87
908.3  74022.33  16802.11  22.70
909.6  71304.65  16092.10  22.57
911.0  70862.40  15915.92  22.46
912.3  70884.63  15859.90  22.37
913.6  69661.05  15493.08  22.24
914.9  68755.40  15305.04  22.26
916.2  68138.55  15141.90  22.22
917.6  68304.30  15225.54  22.29
918.9  70642.23  15745.74  22.29
920.2  74101.30  16645.72  22.46
921.5  75577.60  17122.56  22.66
922.9  75525.00  17172.00  22.74
924.2  74347.78  16901.62  22.73
925.5  73794.88  16820.65  22.79
926.8  73250.10  16610.00  22.68
928.1  69177.25  15590.19  22.54
929.4  62435.10  13722.00  21.98
930.7  54013.20  11676.64  21.62
932.0  44790.95  9422.16  21.04
933.4  36307.55  7370.98  20.30
934.7  31149.68  6267.24  20.12
936.0  29391.88  5840.45  19.87
937.3  28689.95  5622.46  19.60
938.6  32506.55  6384.52  19.64
939.9  38514.00  7781.40  20.20
941.2  40994.00  8278.40  20.19
942.5  40327.35  8187.06  20.30
943.8  37858.13  7778.50  20.55
945.1  36407.85  7323.66  20.12
946.4  35901.60  7265.80  20.24
947.7  36873.00  7374.60  20.00
949.0  37739.70  7592.08  20.12
950.2  38795.25  7803.90  20.12
951.5  39203.10  7931.79  20.23
952.8  39363.50  8057.94  20.47
954.1  40261.95  8287.84  20.58
955.4  40236.00  8238.80  20.48
956.7  41369.50  8565.92  20.71
958.0  42765.60  8998.08  21.04
959.3  43032.15  8958.74  20.82
960.5  44526.60  9314.76  20.92
961.8  46854.00  9787.28  20.89
963.1  48769.20  10389.96  21.30
964.4  50410.53  10783.00  21.39
965.7  51563.70  10971.00  21.28
966.9  54468.38  11731.65  21.54
968.2  59476.18  12976.62  21.82
969.5  63712.00  14016.64  22.00
970.8  66375.00  14868.00  22.40
972.0  67083.98  15161.58  22.60
973.3  65369.70  14731.20  22.54
974.6  63220.95  14021.28  22.18
975.8  61890.85  13654.27  22.06
977.1  62782.90  14052.96  22.38
978.4  63710.40  14334.84  22.50
979.6  64620.08  14480.31  22.41
980.9  66312.00  14920.20  22.50
982.2  68008.38  15504.50  22.80
983.4  69772.10  15824.60  22.68
984.7  71178.60  16143.60  22.68
985.9  72341.23  16642.23  23.01
987.2  73172.10  16856.40  23.04
988.5  73960.43  17061.77  23.07
989.7  74465.10  17134.98  23.01
991.0  74492.60  17354.32  23.30
992.2  74933.88  17582.25  23.46
993.5  74970.00  17478.72  23.31
994.7  75357.50  17700.25  23.49
996.0  75318.60  17574.34  23.33
997.2  75464.60  17669.76  23.41
998.5  75147.38  17770.70  23.65
999.7  75202.13  17660.37  23.48
1001.0  74655.00  17519.04  23.47
1002.2  73779.63  17300.05  23.45
1003.4  73403.35  17161.91  23.38
1004.7  72207.03  16830.99  23.31
1005.9  71226.30  16636.80  23.36
1007.2  71508.15  16788.87  23.48
1008.4  70980.30  16664.94  23.48
1009.6  71258.35  16814.92  23.60
1010.9  71438.50  16941.13  23.71
1012.1  71298.50  16704.22  23.43
1013.3  71358.00  16718.16  23.43
1014.6  71001.20  16549.92  23.31
1015.8  70835.40  16425.60  23.19
1017.1  71283.90  16736.22  23.48
1018.3  70893.40  16680.80  23.53
1019.5  70798.90  16695.86  23.58
1020.8  70265.13  16949.45  24.12
1022.0  69820.80  16582.44  23.75
1023.2  70125.30  16251.26  23.17
1024.4  69873.23  16587.79  23.74
1025.7  70195.13  16475.55  23.47
1026.9  70757.40  16886.64  23.87
1028.1  70739.70  16831.17  23.79
1029.3  70605.23  16745.31  23.72
1030.6  70482.50  16659.50  23.64
1031.8  70628.03  16897.92  23.93
1033.0  69844.30  16816.88  24.08
1034.2  70409.63  16731.00  23.76
1035.4  71010.23  16640.78  23.43
1036.7  70766.40  16512.16  23.33
1037.9  70510.28  16679.85  23.66
1039.1  70089.75  16821.54  24.00
1040.3  70591.40  16685.24  23.64
1041.5  70780.15  16460.50  23.26
1042.7  70137.08  16562.49  23.61
1043.9  70330.28  16670.88  23.70
1045.2  70365.30  16388.88  23.29
1046.4  70404.95  16824.04  23.90
1047.6  69334.30  16490.32  23.78
1048.8  70131.10  16524.04  23.56
1050.0  69988.25  16560.60  23.66
1051.2  69826.28  17001.18  24.35
1052.4  69463.93  17003.11  24.48
1053.6  68888.63  16957.20  24.62
1054.8  69577.60  16524.68  23.75
1056.0  69188.90  16516.06  23.87
1057.2  69495.78  16861.27  24.26
1058.4  68655.35  16291.10  23.73
1059.7  67998.15  16701.30  24.56
1060.9  67079.38  16586.90  24.73
1062.1  67594.50  16022.40  23.70
1063.3  66853.80  15427.80  23.08
1064.5  67396.50  16386.60  24.31
1065.7  67723.75  16253.70  24.00
1066.9  67813.55  16607.40  24.49
1068.1  68173.20  15907.08  23.33
1069.3  68283.95  15690.78  22.98
1070.5  66908.25  15463.24  23.11
1071.7  66981.20  16440.84  24.55
1072.9  67060.65  16843.14  25.12
1074.1  67742.85  16129.25  23.81
1075.3  67428.00  16182.72  24.00
1076.5  67472.68  15798.48  23.41
