/*** Spectra Vista SIG Data ***/
name= 230503_1520_R874_T880.sig
instrument= HK: 9202056 (HR-512i)
integration= 10.0, 0.0, 0.0, 100.0, 0.0, 0.0
scan method= Time-based, Time-based
scan coadds= 500, 0, 0, 50, 0, 0
scan time= 5, 5
scan settings= AI, AI
external data set1= 0,0,0,0,0,0,0,0,0,0,0,0,0,0,0,0,0,0,0,0,0,0,0,0,0,0,0,0,0,0,0,0
external data set2= 0,0,0,0,0,0,0,0,0,0,0,0,0,0,0,0,0,0,0,0,0,0,0,0,0,0,0,0,0,0,0,0
external data dark= 0,0,0,0,0,0,0,0,0,0,0,0,0,0,0,0
external data mask= 0
optic= LENS 4(1), LENS 4(1)
temp= 22.5, 0.0, 0.0, 24.8, 0.0, 0.0
battery= 8.35, 8.35
error= 0, 0
units= Radiance, Radiance
time= 5/3/2023 3:17:24 PM, 5/3/2023 3:20:12 PM
longitude= 07756.4134W     , 07756.3736W     
latitude= 3402.4272N      , 3402.3651N      
gpstime= 162621.000      , 162905.000      
comm= 
memory slot= 874, 880
factors= 1.000, 1.000, 1.000 [Overlap: Preserve, Matching Type: None]
inclinometer x offset= 8, 2
inclinometer y offset= -13, -39
data= 
339.7  92622.75  38308.05  41.36
341.4  100282.60  41155.84  41.04
343.0  105029.95  42561.27  40.52
344.7  107527.75  42866.88  39.87
346.4  112834.70  44383.69  39.34
348.0  118522.30  45953.13  38.77
349.7  124534.80  47525.40  38.16
351.3  134638.30  50632.74  37.61
353.0  141989.40  52530.73  37.00
354.6  151826.70  55227.45  36.38
356.2  152205.90  54428.22  35.76
357.9  142409.25  49849.50  35.00
359.5  143184.80  48911.24  34.16
361.2  154098.00  51708.44  33.56
362.8  162215.20  53440.63  32.94
364.5  172802.40  56015.16  32.42
366.1  188136.30  60019.24  31.90
367.7  199472.40  62615.52  31.39
369.4  201462.80  62169.42  30.86
371.0  203239.40  61669.79  30.34
372.6  198408.75  59192.93  29.83
374.3  188434.50  55164.38  29.28
375.9  190931.95  54796.67  28.70
377.5  208032.50  58800.11  28.26
379.1  221089.00  61675.08  27.90
380.8  216417.60  59488.24  27.49
382.4  201307.50  54482.40  27.06
384.0  180730.35  47957.27  26.54
385.6  187403.00  48841.30  26.06
387.3  198619.20  51049.44  25.70
388.9  208298.30  52780.29  25.34
390.5  224682.70  56170.68  25.00
392.1  233766.00  57717.23  24.69
393.8  211840.00  51592.00  24.35
395.4  213087.00  50880.27  23.88
397.0  225418.05  53052.94  23.54
398.6  252517.60  58391.18  23.12
400.2  308085.40  70338.64  22.83
401.8  344729.00  77758.28  22.56
403.4  362710.60  80759.49  22.27
405.0  364080.00  79908.00  21.95
406.6  360533.25  77893.20  21.60
408.3  362281.50  77014.04  21.26
409.9  369036.00  77248.32  20.93
411.5  373479.75  77019.53  20.62
413.1  386000.00  78435.00  20.32
414.7  391326.60  78429.54  20.04
416.3  394663.50  77993.03  19.76
417.9  393385.20  76688.37  19.49
419.5  389484.90  74886.41  19.23
421.1  391705.60  74262.28  18.96
422.7  393630.60  73659.96  18.71
424.3  390390.50  72094.43  18.47
425.9  389575.45  70993.23  18.22
427.5  383703.00  69006.50  17.98
429.1  372167.25  66051.41  17.75
430.7  349494.30  61267.52  17.53
432.3  354047.20  61099.22  17.26
433.9  380012.15  64690.96  17.02
435.5  397013.70  66739.70  16.81
437.1  417126.00  69224.60  16.60
438.7  417484.60  68486.20  16.40
440.3  418162.15  67704.81  16.19
441.9  432416.25  69079.50  15.98
443.5  449826.55  70940.25  15.77
445.0  460040.00  71641.00  15.57
446.6  462234.85  71094.43  15.38
448.2  471924.55  71640.61  15.18
449.8  484324.75  72611.05  14.99
451.4  496938.05  73571.92  14.81
453.0  494447.25  72362.35  14.63
454.6  487226.25  70459.17  14.46
456.2  489121.40  69865.24  14.28
457.8  494061.20  69733.84  14.11
459.3  494182.05  68962.73  13.95
460.9  495644.60  68359.72  13.79
462.5  501880.80  68421.60  13.63
464.1  502084.80  67683.12  13.48
465.7  497107.20  66279.60  13.33
467.2  492178.50  64886.23  13.18
468.8  489954.45  63840.83  13.03
470.4  488025.00  62880.30  12.88
472.0  490091.10  62425.49  12.74
473.6  495611.60  62413.18  12.59
475.1  499175.25  62138.23  12.45
476.7  499862.70  61519.12  12.31
478.3  503303.10  61254.02  12.17
479.9  506835.90  61034.85  12.04
481.5  509356.60  60711.23  11.92
483.0  508092.90  59957.75  11.80
484.6  497971.20  58183.68  11.68
486.2  474891.20  54977.97  11.58
487.8  462483.00  52935.12  11.45
489.3  471562.50  53358.75  11.32
490.9  481665.60  53928.84  11.20
492.5  482771.85  53524.63  11.09
494.0  486289.50  53359.35  10.97
495.6  490676.55  53292.72  10.86
497.2  491863.05  52883.21  10.75
498.8  486370.55  51779.47  10.65
500.3  478651.80  50446.86  10.54
501.9  469704.50  49015.18  10.44
503.5  468028.60  48334.00  10.33
505.0  470168.30  48060.69  10.22
506.6  473894.10  47967.57  10.12
508.2  471711.60  47320.20  10.03
509.7  470208.15  46742.85  9.94
511.3  469306.25  46223.91  9.85
512.9  464508.00  45342.32  9.76
514.4  455792.00  44081.65  9.67
516.0  445530.00  42729.00  9.59
517.5  431386.20  41040.18  9.51
519.1  430693.90  40585.68  9.42
520.7  439947.20  41062.56  9.33
522.2  444995.00  41168.90  9.25
523.8  450930.30  41351.81  9.17
525.4  453585.70  41252.05  9.09
526.9  447879.80  40398.84  9.02
528.5  451562.10  40344.72  8.93
530.0  459288.15  40660.08  8.85
531.6  462380.40  40566.56  8.77
533.2  459661.35  39981.45  8.70
534.7  462056.00  39838.40  8.62
536.3  462870.00  39584.42  8.55
537.8  460731.95  39074.98  8.48
539.4  456862.80  38433.00  8.41
541.0  452667.60  37754.04  8.34
542.5  453054.00  37453.20  8.27
544.1  456440.60  37419.93  8.20
545.6  458180.25  37259.93  8.13
547.2  457798.30  36934.67  8.07
548.7  457968.00  36649.20  8.00
550.3  458845.00  36383.88  7.93
551.8  459411.75  36089.55  7.86
553.4  460860.40  35881.56  7.79
554.9  462891.30  35755.08  7.72
556.5  461155.60  35375.80  7.67
558.0  457102.50  34836.55  7.62
559.6  453330.50  34298.78  7.57
561.1  455828.45  34208.92  7.50
562.7  458861.65  34155.89  7.44
564.2  462472.35  34154.04  7.39
565.8  462082.40  33849.20  7.33
567.3  461969.05  33547.72  7.26
568.9  461737.60  33237.47  7.20
570.4  459508.95  32804.33  7.14
572.0  460143.00  32567.33  7.08
573.5  463692.60  32551.05  7.02
575.1  464694.40  32376.00  6.97
576.6  463661.00  32058.55  6.91
578.2  461742.25  31692.10  6.86
579.7  461022.40  31411.47  6.81
581.2  463110.10  31333.25  6.77
582.8  466875.25  31371.38  6.72
584.3  467868.00  31222.95  6.67
585.9  465578.40  30860.94  6.63
587.4  461084.40  30342.60  6.58
588.9  450902.00  29458.63  6.53
590.5  444400.60  28800.31  6.48
592.0  446055.75  28663.31  6.43
593.6  448323.20  28591.42  6.38
595.1  449028.80  28429.17  6.33
596.6  449814.40  28280.24  6.29
598.2  449908.25  28088.43  6.24
599.7  448254.45  27794.65  6.20
601.2  445975.60  27470.49  6.16
602.8  445197.20  27240.17  6.12
604.3  446775.50  27136.81  6.07
605.8  448300.80  27045.02  6.03
607.4  447897.60  26834.49  5.99
608.9  445297.50  26505.28  5.95
610.5  442531.65  26163.50  5.91
612.0  440116.95  25838.67  5.87
613.5  437017.00  25493.90  5.83
615.0  434157.85  25158.91  5.79
616.6  430482.40  24778.40  5.76
618.1  430617.60  24619.14  5.72
619.6  432896.00  24578.40  5.68
621.2  434257.60  24493.84  5.64
622.7  432652.80  24253.44  5.61
624.2  429840.90  23943.69  5.57
625.8  426346.70  23595.91  5.53
627.3  424331.75  23338.05  5.50
628.8  421879.85  23041.83  5.46
630.3  420114.20  22823.44  5.43
631.8  419039.40  22644.57  5.40
633.4  419901.90  22576.29  5.38
634.9  420885.65  22532.35  5.35
636.4  422183.50  22506.81  5.33
638.0  424172.40  22526.34  5.31
639.5  423990.00  22436.40  5.29
641.0  422653.00  22288.81  5.27
642.5  421833.30  22169.84  5.26
644.0  421271.00  22050.40  5.23
645.5  419966.70  21892.48  5.21
647.1  417949.60  21708.44  5.19
648.6  415557.40  21532.95  5.18
650.1  413649.00  21399.30  5.17
651.6  414124.35  21432.16  5.18
653.1  414772.35  21468.51  5.18
654.7  411343.00  21269.90  5.17
656.2  399313.35  20612.61  5.16
657.7  393034.40  20225.20  5.15
659.2  397868.25  20408.25  5.13
660.7  404394.75  20642.33  5.10
662.2  410293.00  20817.68  5.07
663.7  412939.35  20823.81  5.04
665.2  413511.70  20736.46  5.01
666.8  413564.10  20614.70  4.98
668.3  413205.00  20469.54  4.95
669.8  412697.45  20338.73  4.93
671.3  411507.10  20175.19  4.90
672.8  410731.70  20007.47  4.87
674.3  410028.30  19810.30  4.83
675.8  409807.50  19649.55  4.79
677.3  409311.00  19504.87  4.77
678.8  408740.20  19366.82  4.74
680.3  407730.80  19204.56  4.71
681.8  406469.35  19031.29  4.68
683.3  403859.50  18736.52  4.64
684.8  398711.80  18308.14  4.59
686.3  383302.40  17452.40  4.55
687.8  363636.00  16461.90  4.53
689.3  355746.30  16001.44  4.50
690.8  356316.00  15875.52  4.46
692.3  362143.95  15986.24  4.41
693.8  366840.20  16058.31  4.38
695.3  370058.00  16076.84  4.34
696.8  373954.80  16118.16  4.31
698.3  374640.00  16032.80  4.28
699.8  372790.35  15836.52  4.25
701.3  369652.60  15618.97  4.23
702.8  369124.30  15510.47  4.20
704.2  370628.20  15505.16  4.18
705.7  372412.80  15511.84  4.17
707.2  373027.55  15484.47  4.15
708.7  372892.20  15427.26  4.14
710.2  372813.75  15366.88  4.12
711.7  371771.50  15284.95  4.11
713.2  370054.40  15168.80  4.10
714.7  367146.90  14993.04  4.08
716.2  358738.40  14595.94  4.07
717.6  341766.00  13861.80  4.06
719.1  324278.60  13100.14  4.04
720.6  319654.40  12849.28  4.02
722.1  325528.50  13030.95  4.00
723.6  326176.10  13013.13  3.99
725.0  323415.90  12863.07  3.98
726.5  322317.75  12799.13  3.97
728.0  321583.50  12724.97  3.96
729.5  321201.20  12665.68  3.94
731.0  323594.90  12722.63  3.93
732.4  329250.90  12908.61  3.92
733.9  336409.50  13163.36  3.91
735.4  340749.75  13312.75  3.91
736.8  342456.00  13360.80  3.90
738.3  342666.25  13351.08  3.90
739.8  342053.25  13294.05  3.89
741.2  341043.75  13223.79  3.88
742.7  341348.00  13198.40  3.87
744.2  342980.40  13235.88  3.86
745.7  343709.25  13224.60  3.85
747.1  344170.50  13211.61  3.84
748.6  343636.95  13148.79  3.83
750.0  341884.05  13039.75  3.81
751.5  340082.60  12940.98  3.81
753.0  339140.50  12863.95  3.79
754.4  338644.00  12796.80  3.78
755.9  337437.50  12706.25  3.77
757.3  334480.25  12559.56  3.75
758.8  313030.70  11737.06  3.75
760.3  248454.00  9346.05  3.76
761.7  197728.40  7431.14  3.76
763.2  182622.00  6791.40  3.72
764.6  187945.20  6806.52  3.62
766.1  215913.60  7754.88  3.59
767.5  252198.45  9064.76  3.59
769.0  283042.00  10185.95  3.60
770.4  303107.25  10948.43  3.61
771.9  313880.00  11354.00  3.62
773.3  319082.50  11553.48  3.62
774.8  320677.50  11583.00  3.61
776.2  321445.80  11589.69  3.61
777.7  321274.80  11550.39  3.60
779.1  320346.00  11484.80  3.59
780.5  319586.80  11429.88  3.58
782.0  318949.25  11362.33  3.56
783.4  317644.80  11281.92  3.55
784.9  316490.40  11195.42  3.54
786.3  315515.20  11126.56  3.53
787.8  313650.80  11027.29  3.52
789.2  311090.85  10903.97  3.51
790.6  308179.80  10756.76  3.49
792.0  305461.10  10637.41  3.48
793.5  302445.00  10507.32  3.47
794.9  300910.95  10417.14  3.46
796.3  300833.40  10385.92  3.45
797.8  301491.30  10369.03  3.44
799.2  301384.50  10325.46  3.43
800.6  299990.00  10250.04  3.42
802.1  298690.50  10179.67  3.41
803.5  297422.40  10103.28  3.40
804.9  296392.20  10033.66  3.39
806.3  296182.50  10009.60  3.38
807.8  295764.95  9974.74  3.37
809.2  293752.35  9872.59  3.36
810.6  291604.50  9781.80  3.35
812.0  288699.80  9651.18  3.34
813.4  282306.25  9403.13  3.33
814.8  272069.90  9043.79  3.32
816.3  261241.20  8642.07  3.31
817.7  253562.40  8373.82  3.30
819.1  250484.60  8228.26  3.28
820.5  253638.00  8304.45  3.27
821.9  255705.65  8320.12  3.25
823.3  249918.90  8127.74  3.25
824.7  253153.10  8212.01  3.24
826.1  259705.60  8414.56  3.24
827.5  261396.75  8441.85  3.23
828.9  259590.00  8373.05  3.23
830.3  259275.50  8336.63  3.22
831.7  259315.80  8311.74  3.21
833.2  259314.45  8289.02  3.20
834.5  261283.40  8349.18  3.20
835.9  264699.50  8434.73  3.19
837.3  267917.00  8522.10  3.18
838.7  269928.75  8573.88  3.18
840.1  271410.20  8598.00  3.17
841.5  272043.40  8607.68  3.16
842.9  271750.35  8581.59  3.16
844.3  270894.00  8551.40  3.16
845.7  270909.20  8550.24  3.16
847.1  270973.10  8514.98  3.14
848.5  269447.50  8441.65  3.13
849.9  264166.70  8273.96  3.13
851.2  260881.50  8130.54  3.12
852.6  259764.30  8107.50  3.12
854.0  250950.70  7844.27  3.13
855.4  245494.70  7644.65  3.11
856.8  251457.15  7791.63  3.10
858.2  256958.40  7910.36  3.08
859.5  259673.00  7975.30  3.07
860.9  260172.00  8006.64  3.08
862.3  260600.60  8018.48  3.08
863.7  260740.85  8021.42  3.08
865.0  257358.00  7887.95  3.06
866.4  247246.30  7584.92  3.07
867.8  244249.50  7495.29  3.07
869.1  247197.00  7529.13  3.05
870.5  250335.45  7561.62  3.02
871.9  252256.50  7616.02  3.02
873.2  252453.00  7612.73  3.02
874.6  251388.90  7587.23  3.02
876.0  250549.40  7562.62  3.02
877.3  250280.80  7557.18  3.02
878.7  250131.20  7549.19  3.02
880.0  248382.60  7516.02  3.03
881.4  246788.25  7397.33  3.00
882.8  246961.65  7428.06  3.01
884.1  247173.75  7374.13  2.98
885.5  246643.95  7331.48  2.97
886.8  244701.60  7292.29  2.98
888.2  244092.80  7268.94  2.98
889.5  243959.10  7268.80  2.98
890.9  244012.00  7251.30  2.97
892.2  242009.70  7181.02  2.97
893.6  238410.50  7105.11  2.98
894.9  232457.40  6870.78  2.96
896.2  223330.00  6602.80  2.96
897.6  213528.00  6322.20  2.96
898.9  203592.00  6012.95  2.95
900.3  196211.60  5790.27  2.95
901.6  193431.00  5687.64  2.94
903.0  197403.40  5784.62  2.93
904.3  207151.95  5986.14  2.89
905.6  211882.45  6114.55  2.89
907.0  207977.25  6042.40  2.91
908.3  199764.50  5828.75  2.92
909.6  194492.45  5715.47  2.94
911.0  193465.60  5624.00  2.91
912.3  193970.00  5619.43  2.90
913.6  191929.20  5549.76  2.89
914.9  190286.80  5482.84  2.88
916.2  189125.30  5433.27  2.87
917.6  189266.10  5446.29  2.88
918.9  192549.65  5523.22  2.87
920.2  198325.40  5692.96  2.87
921.5  200390.40  5738.88  2.86
922.9  199704.00  5724.00  2.87
924.2  198045.70  5709.14  2.88
925.5  197004.50  5694.15  2.89
926.8  196662.40  5647.40  2.87
928.1  190321.80  5432.95  2.85
929.4  177356.85  5111.45  2.88
930.7  159767.20  4649.68  2.91
932.0  138477.20  4104.35  2.96
933.4  117497.80  3503.04  2.98
934.7  103707.90  3096.32  2.99
936.0  98984.25  2958.15  2.99
937.3  97430.30  2849.74  2.92
938.6  105500.30  2997.61  2.84
939.9  121044.00  3419.10  2.82
941.2  128156.00  3582.00  2.80
942.5  126858.90  3607.17  2.84
943.8  119987.50  3475.50  2.90
945.1  115326.60  3325.11  2.88
946.4  114543.20  3290.98  2.87
947.7  117126.00  3383.64  2.89
949.0  119619.40  3442.92  2.88
950.2  121095.00  3543.15  2.93
951.5  123535.35  3555.63  2.88
952.8  123184.60  3473.25  2.82
954.1  125259.40  3578.84  2.86
955.4  124540.00  3544.60  2.85
956.7  126542.00  3650.25  2.88
958.0  130521.60  3757.44  2.88
959.3  130858.00  3774.75  2.88
960.5  134603.40  3838.50  2.85
961.8  139000.20  3904.50  2.81
963.1  142596.90  4028.76  2.83
964.4  146109.65  4151.46  2.84
965.7  148657.05  4168.98  2.80
966.9  153628.75  4301.61  2.80
968.2  163346.05  4553.20  2.79
969.5  170864.00  4749.44  2.78
970.8  175820.00  4956.00  2.82
972.0  177486.75  4993.70  2.81
973.3  174319.20  4971.78  2.85
974.6  170258.40  4945.01  2.90
975.8  167807.15  4849.18  2.89
977.1  169156.00  4814.44  2.85
978.4  170558.05  4711.92  2.76
979.6  171869.10  4736.55  2.76
980.9  174759.75  4973.40  2.85
982.2  178301.75  5074.20  2.85
983.4  180544.30  5178.96  2.87
984.7  182716.20  5063.22  2.77
985.9  184413.90  5097.62  2.76
987.2  186186.60  5210.16  2.80
988.5  186270.70  5322.02  2.86
989.7  187363.80  5204.55  2.78
991.0  187459.40  5320.90  2.84
992.2  187544.00  5358.40  2.86
993.5  187639.20  5312.16  2.83
994.7  187517.50  5257.50  2.80
996.0  187399.85  5110.91  2.73
997.2  187741.20  5153.68  2.75
998.5  187159.50  5293.40  2.83
999.7  186307.20  5336.93  2.86
1001.0  186139.80  5474.70  2.94
1002.2  184194.65  5393.55  2.93
1003.4  182991.45  5272.64  2.88
1004.7  179738.35  5194.75  2.89
1005.9  176766.00  4991.04  2.82
1007.2  177215.85  4974.48  2.81
1008.4  176936.40  4937.76  2.79
1009.6  177376.90  5126.50  2.89
1010.9  177575.70  5102.75  2.87
1012.1  176209.15  4990.90  2.83
1013.3  176356.20  5097.00  2.89
1014.6  175715.20  5108.00  2.91
1015.8  175548.60  5030.34  2.87
1017.1  174593.90  4855.57  2.78
1018.3  175148.40  4899.99  2.80
1019.5  175412.20  4966.49  2.83
1020.8  174858.25  4934.65  2.82
1022.0  173461.05  4909.28  2.83
1023.2  173643.60  4897.64  2.82
1024.4  173830.95  4999.06  2.88
1025.7  174037.50  5105.10  2.93
1026.9  174812.40  4994.64  2.86
1028.1  174409.95  5000.57  2.87
1029.3  174951.00  4873.64  2.79
1030.6  174284.00  4997.85  2.87
1031.8  174259.80  5016.57  2.88
1033.0  173593.60  5153.56  2.97
1034.2  174281.25  4879.88  2.80
1035.4  173580.55  5020.93  2.89
1036.7  173967.40  5012.62  2.88
1037.9  174380.25  5003.96  2.87
1039.1  172888.05  4984.16  2.88
1040.3  174874.15  5133.92  2.94
1041.5  174481.30  5267.36  3.02
1042.7  174075.15  5070.15  2.91
1043.9  175391.55  5209.65  2.97
1045.2  174577.20  5166.06  2.96
1046.4  173726.50  5303.23  3.05
1047.6  174272.70  5059.53  2.90
1048.8  172926.00  5187.78  3.00
1050.0  173492.00  5125.90  2.95
1051.2  174059.70  5262.27  3.02
1052.4  174178.20  5183.88  2.98
1053.6  173811.30  5087.16  2.93
1054.8  173944.00  5000.89  2.88
1056.0  174088.20  5133.37  2.95
1057.2  173169.80  5012.81  2.89
1058.4  172220.20  5120.06  2.97
1059.7  171784.80  5487.57  3.19
1060.9  170747.50  5366.35  3.14
1062.1  170238.00  5257.35  3.09
1063.3  169705.80  4885.47  2.88
1064.5  171795.00  5021.70  2.92
1065.7  170663.85  5417.90  3.17
1066.9  171609.80  4982.22  2.90
1068.1  170433.00  5397.05  3.17
1069.3  168530.60  5520.83  3.28
1070.5  166527.20  4757.92  2.86
1071.7  170497.60  4871.36  2.86
1072.9  168431.40  5302.47  3.15
1074.1  167744.20  5161.36  3.08
1075.3  168570.00  5394.24  3.20
1076.5  167858.85  5266.16  3.14
