/*** Spectra Vista SIG Data ***/
name= 230505_1651_R941_T945.sig
instrument= HK: 9202056 (HR-512i)
integration= 20.0, 0.0, 0.0, 150.0, 0.0, 0.0
scan method= Time-based, Time-based
scan coadds= 250, 0, 0, 33, 0, 0
scan time= 5, 5
scan settings= AI, AI
external data set1= 0,0,0,0,0,0,0,0,0,0,0,0,0,0,0,0,0,0,0,0,0,0,0,0,0,0,0,0,0,0,0,0
external data set2= 0,0,0,0,0,0,0,0,0,0,0,0,0,0,0,0,0,0,0,0,0,0,0,0,0,0,0,0,0,0,0,0
external data dark= 0,0,0,0,0,0,0,0,0,0,0,0,0,0,0,0
external data mask= 0
optic= LENS 4(1), LENS 4(1)
temp= 25.7, 0.0, 0.0, 26.7, 0.0, 0.0
battery= 8.27, 8.28
error= 0, 0
units= Radiance, Radiance
time= 5/5/2023 4:49:27 PM, 5/5/2023 4:51:43 PM
longitude=                 , 07746.6527W     
latitude=                 , 3409.6268N      
gpstime=                 , 175909.000      
comm= 
memory slot= 941, 945
factors= 1.000, 1.000, 1.000 [Overlap: Preserve, Matching Type: None]
inclinometer x offset= 5, 6
inclinometer y offset= -9, 19
data= 
339.7  36959.18  4927.89  13.33
341.4  39887.10  5283.52  13.25
343.0  41529.28  5481.75  13.20
344.7  42466.25  5555.33  13.08
346.4  44552.10  5828.01  13.08
348.0  46614.85  6068.26  13.02
349.7  48999.60  6355.44  12.97
351.3  52776.58  6818.40  12.92
353.0  55552.35  7121.75  12.82
354.6  59260.55  7545.80  12.73
356.2  58951.20  7428.19  12.60
357.9  55047.38  6855.35  12.45
359.5  55444.20  6852.24  12.36
361.2  59437.80  7272.77  12.24
362.8  62479.73  7597.73  12.16
364.5  66499.80  8049.55  12.10
366.1  72416.10  8749.77  12.08
367.7  76400.10  9197.76  12.04
369.4  76980.75  9261.56  12.03
371.0  77427.35  9322.04  12.04
372.6  75360.00  9066.75  12.03
374.3  71567.75  8600.58  12.02
375.9  72705.88  8766.85  12.06
377.5  79164.80  9580.74  12.10
379.1  83674.53  10113.18  12.09
380.8  81662.00  9845.55  12.06
382.4  75658.50  9121.80  12.06
384.0  68187.83  8242.08  12.09
385.6  71125.75  8648.37  12.16
387.3  75348.00  9160.32  12.16
388.9  79112.00  9607.31  12.14
390.5  85529.68  10379.27  12.14
392.1  88578.00  10728.15  12.11
393.8  80360.00  9664.00  12.03
395.4  81823.88  9846.97  12.03
397.0  86671.00  10380.93  11.98
398.6  98349.70  11735.41  11.93
400.2  120241.60  14275.32  11.87
401.8  134841.88  15842.17  11.75
403.4  142293.20  16546.88  11.63
405.0  143640.00  16520.00  11.50
406.6  143162.25  16293.20  11.38
408.3  144996.08  16346.26  11.27
409.9  148552.40  16583.84  11.16
411.5  151317.00  16756.65  11.07
413.1  157075.00  17283.33  11.00
414.7  159703.95  17484.60  10.95
416.3  161497.88  17640.33  10.92
417.9  161177.40  17579.42  10.91
419.5  159824.18  17430.57  10.91
421.1  160949.40  17579.39  10.92
422.7  161619.70  17673.04  10.93
424.3  160368.90  17557.01  10.95
425.9  159937.53  17545.55  10.97
427.5  157368.00  17290.47  10.99
429.1  152352.93  16753.69  11.00
430.7  142962.68  15730.97  11.00
432.3  145519.08  16086.55  11.05
433.9  155842.75  17261.60  11.08
435.5  162720.83  18025.55  11.08
437.1  170639.00  18911.33  11.08
438.7  170349.85  18875.34  11.08
440.3  170759.40  18950.38  11.10
441.9  176542.88  19632.45  11.12
443.5  183348.83  20399.01  11.13
445.0  187143.13  20819.08  11.12
446.6  187947.65  20912.58  11.13
448.2  191949.30  21409.02  11.15
449.8  196882.08  22008.39  11.18
451.4  201827.40  22611.70  11.20
453.0  200388.65  22484.00  11.22
454.6  197513.25  22224.78  11.25
456.2  198285.90  22401.21  11.30
457.8  200114.25  22691.78  11.34
459.3  199977.68  22742.32  11.37
460.9  200569.60  22892.39  11.41
462.5  202959.60  23256.00  11.46
464.1  202755.60  23307.68  11.50
465.7  200613.60  23130.88  11.53
467.2  198513.63  22969.42  11.57
468.8  197518.35  22929.31  11.61
470.4  196566.75  22877.10  11.64
472.0  197351.85  23031.78  11.67
473.6  199324.68  23305.74  11.69
475.1  200509.05  23469.29  11.70
476.7  200465.15  23475.93  11.71
478.3  201747.30  23677.89  11.74
479.9  203129.78  23941.53  11.79
481.5  204205.55  24188.02  11.84
483.0  203666.18  24230.97  11.90
484.6  199449.60  23802.88  11.93
486.2  190006.08  22722.14  11.96
487.8  185465.70  22259.16  12.00
489.3  189187.50  22775.00  12.04
490.9  193030.80  23279.76  12.06
492.5  193296.68  23335.88  12.07
494.0  194727.50  23544.93  12.09
495.6  196346.33  23776.18  12.11
497.2  196663.23  23830.84  12.12
498.8  194291.63  23555.19  12.12
500.3  191040.85  23168.03  12.13
501.9  187347.50  22705.47  12.12
503.5  186457.70  22551.36  12.09
505.0  187126.85  22602.41  12.08
506.6  188476.88  22756.29  12.07
508.2  187531.20  22610.88  12.06
509.7  187019.33  22511.97  12.04
511.3  186697.13  22415.22  12.01
512.9  184731.98  22105.53  11.97
514.4  181276.75  21640.77  11.94
516.0  177060.00  21128.00  11.93
517.5  171432.90  20463.81  11.94
519.1  171431.33  20501.09  11.96
520.7  175144.20  20968.64  11.97
522.2  177067.75  21207.67  11.98
523.8  179383.48  21505.78  11.99
525.4  180168.23  21610.90  11.99
526.9  177851.00  21340.17  12.00
528.5  179417.63  21552.31  12.01
530.0  182342.93  21901.97  12.01
531.6  183364.60  22004.32  12.00
533.2  182229.03  21851.91  11.99
534.7  183218.00  21965.07  11.99
536.3  183424.40  21974.97  11.98
537.8  182503.83  21834.28  11.96
539.4  180835.20  21579.52  11.93
541.0  179096.40  21303.52  11.90
542.5  179165.40  21253.84  11.86
544.1  180410.10  21336.39  11.83
545.6  180999.38  21330.50  11.78
547.2  180732.58  21217.99  11.74
548.7  180810.00  21153.07  11.70
550.3  181103.03  21106.87  11.65
551.8  181255.73  21052.71  11.61
553.4  181753.00  21049.60  11.58
554.9  182474.60  21077.73  11.55
556.5  181667.80  20936.40  11.52
558.0  179979.50  20695.23  11.50
559.6  178470.25  20469.98  11.47
561.1  179383.48  20524.15  11.44
562.7  180430.75  20569.21  11.40
564.2  181613.95  20624.25  11.36
565.8  181240.80  20468.61  11.29
567.3  180916.13  20283.15  11.21
568.9  180350.60  20015.31  11.10
570.4  179127.45  19681.56  10.99
572.0  179226.38  19505.75  10.88
573.5  180385.80  19423.04  10.77
575.1  180560.80  19226.99  10.65
576.6  180087.25  18964.90  10.53
578.2  179363.80  18682.20  10.42
579.7  179269.35  18477.09  10.31
581.2  180348.90  18398.76  10.20
582.8  182032.60  18358.41  10.09
584.3  182499.00  18152.53  9.95
585.9  181541.55  17757.72  9.78
587.4  179301.60  17152.56  9.57
588.9  174328.25  16178.50  9.28
590.5  171193.20  15462.11  9.03
592.0  171481.43  15170.69  8.85
593.6  172244.80  14971.15  8.69
595.1  172528.95  14735.75  8.54
596.6  173118.00  14578.72  8.42
598.2  173558.88  14409.67  8.30
599.7  173374.83  14213.94  8.20
601.2  172932.20  14012.74  8.10
602.8  173009.45  13877.36  8.02
604.3  173809.85  13831.07  7.96
605.8  174484.00  13792.20  7.90
607.4  174322.13  13702.77  7.86
608.9  173281.20  13560.50  7.83
610.5  172181.63  13428.14  7.80
612.0  171208.05  13310.83  7.77
613.5  169971.75  13164.15  7.74
615.0  168843.33  13032.60  7.72
616.6  167376.40  12876.75  7.69
618.1  167435.10  12839.40  7.67
619.6  168283.00  12856.67  7.64
621.2  168710.30  12835.20  7.61
622.7  167942.40  12712.96  7.57
624.2  166719.60  12549.12  7.53
625.8  165206.43  12344.55  7.47
627.3  164025.75  12112.55  7.38
628.8  162669.15  11865.00  7.29
630.3  161897.38  11755.95  7.26
631.8  161582.85  11727.30  7.26
633.4  162128.45  11786.72  7.27
634.9  162722.20  11860.71  7.29
636.4  163435.88  11939.12  7.31
638.0  164423.10  12031.84  7.32
639.5  164430.00  12037.20  7.32
641.0  164021.55  12004.81  7.32
642.5  163775.85  11978.77  7.31
644.0  163529.00  11925.33  7.29
645.5  162743.05  11783.37  7.24
647.1  161363.60  11519.12  7.14
648.6  159861.85  11285.23  7.06
650.1  159078.75  11207.05  7.04
651.6  159302.80  11213.53  7.04
653.1  159632.33  11226.99  7.03
654.7  158259.30  11103.45  7.02
656.2  153641.78  10730.54  6.98
657.7  151653.60  10594.83  6.99
659.2  153904.08  10790.13  7.01
660.7  156715.50  11004.78  7.02
662.2  159162.90  11181.65  7.03
663.7  160296.83  11256.55  7.02
665.2  160636.95  11278.92  7.02
666.8  160692.08  11294.12  7.03
668.3  160587.60  11305.68  7.04
669.8  160409.15  11320.50  7.06
671.3  159918.70  11299.55  7.07
672.8  159624.60  11274.60  7.06
674.3  159305.75  11230.83  7.05
675.8  159201.25  11190.80  7.03
677.3  158946.55  11139.80  7.01
678.8  158693.15  11081.03  6.98
680.3  158259.80  11014.38  6.96
681.8  157704.40  10939.95  6.94
683.3  156608.93  10819.38  6.91
684.8  154325.30  10591.43  6.86
686.3  147315.60  9857.17  6.69
687.8  138765.90  8965.32  6.46
689.3  135369.33  8608.83  6.36
690.8  135598.80  8607.52  6.35
692.3  137599.18  8724.13  6.34
693.8  138693.00  8715.19  6.28
695.3  139861.80  8813.57  6.30
696.8  141989.30  9085.67  6.40
698.3  142492.00  9135.47  6.41
699.8  141425.23  8971.81  6.34
701.3  140095.28  8842.37  6.31
702.8  140146.05  8883.22  6.34
704.2  141225.00  9020.47  6.39
705.7  142281.20  9126.29  6.41
707.2  142952.03  9211.22  6.44
708.7  143325.60  9295.16  6.49
710.2  143646.88  9360.88  6.52
711.7  143513.75  9394.60  6.55
713.2  142978.00  9362.13  6.55
714.7  141499.50  9171.96  6.48
716.2  136571.30  8543.44  6.26
717.6  127143.00  7462.80  5.87
719.1  118454.10  6605.17  5.58
720.6  116742.40  6502.61  5.57
722.1  120254.25  6932.40  5.76
723.6  120422.05  6892.20  5.72
725.0  118803.60  6672.18  5.62
726.5  118164.83  6583.98  5.57
728.0  117978.53  6571.89  5.57
729.5  118150.00  6601.57  5.59
731.0  119574.85  6746.68  5.64
732.4  123139.50  7218.20  5.86
733.9  127604.58  7806.35  6.12
735.4  130408.30  8142.49  6.24
736.8  131841.00  8341.00  6.33
738.3  132679.23  8548.97  6.44
739.8  133229.25  8739.50  6.56
741.2  133631.10  8928.09  6.68
742.7  134436.80  9125.97  6.79
744.2  135592.80  9317.84  6.87
745.7  136186.13  9432.60  6.93
747.1  136653.30  9516.18  6.96
748.6  136570.58  9543.80  6.99
750.0  136007.63  9518.01  7.00
751.5  135397.60  9486.79  7.01
753.0  135133.03  9470.49  7.01
754.4  135005.00  9457.07  7.00
755.9  134531.25  9408.33  6.99
757.3  133224.65  9289.37  6.97
758.8  123035.45  8346.64  6.78
760.3  94847.25  5826.50  6.14
761.7  73691.05  3983.30  5.41
763.2  66858.00  3234.00  4.84
764.6  69064.20  3281.16  4.75
766.1  81345.60  4332.16  5.33
767.5  97398.68  5835.10  5.99
769.0  111107.00  7142.27  6.43
770.4  120114.13  8042.23  6.70
771.9  125090.00  8563.33  6.85
773.3  127562.25  8834.32  6.93
774.8  128449.75  8947.03  6.97
776.2  128910.90  9018.22  7.00
777.7  128890.30  9036.46  7.01
779.1  128612.00  9018.13  7.01
780.5  128351.88  8999.00  7.01
782.0  128072.73  8975.58  7.01
783.4  127564.80  8924.16  7.00
784.9  127008.50  8848.45  6.97
786.3  126395.20  8725.79  6.90
787.8  125244.73  8527.98  6.81
789.2  123610.65  8278.49  6.70
790.6  122049.38  8084.66  6.62
792.0  120868.30  7991.25  6.61
793.5  119920.50  7997.52  6.67
794.9  119556.45  8016.27  6.71
796.3  119276.43  7913.91  6.63
797.8  119478.90  7894.30  6.61
799.2  119427.55  7880.75  6.60
800.6  118759.40  7773.79  6.55
802.1  118080.45  7673.52  6.50
803.5  117445.90  7618.45  6.49
804.9  117315.90  7657.52  6.53
806.3  117691.00  7793.93  6.62
807.8  117630.40  7822.16  6.65
809.2  116712.75  7700.01  6.60
810.6  115336.88  7466.50  6.47
812.0  113223.80  7123.49  6.29
813.4  109118.75  6587.50  6.04
814.8  103187.75  5921.14  5.74
816.3  97580.63  5387.55  5.52
817.7  94079.70  5098.08  5.42
819.1  93249.83  5068.79  5.44
820.5  95634.00  5413.10  5.66
821.9  96755.08  5570.21  5.76
823.3  93809.10  5251.40  5.60
824.7  95827.00  5498.93  5.74
826.1  99237.60  5856.11  5.90
827.5  99949.50  5853.35  5.86
828.9  99064.13  5743.22  5.80
830.3  99199.38  5790.40  5.84
831.7  99504.90  5864.54  5.89
833.2  99854.03  5951.77  5.96
834.5  101189.90  6151.55  6.08
835.9  103273.95  6391.19  6.19
837.3  105064.13  6609.73  6.29
838.7  106431.88  6770.58  6.36
840.1  107475.00  6926.17  6.44
841.5  108104.90  7047.05  6.52
842.9  108302.03  7136.58  6.59
844.3  108238.00  7195.93  6.65
845.7  108545.60  7286.91  6.71
847.1  108742.75  7367.35  6.78
848.5  108168.38  7330.63  6.78
849.9  106029.85  7168.66  6.76
851.2  104752.73  7084.88  6.76
852.6  104181.38  7048.12  6.77
854.0  100561.18  6797.27  6.76
855.4  98764.15  6706.41  6.79
856.8  101358.65  6914.65  6.82
858.2  103535.10  7118.75  6.88
859.5  104665.00  7196.80  6.88
860.9  104944.80  7206.56  6.87
862.3  105109.50  7249.75  6.90
863.7  105157.70  7273.71  6.92
865.0  103597.50  7173.07  6.92
866.4  99598.10  6873.07  6.90
867.8  98632.05  6836.50  6.93
869.1  100011.00  6944.16  6.94
870.5  101203.50  7014.23  6.93
871.9  101869.10  7087.67  6.96
873.2  101959.70  7097.39  6.96
874.6  101427.20  7052.36  6.95
876.0  101102.40  7034.37  6.96
877.3  101067.13  7001.90  6.93
878.7  100895.85  6993.80  6.93
880.0  100144.20  6940.00  6.93
881.4  99474.00  6870.45  6.91
882.8  99467.70  6873.09  6.91
884.1  99691.25  6876.75  6.90
885.5  99248.48  6813.53  6.87
886.8  98412.60  6738.16  6.85
888.2  98153.13  6730.50  6.86
889.5  98128.80  6723.64  6.85
890.9  97950.10  6675.80  6.82
892.2  96640.68  6481.57  6.71
893.6  94301.98  6153.04  6.52
894.9  90612.90  5665.80  6.25
896.2  85326.63  5065.38  5.94
897.6  80319.00  4559.20  5.68
898.9  75349.00  4125.07  5.47
900.3  72188.68  3860.18  5.35
901.6  71095.50  3723.44  5.24
903.0  73410.20  3960.17  5.39
904.3  78371.18  4463.35  5.70
905.6  80685.48  4678.96  5.80
907.0  78092.63  4351.97  5.57
908.3  74022.33  3958.80  5.35
909.6  71304.65  3717.83  5.21
911.0  70862.40  3693.09  5.21
912.3  70884.63  3670.22  5.18
913.6  69661.05  3545.68  5.09
914.9  68755.40  3479.31  5.06
916.2  68138.55  3424.25  5.03
917.6  68304.30  3410.20  4.99
918.9  70642.23  3661.80  5.18
920.2  74101.30  4084.08  5.51
921.5  75577.60  4285.87  5.67
922.9  75525.00  4261.20  5.64
924.2  74347.78  4128.64  5.55
925.5  73794.88  3992.45  5.41
926.8  73250.10  3942.11  5.38
928.1  69177.25  3509.48  5.07
929.4  62435.10  2881.62  4.62
930.7  54013.20  2307.36  4.27
932.0  44790.95  1760.71  3.93
933.4  36307.55  1337.97  3.69
934.7  31149.68  1094.28  3.51
936.0  29391.88  960.77  3.27
937.3  28689.95  898.57  3.13
938.6  32506.55  1141.95  3.51
939.9  38514.00  1414.80  3.67
941.2  40994.00  1485.87  3.62
942.5  40327.35  1432.06  3.55
943.8  37858.13  1324.00  3.50
945.1  36407.85  1290.76  3.55
946.4  35901.60  1253.71  3.49
947.7  36873.00  1359.24  3.69
949.0  37739.70  1383.05  3.66
950.2  38795.25  1435.20  3.70
951.5  39203.10  1428.33  3.64
952.8  39363.50  1420.17  3.61
954.1  40261.95  1475.49  3.66
955.4  40236.00  1500.87  3.73
956.7  41369.50  1654.78  4.00
958.0  42765.60  1779.84  4.16
959.3  43032.15  1778.33  4.13
960.5  44526.60  1808.36  4.06
961.8  46854.00  1908.87  4.07
963.1  48769.20  2085.06  4.28
964.4  50410.53  2264.43  4.49
965.7  51563.70  2340.48  4.54
966.9  54468.38  2644.28  4.85
968.2  59476.18  3111.35  5.23
969.5  63712.00  3436.59  5.39
970.8  66375.00  3776.00  5.69
972.0  67083.98  3770.34  5.62
973.3  65369.70  3600.96  5.51
974.6  63220.95  3380.13  5.35
975.8  61890.85  3275.32  5.29
977.1  62782.90  3383.12  5.39
978.4  63710.40  3495.22  5.49
979.6  64620.08  3653.91  5.65
980.9  66312.00  3868.20  5.83
982.2  68008.38  4040.57  5.94
983.4  69772.10  4171.94  5.98
984.7  71178.60  4402.80  6.19
985.9  72341.23  4597.85  6.36
987.2  73172.10  4801.52  6.56
988.5  73960.43  4904.61  6.63
989.7  74465.10  4964.34  6.67
991.0  74492.60  5075.32  6.81
992.2  74933.88  5135.13  6.85
993.5  74970.00  5140.80  6.86
994.7  75357.50  5257.50  6.98
996.0  75318.60  5200.57  6.90
997.2  75464.60  5276.39  6.99
998.5  75147.38  5293.40  7.04
999.7  75202.13  5304.58  7.05
1001.0  74655.00  5242.44  7.02
1002.2  73779.63  5020.41  6.80
1003.4  73403.35  5100.33  6.95
1004.7  72207.03  5125.49  7.10
1005.9  71226.30  5129.68  7.20
1007.2  71508.15  5112.66  7.15
1008.4  70980.30  5212.08  7.34
1009.6  71258.35  5126.50  7.19
1010.9  71438.50  5238.82  7.33
1012.1  71298.50  5228.56  7.33
1013.3  71358.00  5300.88  7.43
1014.6  71001.20  5312.32  7.48
1015.8  70835.40  5475.20  7.73
1017.1  71283.90  5509.87  7.73
1018.3  70893.40  5490.76  7.75
1019.5  70798.90  5424.39  7.66
1020.8  70265.13  5435.27  7.74
1022.0  69820.80  5382.02  7.71
1023.2  70125.30  5342.88  7.62
1024.4  69873.23  5453.52  7.80
1025.7  70195.13  5569.20  7.93
1026.9  70757.40  5628.88  7.96
1028.1  70739.70  5529.08  7.82
1029.3  70605.23  5415.15  7.67
1030.6  70482.50  5296.87  7.52
1031.8  70628.03  5456.62  7.73
1033.0  69844.30  5424.80  7.77
1034.2  70409.63  5484.05  7.79
1035.4  71010.23  5451.29  7.68
1036.7  70766.40  5602.34  7.92
1037.9  70510.28  5559.95  7.89
1039.1  70089.75  5503.34  7.85
1040.3  70591.40  5668.70  8.03
1041.5  70780.15  5596.57  7.91
1042.7  70137.08  5408.16  7.71
1043.9  70330.28  5672.73  8.07
1045.2  70365.30  5581.72  7.93
1046.4  70404.95  5486.10  7.79
1047.6  69334.30  5621.70  8.11
1048.8  70131.10  5508.01  7.85
1050.0  69988.25  5520.20  7.89
1051.2  69826.28  5532.13  7.92
1052.4  69463.93  5529.47  7.96
1053.6  68888.63  5228.47  7.59
1054.8  69577.60  5508.23  7.92
1056.0  69188.90  5356.56  7.74
1057.2  69495.78  5164.71  7.43
1058.4  68655.35  5430.37  7.91
1059.7  67998.15  5408.04  7.95
1060.9  67079.38  5528.97  8.24
1062.1  67594.50  5507.70  8.15
1063.3  66853.80  5314.02  7.95
1064.5  67396.50  5638.40  8.37
1065.7  67723.75  5417.90  8.00
1066.9  67813.55  5535.80  8.16
1068.1  68173.20  5491.73  8.06
1069.3  68283.95  5230.26  7.66
1070.5  66908.25  4956.17  7.41
1071.7  66981.20  5277.31  7.88
1072.9  67060.65  4990.56  7.44
1074.1  67742.85  5161.36  7.62
1075.3  67428.00  5394.24  8.00
1076.5  67472.68  5266.16  7.80
