/*** Spectra Vista SIG Data ***/
name= 230503_1613_R882_T893.sig
instrument= HK: 9202056 (HR-512i)
integration= 10.0, 0.0, 0.0, 70.0, 0.0, 0.0
scan method= Time-based, Time-based
scan coadds= 500, 0, 0, 71, 0, 0
scan time= 5, 5
scan settings= AI, AI
external data set1= 0,0,0,0,0,0,0,0,0,0,0,0,0,0,0,0,0,0,0,0,0,0,0,0,0,0,0,0,0,0,0,0
external data set2= 0,0,0,0,0,0,0,0,0,0,0,0,0,0,0,0,0,0,0,0,0,0,0,0,0,0,0,0,0,0,0,0
external data dark= 0,0,0,0,0,0,0,0,0,0,0,0,0,0,0,0
external data mask= 0
optic= LENS 4(1), LENS 4(1)
temp= 22.5, 0.0, 0.0, 25.7, 0.0, 0.0
battery= 8.35, 8.29
error= 0, 0
units= Radiance, Radiance
time= 5/3/2023 4:07:50 PM, 5/3/2023 4:13:47 PM
longitude= 07755.9963W     , 07756.0353W     
latitude= 3404.2484N      , 3404.2366N      
gpstime= 171645.000      , 172240.000      
comm= 
memory slot= 882, 893
factors= 1.000, 1.000, 1.000 [Overlap: Preserve, Matching Type: None]
inclinometer x offset= 5, 3
inclinometer y offset= -12, -33
data= 
339.7  89025.75  46247.14  51.95
341.4  96459.00  49731.63  51.56
343.0  101201.60  51504.39  50.89
344.7  103521.50  51989.68  50.22
346.4  108854.10  53913.07  49.53
348.0  114551.95  55921.01  48.82
349.7  120322.80  57985.20  48.19
351.3  130405.25  61915.67  47.48
353.0  137577.30  64386.10  46.80
354.6  147143.10  67800.69  46.08
356.2  148013.25  67046.10  45.30
357.9  138651.75  61623.00  44.44
359.5  139255.20  60628.11  43.54
361.2  150062.10  64207.50  42.79
362.8  158062.10  66554.30  42.11
364.5  168433.80  69862.93  41.48
366.1  183526.90  74963.40  40.85
367.7  194889.60  78355.54  40.21
369.4  196927.50  77935.55  39.58
371.0  198862.30  77368.20  38.91
372.6  194405.25  74333.89  38.24
374.3  184698.50  69399.54  37.57
375.9  186908.70  68953.58  36.89
377.5  203759.40  73992.10  36.31
379.1  216929.90  77662.59  35.80
380.8  212693.60  74996.80  35.26
382.4  198202.50  68797.93  34.71
384.0  177820.20  60668.74  34.12
385.6  184295.80  61755.60  33.51
387.3  195530.40  64584.00  33.03
388.9  205151.80  66834.23  32.58
390.5  221487.75  71090.72  32.10
392.1  231018.75  73117.29  31.65
393.8  209680.00  65554.29  31.26
395.4  210634.20  64648.80  30.69
397.0  223288.00  67448.09  30.21
398.6  249775.90  74297.06  29.75
400.2  305591.60  89478.31  29.28
401.8  342851.25  99039.75  28.89
403.4  361713.80  103026.40  28.48
405.0  363900.00  102128.57  28.07
406.6  360995.25  99750.75  27.63
408.3  363227.55  98746.95  27.19
409.9  370751.20  99213.60  26.76
411.5  375756.75  99056.89  26.36
413.1  388900.00  100985.71  25.97
414.7  394852.50  101105.70  25.61
416.3  398684.00  100672.79  25.25
417.9  397869.90  99090.51  24.91
419.5  394143.60  96878.36  24.58
421.1  396542.00  96147.14  24.25
422.7  398855.60  95441.34  23.93
424.3  395707.50  93532.46  23.64
425.9  395076.00  92184.40  23.33
427.5  389430.50  89721.43  23.04
429.1  377970.80  86012.73  22.76
430.7  355084.05  79925.16  22.51
432.3  359071.05  79768.00  22.22
433.9  385620.20  84513.15  21.92
435.5  402911.45  87313.88  21.67
437.1  423548.00  90684.29  21.41
438.7  424333.60  89863.23  21.18
440.3  424876.55  88993.05  20.95
441.9  439301.25  90903.86  20.69
443.5  457170.50  93471.95  20.45
445.0  467751.25  94561.07  20.22
446.6  470122.95  94021.24  20.00
448.2  479873.25  94900.96  19.78
449.8  492571.95  96309.85  19.55
451.4  505527.30  97740.53  19.33
453.0  503280.25  96302.64  19.13
454.6  495901.50  93911.74  18.94
456.2  497777.70  93208.36  18.72
457.8  502901.10  93137.56  18.52
459.3  503165.70  92205.81  18.33
460.9  504639.30  91499.41  18.13
462.5  510979.20  91665.94  17.94
464.1  511387.20  90797.49  17.76
465.7  506368.80  88996.46  17.58
467.2  501388.00  87234.11  17.40
468.8  499100.70  85934.10  17.22
470.4  497218.50  84743.36  17.04
472.0  499169.85  84221.98  16.87
473.6  504886.25  84320.74  16.70
475.1  508563.50  84083.34  16.53
476.7  509231.90  83370.00  16.37
478.3  512771.10  83121.15  16.21
479.9  516427.65  82925.29  16.06
481.5  519042.70  82579.14  15.91
483.0  517871.35  81645.36  15.77
484.6  507763.20  79345.37  15.63
486.2  484390.55  75084.65  15.50
487.8  471290.40  72392.40  15.36
489.3  480337.50  73044.64  15.21
490.9  490668.00  73895.14  15.06
492.5  491873.80  73447.31  14.93
494.0  495305.00  73307.64  14.80
495.6  499833.25  73315.40  14.67
497.2  501096.40  72853.32  14.54
498.8  495579.85  71429.82  14.41
500.3  487673.80  69687.51  14.29
501.9  478506.75  67785.64  14.17
503.5  476749.00  66909.51  14.03
505.0  478872.65  66609.48  13.91
506.6  482665.05  66558.79  13.79
508.2  480524.40  65730.34  13.68
509.7  478930.50  64995.43  13.57
511.3  477982.50  64330.45  13.46
512.9  473108.85  63137.96  13.35
514.4  464179.50  61479.29  13.24
516.0  453810.00  59712.86  13.16
517.5  439345.80  57487.44  13.08
519.1  438423.05  56888.46  12.98
520.7  447832.00  57560.80  12.85
522.2  453108.00  57719.07  12.74
523.8  459103.90  58086.65  12.65
525.4  461858.05  58126.71  12.59
526.9  456025.20  57072.21  12.52
528.5  459494.40  57048.04  12.42
530.0  467281.50  57430.97  12.29
531.6  470502.80  57359.89  12.19
533.2  467684.10  56686.06  12.12
534.7  470008.00  56652.00  12.05
536.3  470848.60  56366.49  11.97
537.8  468639.85  55718.70  11.89
539.4  464728.80  54888.51  11.81
541.0  460340.40  54005.31  11.73
542.5  460588.80  53650.46  11.65
544.1  463947.30  53654.90  11.56
545.6  465672.75  53478.21  11.48
547.2  465150.70  53078.12  11.41
548.7  465192.00  52740.00  11.34
550.3  465995.10  52471.60  11.26
551.8  466470.90  52168.05  11.18
553.4  467867.40  51970.29  11.11
554.9  469856.20  51817.70  11.03
556.5  468163.60  51254.34  10.95
558.0  464035.00  50436.57  10.87
559.6  460113.50  49640.00  10.79
561.1  462529.60  49539.57  10.71
562.7  465508.30  49509.52  10.64
564.2  469074.25  49536.29  10.56
565.8  468456.60  49185.86  10.50
567.3  468133.25  48850.84  10.44
568.9  467778.50  48532.89  10.38
570.4  465501.60  48034.35  10.32
572.0  466139.25  47833.82  10.26
573.5  469813.05  47941.35  10.20
575.1  471017.60  47797.49  10.15
576.6  470096.50  47440.57  10.09
578.2  468301.35  47003.96  10.04
579.7  467624.30  46667.24  9.98
581.2  469827.70  46614.46  9.92
582.8  473637.00  46725.71  9.87
584.3  474726.00  46572.71  9.81
585.9  472479.90  46095.60  9.76
587.4  468018.00  45392.40  9.70
588.9  457943.25  44175.07  9.65
590.5  451318.50  43252.24  9.58
592.0  452946.45  43117.05  9.52
593.6  455218.40  43080.51  9.46
595.1  455917.00  42902.67  9.41
596.6  456591.20  42739.54  9.36
598.2  456580.25  42524.07  9.31
599.7  454843.85  42150.13  9.27
601.2  452409.30  41728.15  9.22
602.8  451507.25  41435.49  9.18
604.3  452986.20  41346.54  9.13
605.8  454454.80  41262.83  9.08
607.4  454021.20  41011.46  9.03
608.9  451418.05  40571.55  8.99
610.5  448575.05  40113.86  8.94
612.0  446082.00  39685.84  8.90
613.5  442939.75  39213.61  8.85
615.0  440037.50  38755.40  8.81
616.6  436310.40  38239.20  8.76
618.1  436363.20  38043.00  8.72
619.6  438634.00  38048.86  8.67
621.2  440025.80  37970.80  8.63
622.7  438412.80  37642.97  8.59
624.2  435568.50  37240.46  8.55
625.8  431994.45  36763.24  8.51
627.3  430023.00  36412.79  8.47
628.8  427575.05  36024.40  8.43
630.3  425787.10  35721.01  8.39
631.8  424641.10  35487.03  8.36
633.4  425437.10  35414.81  8.32
634.9  426345.30  35361.64  8.29
636.4  427683.05  35354.25  8.27
638.0  429676.80  35391.39  8.24
639.5  429492.00  35280.00  8.21
641.0  428116.15  35090.00  8.20
642.5  427256.20  34928.60  8.18
644.0  426689.00  34768.57  8.15
645.5  425422.50  34553.40  8.12
647.1  423486.80  34288.29  8.10
648.6  421176.60  34035.04  8.08
650.1  419136.00  33844.93  8.07
651.6  419608.25  33905.14  8.08
653.1  420298.35  33958.59  8.08
654.7  416918.15  33578.06  8.05
656.2  404818.20  32524.99  8.03
657.7  398132.00  31974.63  8.03
659.2  402897.95  32313.45  8.02
660.7  409504.00  32742.86  8.00
662.2  415439.70  33024.09  7.95
663.7  418075.05  32980.61  7.89
665.2  418722.60  32844.67  7.84
666.8  418742.20  32799.29  7.83
668.3  418388.40  32686.16  7.81
669.8  417886.15  32488.81  7.77
671.3  416711.70  32258.70  7.74
672.8  415973.40  32050.66  7.70
674.3  415267.80  31836.20  7.67
675.8  415009.00  31649.07  7.63
677.3  414523.20  31477.60  7.59
678.8  413910.20  31315.43  7.57
680.3  412908.50  31125.97  7.54
681.8  411648.65  30917.25  7.51
683.3  409034.45  30577.17  7.48
684.8  403876.60  30012.71  7.43
686.3  388614.00  28764.71  7.40
687.8  368768.40  27206.40  7.38
689.3  360636.85  26407.40  7.32
690.8  361063.20  26196.34  7.26
692.3  366968.10  26402.12  7.19
693.8  371908.90  26568.90  7.14
695.3  375312.60  26624.37  7.09
696.8  379012.80  26743.17  7.06
698.3  379568.00  26656.00  7.02
699.8  377669.95  26402.12  6.99
701.3  374461.80  26122.70  6.98
702.8  373939.20  25998.91  6.95
704.2  375362.60  26046.89  6.94
705.7  377076.00  26110.86  6.92
707.2  377677.70  26098.87  6.91
708.7  377484.60  26051.57  6.90
710.2  377357.00  25991.97  6.89
711.7  376319.00  25871.07  6.87
713.2  374610.40  25720.34  6.87
714.7  371765.10  25446.13  6.84
716.2  363688.00  24817.17  6.82
717.6  347274.00  23621.14  6.80
719.1  330132.20  22423.31  6.79
720.6  325312.00  22063.09  6.78
722.1  330924.00  22383.93  6.76
723.6  331700.80  22403.56  6.75
725.0  329015.70  22203.13  6.75
726.5  327987.90  22098.64  6.74
728.0  327229.20  22029.30  6.73
729.5  326761.20  22001.71  6.73
731.0  328900.65  22140.54  6.73
732.4  334243.80  22512.13  6.74
733.9  341086.55  22974.70  6.74
735.4  345225.10  23250.78  6.73
736.8  346845.00  23353.71  6.73
738.3  346967.50  23349.64  6.73
739.8  346211.25  23314.50  6.73
741.2  344991.15  23236.59  6.74
742.7  345202.40  23234.86  6.73
744.2  346743.60  23326.80  6.73
745.7  347382.75  23352.96  6.72
747.1  347931.60  23376.81  6.72
748.6  347306.10  23321.01  6.71
750.0  345523.05  23185.63  6.71
751.5  343748.60  23043.43  6.70
753.0  342648.85  22958.15  6.70
754.4  342178.00  22895.71  6.69
755.9  341000.00  22767.86  6.68
757.3  338074.10  22472.82  6.65
758.8  316977.00  20913.57  6.60
760.3  252388.50  16806.86  6.66
761.7  200797.50  13470.46  6.71
763.2  185526.00  12370.29  6.67
764.6  190542.60  12682.54  6.66
766.1  218467.20  14467.20  6.62
767.5  254844.60  16817.11  6.60
769.0  285919.00  18857.07  6.60
770.4  306154.25  20191.32  6.60
771.9  317030.00  20920.00  6.60
773.3  322195.50  21235.11  6.59
774.8  323895.00  21358.07  6.59
776.2  324627.00  21369.81  6.58
777.7  324493.40  21338.90  6.58
779.1  323528.00  21259.14  6.57
780.5  322809.65  21189.44  6.56
782.0  322134.95  21140.48  6.56
783.4  320870.40  21021.26  6.55
784.9  319680.20  20917.09  6.54
786.3  318746.00  20814.46  6.53
787.8  316924.65  20669.74  6.52
789.2  314490.75  20480.35  6.51
790.6  311625.90  20254.63  6.50
792.0  308959.70  20063.40  6.49
793.5  305744.40  19844.74  6.49
794.9  304091.10  19731.66  6.49
796.3  304065.35  19691.19  6.48
797.8  304684.50  19704.07  6.47
799.2  304628.10  19667.54  6.46
800.6  303287.60  19550.06  6.45
802.1  302040.30  19434.16  6.43
803.5  300733.40  19338.94  6.43
804.9  299566.80  19253.74  6.43
806.3  299310.50  19228.82  6.42
807.8  298944.15  19174.55  6.41
809.2  296884.90  19040.71  6.41
810.6  294789.75  18876.64  6.40
812.0  292042.20  18651.79  6.39
813.4  285918.75  18214.29  6.37
814.8  276067.75  17534.97  6.35
816.3  265529.25  16853.76  6.35
817.7  257922.60  16338.77  6.33
819.1  254689.65  16138.30  6.34
820.5  257565.00  16302.00  6.33
821.9  259578.20  16378.71  6.31
823.3  253976.80  16078.15  6.33
824.7  256913.40  16236.87  6.32
826.1  263278.40  16596.80  6.30
827.5  265154.25  16711.93  6.30
828.9  263407.50  16615.21  6.31
830.3  262894.50  16580.93  6.31
831.7  262986.60  16593.51  6.31
833.2  262906.80  16555.22  6.30
834.5  264525.80  16675.20  6.30
835.9  267853.95  16869.45  6.30
837.3  270980.50  17048.18  6.29
838.7  272753.75  17192.14  6.30
840.1  274132.90  17277.89  6.30
841.5  274806.00  17302.60  6.30
842.9  274404.45  17251.65  6.29
844.3  273585.00  17192.50  6.28
845.7  273638.00  17195.77  6.28
847.1  273586.00  17170.49  6.28
848.5  272095.25  17065.75  6.27
849.9  266693.10  16737.40  6.28
851.2  263282.25  16530.88  6.28
852.6  262196.55  16423.48  6.26
854.0  253417.45  15904.66  6.28
855.4  247826.40  15608.11  6.30
856.8  253649.60  15901.29  6.27
858.2  259350.30  16181.94  6.24
859.5  261922.00  16385.57  6.26
860.9  262800.00  16443.77  6.26
862.3  263084.20  16447.51  6.25
863.7  263073.70  16458.13  6.26
865.0  259720.75  16175.75  6.23
866.4  249823.70  15648.50  6.26
867.8  246486.90  15448.71  6.27
869.1  249461.40  15581.23  6.25
870.5  252626.85  15767.01  6.24
871.9  254576.10  15878.21  6.24
873.2  254801.40  15907.61  6.24
874.6  253766.10  15848.00  6.25
876.0  252956.60  15790.09  6.24
877.3  252515.45  15758.64  6.24
878.7  252393.90  15721.36  6.23
880.0  250672.80  15615.00  6.23
881.4  248895.75  15505.18  6.23
882.8  249096.15  15520.86  6.23
884.1  249552.50  15539.11  6.23
885.5  248832.45  15475.82  6.22
886.8  247139.75  15420.51  6.24
888.2  246336.30  15384.00  6.25
889.5  246457.75  15348.85  6.23
890.9  246083.80  15324.74  6.23
892.2  244341.20  15188.06  6.22
893.6  240771.00  14972.31  6.22
894.9  235090.80  14603.40  6.21
896.2  226243.00  14044.82  6.21
897.6  216972.00  13459.71  6.20
898.9  207085.00  12867.07  6.21
900.3  200004.35  12425.77  6.21
901.6  196761.60  12261.00  6.23
903.0  200775.60  12451.20  6.20
904.3  210302.55  13052.49  6.21
905.6  215072.65  13292.50  6.18
907.0  211214.25  13102.14  6.20
908.3  203321.95  12626.99  6.21
909.6  197821.85  12287.07  6.21
911.0  197121.20  12212.11  6.20
912.3  197678.25  12225.00  6.18
913.6  195686.85  12140.10  6.20
914.9  194098.40  12063.09  6.21
916.2  192985.00  12003.24  6.22
917.6  192876.90  11950.03  6.20
918.9  195906.30  12162.41  6.21
920.2  201419.40  12464.40  6.19
921.5  203526.40  12633.60  6.21
922.9  202566.00  12674.57  6.26
924.2  200948.65  12625.53  6.28
925.5  199949.75  12529.00  6.27
926.8  199652.20  12386.31  6.20
928.1  193358.85  12003.58  6.21
929.4  180787.35  11222.64  6.21
930.7  163612.80  10238.29  6.26
932.0  142403.10  8922.50  6.27
933.4  122241.50  7662.90  6.27
934.7  108184.50  6821.49  6.31
936.0  103535.25  6447.25  6.23
937.3  101666.40  6326.64  6.22
938.6  109782.60  6896.17  6.28
939.9  125367.00  7691.57  6.14
941.2  132136.00  8130.57  6.15
942.5  131317.20  8163.90  6.22
943.8  124538.75  7802.14  6.26
945.1  119956.50  7516.07  6.27
946.4  118817.20  7448.97  6.27
947.7  121030.20  7560.51  6.25
949.0  123150.60  7629.91  6.20
950.2  125580.00  7880.79  6.28
951.5  127638.00  7944.81  6.22
952.8  127352.50  8005.01  6.29
954.1  129026.60  8139.84  6.31
955.4  128851.00  8074.57  6.27
956.7  130922.30  8204.37  6.27
958.0  134476.80  8404.80  6.25
959.3  134884.40  8484.20  6.29
960.5  138186.00  8700.60  6.30
961.8  142644.40  8998.94  6.31
963.1  146307.60  9238.89  6.31
964.4  149344.55  9396.61  6.29
965.7  151948.35  9560.44  6.29
966.9  157539.30  9816.28  6.23
968.2  166760.95  10407.31  6.24
969.5  174339.20  10922.06  6.26
970.8  178180.00  11294.29  6.34
972.0  179893.35  11431.35  6.35
973.3  176774.40  11311.46  6.40
974.6  173388.15  10998.84  6.34
975.8  170359.35  10846.85  6.37
977.1  171758.40  11060.20  6.44
978.4  173876.30  11092.44  6.38
979.6  174575.70  11213.06  6.42
980.9  177522.75  11348.04  6.39
982.2  181120.75  11578.04  6.39
983.4  182702.20  11714.31  6.41
984.7  184917.60  11845.63  6.41
985.9  186662.85  12101.49  6.48
987.2  188485.20  12040.29  6.39
988.5  188618.65  12186.98  6.46
989.7  188965.20  12239.27  6.48
991.0  189096.60  12279.00  6.49
992.2  189218.50  12319.54  6.51
993.5  190209.60  12362.40  6.50
994.7  189270.00  12392.68  6.55
996.0  190089.80  12296.91  6.47
997.2  189581.80  12226.84  6.45
998.5  189050.00  12288.25  6.50
999.7  189218.25  12337.31  6.52
1001.0  188130.60  12371.40  6.58
1002.2  186229.95  12357.18  6.64
1003.4  185059.15  12110.81  6.54
1004.7  181816.25  11873.71  6.53
1005.9  178845.60  11734.89  6.56
1007.2  178252.20  11695.95  6.56
1008.4  177965.10  11756.57  6.61
1009.6  178402.20  11717.71  6.57
1010.9  178596.25  11663.43  6.53
1012.1  178246.25  11640.57  6.53
1013.3  178395.00  11650.29  6.53
1014.6  177758.40  11675.43  6.57
1015.8  177601.80  11585.91  6.52
1017.1  177693.20  11659.27  6.56
1018.3  177233.50  11616.99  6.55
1019.5  177525.60  11623.70  6.55
1020.8  177003.75  11647.00  6.58
1022.0  176733.90  11688.75  6.61
1023.2  175869.80  11608.04  6.60
1024.4  176103.25  11686.11  6.64
1025.7  176358.00  11602.50  6.58
1026.9  176001.60  11722.11  6.66
1028.1  176849.25  11848.03  6.70
1029.3  176200.65  11960.94  6.79
1030.6  175565.50  11899.64  6.78
1031.8  176900.10  11881.35  6.72
1033.0  176306.00  11818.31  6.70
1034.2  175675.50  11552.36  6.58
1035.4  175015.10  11681.34  6.67
1036.7  175441.70  11583.79  6.60
1037.9  175896.60  11914.18  6.77
1039.1  176003.15  12015.39  6.83
1040.3  176478.50  12147.22  6.88
1041.5  176127.35  12227.80  6.94
1042.7  177455.25  11830.35  6.67
1043.9  177128.10  11659.69  6.58
1045.2  176358.60  11706.34  6.64
1046.4  175555.20  11755.93  6.70
1047.6  174272.70  12046.50  6.91
1048.8  174847.40  12351.86  7.06
1050.0  175463.50  12110.64  6.90
1051.2  176083.65  12143.70  6.90
1052.4  176251.75  11848.86  6.72
1053.6  175930.95  11506.67  6.54
1054.8  176118.30  11803.34  6.70
1056.0  176320.10  11797.19  6.69
1057.2  175448.35  12043.76  6.86
1058.4  174547.50  12301.44  7.05
1059.7  174170.70  11929.50  6.85
1060.9  173186.75  11847.79  6.84
1062.1  170238.00  12159.86  7.14
1063.3  172277.10  11754.51  6.82
1064.5  174438.00  12459.86  7.14
1065.7  173372.80  11996.78  6.92
1066.9  174377.70  12653.26  7.26
1068.1  176114.10  12173.79  6.91
1069.3  171436.30  12453.00  7.26
1070.5  172474.60  11894.80  6.90
1071.7  170497.60  12178.40  7.14
1072.9  171550.50  12476.40  7.27
1074.1  170970.05  12442.56  7.28
1075.3  171941.40  12040.71  7.00
1076.5  171150.20  12225.01  7.14
