/*** Spectra Vista SIG Data ***/
name= 230505_1329_R918_T926.sig
instrument= HK: 9202056 (HR-512i)
integration= 70.0, 0.0, 0.0, 40.0, 0.0, 0.0
scan method= Time-based, Time-based
scan coadds= 71, 0, 0, 125, 0, 0
scan time= 5, 5
scan settings= AI, AI
external data set1= 0,0,0,0,0,0,0,0,0,0,0,0,0,0,0,0,0,0,0,0,0,0,0,0,0,0,0,0,0,0,0,0
external data set2= 0,0,0,0,0,0,0,0,0,0,0,0,0,0,0,0,0,0,0,0,0,0,0,0,0,0,0,0,0,0,0,0
external data dark= 0,0,0,0,0,0,0,0,0,0,0,0,0,0,0,0
external data mask= 0
optic= LENS 4(1), LENS 4(1)
temp= 24.1, 0.0, 0.0, 26.7, 0.0, 0.0
battery= 8.31, 8.28
error= 0, 0
units= Radiance, Radiance
time= 5/5/2023 1:24:32 PM, 5/5/2023 1:29:30 PM
longitude= 07746.1433W     , 07746.5416W     
latitude= 3411.2556N      , 3410.9314N      
gpstime= 143234.883      , 143733.000      
comm= 
memory slot= 918, 926
factors= 1.000, 1.000, 1.000 [Overlap: Preserve, Matching Type: None]
inclinometer x offset= 9, 8
inclinometer y offset= -38, 8
data= 
339.7  3982.39  55933.35  1404.52
341.4  4171.20  60395.50  1447.92
343.0  4256.36  62876.49  1477.23
344.7  4326.75  64059.94  1480.56
346.4  4439.90  67057.80  1510.34
348.0  4579.56  70106.09  1530.85
349.7  4733.49  73359.00  1549.79
351.3  4993.83  78823.49  1578.42
353.0  5252.50  82660.03  1573.73
354.6  5538.54  87752.45  1584.40
356.2  5572.05  87124.54  1563.60
357.9  5385.75  80817.56  1500.58
359.5  5508.46  80833.10  1467.44
361.2  5905.34  86221.50  1460.06
362.8  6299.45  90391.00  1434.90
364.5  6760.93  95896.84  1418.40
366.1  7399.30  103954.10  1404.92
367.7  7907.91  109323.90  1382.46
369.4  8184.00  109712.49  1340.57
371.0  8483.80  109871.13  1295.07
372.6  8578.93  106387.13  1240.10
374.3  8539.43  100463.38  1176.46
375.9  8998.94  101357.16  1126.32
377.5  10024.11  109947.99  1096.83
379.1  10882.46  115798.10  1064.08
380.8  11096.00  112491.40  1013.80
382.4  10882.29  103732.88  953.23
384.0  10522.41  92873.93  882.63
385.6  11568.77  96129.00  830.94
387.3  12930.17  101322.00  783.61
388.9  14409.69  105789.83  734.16
390.5  16591.54  113636.60  684.91
392.1  18338.79  117153.56  638.83
393.8  18000.00  105440.00  585.78
395.4  19950.90  106064.44  531.63
397.0  22727.53  111331.84  489.85
398.6  27698.20  124747.35  450.38
400.2  35837.54  151144.50  421.75
401.8  42337.25  167977.69  396.76
403.4  46858.50  175561.40  374.66
405.0  49371.43  175185.00  354.83
406.6  51059.25  172528.13  337.90
408.3  53296.80  172626.30  323.90
409.9  55889.49  174870.00  312.89
411.5  57967.39  176273.44  304.09
413.1  61042.86  181287.50  296.98
414.7  62755.50  182887.95  291.43
416.3  64020.79  183622.31  286.82
417.9  64364.83  182128.65  282.96
419.5  64210.95  179601.68  279.71
421.1  65007.09  179952.60  276.82
422.7  65608.09  179969.90  274.31
424.3  65369.89  177843.43  272.06
425.9  65473.18  176710.19  269.90
427.5  64661.50  173276.63  267.97
429.1  62854.17  167212.35  266.03
430.7  59196.28  156493.73  264.36
432.3  60384.81  158663.54  262.75
433.9  64914.95  169500.45  261.11
435.5  67995.35  176561.51  259.67
437.1  71537.71  184651.50  258.12
438.7  71659.02  183962.24  256.72
440.3  72016.30  183921.15  255.39
441.9  74636.68  189624.38  254.06
443.5  77740.41  196460.28  252.71
445.0  79575.89  200056.56  251.40
446.6  80108.29  200433.89  250.20
448.2  81982.91  204206.83  249.08
449.8  84290.24  209014.98  247.97
451.4  86600.19  213752.48  246.83
453.0  86190.58  211811.33  245.75
454.6  85115.44  208286.70  244.71
456.2  85597.98  208570.31  243.66
457.8  86562.66  209988.18  242.59
459.3  86659.99  209388.15  241.62
460.9  87057.30  209503.25  240.65
462.5  88232.91  211486.80  239.69
464.1  88302.86  210823.80  238.75
465.7  87504.34  208141.20  237.86
467.2  86721.82  205492.06  236.96
468.8  86404.48  203981.70  236.08
470.4  86108.79  202530.38  235.20
472.0  86562.28  202849.54  234.34
473.6  87572.89  204423.73  233.43
475.1  88209.60  205123.28  232.54
476.7  88309.81  204564.18  231.64
478.3  88971.02  205386.56  230.85
479.9  89675.87  206457.53  230.23
481.5  90225.77  207268.93  229.72
483.0  90065.54  206419.99  229.19
484.6  88287.09  201801.60  228.57
486.2  84207.95  192008.95  228.02
487.8  82247.40  187053.30  227.43
489.3  83973.21  190415.63  226.76
490.9  85777.89  193951.50  226.11
492.5  85997.37  193941.55  225.52
494.0  86703.14  195028.63  224.94
495.6  87513.95  196310.28  224.32
497.2  87729.56  196271.08  223.72
498.8  86735.14  193553.48  223.15
500.3  85337.21  189939.13  222.57
501.9  83751.04  185883.31  221.95
503.5  83408.74  184564.90  221.28
505.0  83775.20  184834.04  220.63
506.6  84438.58  185840.66  220.09
508.2  84078.00  184655.70  219.62
509.7  83896.14  183888.23  219.19
511.3  83796.80  183344.94  218.80
512.9  82961.16  181176.75  218.39
514.4  81435.00  177517.63  217.99
516.0  79555.71  173100.00  217.58
517.5  77063.40  167392.80  217.21
519.1  77073.29  167093.23  216.80
520.7  78764.40  170424.10  216.37
522.2  79670.36  172058.13  215.96
523.8  80722.89  174019.55  215.58
525.4  81092.75  174527.31  215.22
526.9  80089.46  172071.58  214.85
528.5  80791.18  173265.75  214.46
530.0  82123.18  175789.24  214.06
531.6  82591.26  176513.10  213.72
533.2  82097.46  175198.56  213.40
534.7  82544.00  175896.00  213.09
536.3  82653.37  175876.70  212.79
537.8  82258.75  174789.48  212.49
539.4  81518.57  172955.40  212.17
541.0  80745.77  171044.10  211.83
542.5  80789.14  170857.80  211.49
544.1  81354.90  171816.18  211.19
545.6  81624.64  172133.25  210.88
547.2  81516.95  171709.18  210.64
548.7  81552.00  171591.00  210.41
550.3  81695.32  171686.85  210.16
551.8  81781.65  171673.43  209.92
553.4  82012.54  171950.35  209.66
554.9  82331.97  172410.18  209.41
556.5  81972.74  171455.10  209.16
558.0  81209.29  169661.88  208.92
559.6  80516.25  168028.00  208.69
561.1  80920.36  168655.63  208.42
562.7  81385.69  169406.11  208.15
564.2  81924.38  170284.29  207.86
565.8  81761.11  169732.70  207.60
567.3  81621.74  169169.55  207.26
568.9  81380.00  168300.10  206.81
570.4  80845.33  166862.70  206.40
572.0  80885.68  166649.63  206.03
573.5  81401.55  167391.26  205.64
575.1  81489.37  167268.40  205.26
576.6  81265.07  166591.00  205.00
578.2  80920.38  165716.89  204.79
579.7  80875.48  165525.68  204.67
581.2  81348.71  166478.30  204.65
582.8  82097.98  168005.90  204.64
584.3  82305.07  168386.13  204.59
585.9  81859.59  167369.40  204.46
587.4  80847.26  165013.20  204.10
588.9  78651.46  160032.88  203.47
590.5  77236.49  156720.23  202.91
592.0  77355.51  156671.44  202.53
593.6  77686.89  157161.55  202.30
595.1  77786.97  157243.63  202.15
596.6  78014.29  157698.20  202.14
598.2  78167.64  158043.00  202.18
599.7  78056.35  157873.96  202.26
601.2  77815.45  157448.90  202.34
602.8  77829.04  157483.88  202.35
604.3  78164.56  158139.50  202.32
605.8  78450.57  158664.60  202.25
607.4  78362.29  158429.93  202.18
608.9  77907.43  157393.43  202.03
610.5  77411.32  156308.49  201.92
612.0  76968.73  155313.60  201.79
613.5  76405.07  154084.63  201.67
615.0  75884.40  152955.16  201.56
616.6  75221.49  151537.40  201.45
618.1  75232.80  151474.05  201.34
619.6  75592.86  152095.00  201.20
621.2  75777.89  152332.05  201.02
622.7  75423.09  151497.60  200.86
624.2  74867.91  150233.40  200.66
625.8  74155.24  148681.89  200.50
627.3  73610.57  147315.06  200.13
628.8  72975.40  145731.86  199.70
630.3  72600.56  144858.70  199.53
631.8  72436.37  144535.95  199.54
633.4  72649.50  145044.63  199.65
634.9  72875.48  145645.40  199.86
636.4  73165.87  146347.99  200.02
638.0  73558.80  147232.28  200.16
639.5  73530.00  147273.00  200.29
641.0  73307.85  146901.56  200.39
642.5  73157.30  146663.83  200.48
644.0  73007.86  146382.75  200.50
645.5  72632.66  145574.60  200.43
647.1  71996.06  144130.70  200.19
648.6  71312.41  142587.20  199.95
650.1  70901.14  141799.13  200.00
651.6  70943.94  142008.29  200.17
653.1  71048.57  142340.55  200.34
654.7  70408.86  141159.05  200.48
656.2  68303.16  137021.36  200.61
657.7  67361.14  135239.80  200.77
659.2  68287.33  137260.99  201.01
660.7  69517.18  139812.00  201.12
662.2  70576.44  141991.20  201.19
663.7  71041.54  142963.84  201.24
665.2  71164.61  143202.35  201.23
666.8  71174.45  143203.78  201.20
668.3  71107.59  143044.73  201.17
669.8  70998.48  142799.39  201.13
671.3  70767.13  142316.35  201.11
672.8  70621.66  141970.95  201.03
674.3  70473.06  141616.20  200.95
675.8  70411.43  141437.88  200.87
677.3  70299.00  141163.75  200.80
678.8  70164.29  140895.43  200.81
680.3  69947.51  140477.80  200.83
681.8  69686.50  139946.80  200.82
683.3  69187.33  138896.73  200.75
684.8  68187.66  136759.60  200.56
686.3  65063.23  130066.45  199.91
687.8  61245.60  121717.05  198.74
689.3  59707.10  118238.66  198.03
690.8  59836.80  118335.00  197.76
692.3  60749.44  120132.43  197.75
693.8  61285.91  121063.95  197.54
695.3  61809.43  122057.65  197.47
696.8  62743.29  124089.60  197.77
698.3  62936.00  124586.00  197.96
699.8  62460.46  123528.74  197.77
701.3  61848.19  122211.06  197.60
702.8  61882.67  122238.95  197.53
704.2  62315.77  123188.55  197.68
705.7  62742.63  124110.80  197.81
707.2  63002.28  124712.21  197.95
708.7  63118.80  125049.45  198.12
710.2  63231.35  125313.53  198.18
711.7  63145.29  125163.25  198.21
713.2  62865.14  124633.40  198.26
714.7  62199.94  123174.38  198.03
716.2  60025.43  118440.70  197.32
717.6  55866.86  109390.50  195.81
719.1  52008.77  101069.45  194.33
720.6  51229.26  99293.60  193.82
722.1  52740.43  102582.63  194.50
723.6  52808.94  102726.60  194.53
725.0  52068.73  101070.90  194.11
726.5  51778.46  100356.15  193.82
728.0  51657.36  100058.96  193.70
729.5  51723.89  100205.10  193.73
731.0  52339.43  101451.53  193.83
732.4  53864.01  104752.73  194.48
733.9  55762.35  108952.73  195.39
735.4  56957.53  111628.83  195.99
736.8  57553.71  112974.00  196.29
738.3  57874.34  113796.74  196.63
739.8  58055.25  114330.56  196.93
741.2  58174.39  114735.83  197.23
742.7  58458.40  115471.40  197.53
744.2  58900.80  116468.10  197.74
745.7  59131.50  116989.13  197.85
747.1  59290.63  117325.43  197.88
748.6  59204.79  117187.24  197.94
750.0  58925.81  116629.95  197.93
751.5  58638.54  116044.18  197.90
753.0  58472.50  115698.61  197.87
754.4  58386.29  115506.00  197.83
755.9  58151.79  115031.25  197.81
757.3  57546.64  113805.25  197.76
758.8  53111.38  104767.90  197.26
760.3  40782.43  79480.13  194.89
761.7  31483.93  60076.00  190.81
763.2  28464.86  53410.50  187.64
764.6  29418.17  54994.95  186.94
766.1  34790.40  65923.20  189.49
767.5  41756.83  80470.10  192.71
769.0  47685.79  92988.75  195.00
770.4  51551.68  101260.81  196.43
771.9  53670.00  105875.00  197.27
773.3  54689.75  108176.75  197.80
774.8  55044.79  109001.75  198.02
776.2  55206.21  109407.98  198.18
777.7  55176.00  109432.40  198.33
779.1  54992.57  109131.50  198.45
780.5  54852.69  108864.88  198.47
782.0  54698.69  108598.24  198.54
783.4  54440.23  108115.20  198.59
784.9  54182.14  107616.85  198.62
786.3  53887.94  107010.40  198.58
787.8  53374.02  105901.06  198.41
789.2  52663.76  104405.26  198.25
790.6  51996.26  102911.21  197.92
792.0  51455.60  101855.08  197.95
793.5  51001.71  101075.85  198.18
794.9  50796.45  100819.35  198.48
796.3  50663.00  100496.18  198.36
797.8  50723.73  100585.80  198.30
799.2  50674.81  100574.13  198.47
800.6  50353.83  99889.80  198.38
802.1  50034.31  99237.83  198.34
803.5  49746.09  98691.45  198.39
804.9  49639.20  98556.90  198.55
806.3  49740.79  98923.00  198.88
807.8  49703.39  98952.60  199.09
809.2  49269.09  98144.81  199.20
810.6  48659.46  96841.88  199.02
812.0  47748.57  94840.60  198.63
813.4  45991.07  90976.56  197.81
814.8  43482.41  85575.60  196.81
816.3  41074.18  80428.43  195.81
817.7  39545.26  77309.70  195.50
819.1  39193.01  76628.51  195.52
820.5  40161.00  78886.50  196.43
821.9  40619.86  80003.36  196.96
823.3  39351.40  77368.64  196.61
824.7  40150.30  79087.60  196.98
826.1  41588.80  82205.20  197.66
827.5  41869.29  82884.19  197.96
828.9  41465.32  82076.25  197.94
830.3  41433.86  82138.38  198.24
831.7  41558.70  82461.90  198.42
833.2  41682.66  82856.89  198.78
834.5  42228.40  84133.53  199.23
835.9  43045.51  86027.34  199.85
837.3  43764.29  87623.06  200.22
838.7  44271.79  88846.25  200.68
840.1  44689.13  89849.10  201.05
841.5  44907.83  90438.80  201.39
842.9  44930.12  90681.75  201.83
844.3  44871.36  90671.75  202.07
845.7  44960.23  90997.90  202.40
847.1  45034.10  91182.53  202.47
848.5  44744.75  90724.38  202.76
849.9  43828.53  88937.18  202.92
851.2  43282.09  87827.44  202.92
852.6  43039.24  87358.31  202.97
854.0  41511.88  84362.85  203.23
855.4  40733.37  82816.99  203.31
856.8  41728.83  84915.28  203.49
858.2  42614.87  86834.51  203.77
859.5  43027.57  87754.25  203.95
860.9  43124.23  87994.20  204.05
862.3  43158.89  88123.45  204.18
863.7  43170.54  88244.54  204.41
865.0  42503.54  86921.94  204.51
866.4  40870.20  83535.38  204.39
867.8  40406.38  82690.58  204.65
869.1  40920.94  83782.80  204.74
870.5  41354.31  84829.54  205.13
871.9  41669.96  85390.28  204.92
873.2  41656.14  85423.05  205.07
874.6  41487.80  84984.90  204.84
876.0  41294.94  84703.35  205.12
877.3  41239.45  84611.98  205.17
878.7  41169.39  84491.28  205.23
880.0  40836.94  83904.60  205.46
881.4  40524.21  83246.25  205.42
882.8  40525.01  83298.86  205.55
884.1  40531.43  83364.38  205.68
885.5  40393.46  82998.86  205.48
886.8  39960.33  82287.56  205.92
888.2  39838.15  81999.93  205.83
889.5  39816.15  82001.15  205.95
890.9  39725.94  81778.55  205.86
892.2  39235.81  80728.19  205.75
893.6  38273.82  78545.64  205.22
894.9  36765.00  75231.45  204.63
896.2  34609.21  70397.50  203.41
897.6  32507.14  65928.00  202.81
898.9  30545.93  61564.13  201.55
900.3  29222.24  58724.41  200.96
901.6  28767.60  57709.05  200.60
903.0  29682.77  59856.55  201.65
904.3  31656.03  64193.48  202.78
905.6  32585.61  66196.65  203.15
907.0  31599.29  63998.19  202.53
908.3  29906.04  60339.83  201.76
909.6  28696.26  57917.69  201.83
911.0  28602.06  57575.70  201.30
912.3  28565.75  57477.88  201.21
913.6  28037.85  56220.23  200.52
914.9  27686.46  55488.10  200.42
916.2  27442.04  55074.95  200.70
917.6  27424.89  55215.15  201.33
918.9  28335.36  57139.34  201.65
920.2  29746.60  60333.00  202.82
921.5  30374.40  61857.60  203.65
922.9  30346.29  61930.50  204.08
924.2  29904.99  60961.95  203.85
925.5  29686.25  60459.44  203.66
926.8  29375.97  59879.05  203.84
928.1  27767.31  56101.06  202.04
929.4  24895.63  49913.78  200.49
930.7  21575.31  42738.60  198.09
932.0  17845.00  34797.75  195.00
933.4  14335.36  27641.18  192.82
934.7  12363.94  23408.89  189.33
936.0  11594.21  21901.69  188.90
937.3  11222.91  21180.50  188.73
938.6  12846.90  24331.25  189.39
939.9  15270.86  29376.75  192.37
941.2  16261.14  31342.50  192.74
942.5  15980.40  30904.13  193.39
943.8  15013.21  28962.50  192.91
945.1  14310.60  27568.95  192.65
946.4  14104.20  27139.90  192.42
947.7  14501.31  27871.65  192.20
949.0  14818.43  28691.00  193.62
950.2  15249.00  29488.88  193.38
951.5  15433.78  30086.10  194.94
952.8  15348.46  29985.73  195.37
954.1  15741.51  30726.23  195.19
955.4  15738.57  30895.50  196.30
956.7  16269.69  31878.85  195.94
958.0  16950.86  33495.60  197.60
959.3  16896.50  33343.63  197.34
960.5  17474.31  34674.45  198.43
961.8  18221.00  36442.00  200.00
963.1  18932.14  38167.20  201.60
964.4  19717.49  39627.53  200.98
965.7  20217.99  40729.84  201.45
966.9  21388.31  43155.71  201.77
968.2  23416.46  47808.60  204.17
969.5  24905.60  51404.00  206.40
970.8  25875.71  53690.00  207.49
972.0  26214.75  54599.74  208.28
973.3  25516.54  52940.25  207.47
974.6  24680.31  51171.41  207.34
975.8  24337.05  50086.93  205.81
977.1  24536.91  50909.45  207.48
978.4  24934.28  51764.70  207.60
979.6  25132.71  52440.38  208.65
980.9  25755.11  54051.19  209.87
982.2  26579.14  55675.25  209.47
983.4  26922.37  57004.53  211.74
984.7  27569.91  58337.10  211.60
985.9  28058.33  59597.18  212.40
987.2  28458.86  60338.25  212.02
988.5  28734.44  60851.04  211.77
989.7  28825.20  61653.90  213.89
991.0  28884.89  61804.30  213.97
992.2  29064.54  62165.81  213.89
993.5  29008.80  62118.00  214.14
994.7  29041.43  62432.81  214.98
996.0  29205.17  62093.01  212.61
997.2  29055.19  62580.40  215.38
998.5  29032.68  62622.81  215.70
999.7  28971.88  62344.99  215.19
1001.0  28724.40  61714.80  214.85
1002.2  28494.20  61313.41  215.18
1003.4  28357.03  60997.15  215.10
1004.7  27606.39  59739.63  216.40
1005.9  27480.43  59008.65  214.73
1007.2  27537.30  58812.86  213.58
1008.4  27480.99  58893.08  214.30
1009.6  27683.10  58954.75  212.96
1010.9  27409.06  58936.76  215.03
1012.1  27500.85  59075.90  214.81
1013.3  27378.17  58870.35  215.03
1014.6  27291.31  58742.00  215.24
1015.8  27131.57  58772.85  216.62
1017.1  27008.19  58628.43  217.08
1018.3  27106.30  58643.44  216.35
1019.5  27021.33  58382.68  216.06
1020.8  26972.00  58464.88  216.76
1022.0  26962.05  58365.83  216.47
1023.2  26873.41  58159.48  216.42
1024.4  26780.68  58227.69  217.42
1025.7  26851.50  58012.50  216.05
1026.9  27011.83  58270.80  215.72
1028.1  27180.77  57933.38  213.14
1029.3  27135.26  58108.73  214.14
1030.6  26911.50  57987.88  215.48
1031.8  26968.78  58416.64  216.61
1033.0  26736.51  58316.60  218.12
1034.2  26689.93  58209.94  218.10
1035.4  26846.58  58099.28  216.41
1036.7  26748.01  57866.28  216.34
1037.9  26861.06  58000.39  215.93
1039.1  26923.36  57629.35  214.05
1040.3  26815.56  58157.69  216.88
1041.5  26807.10  58023.26  216.45
1042.7  26799.36  57884.21  215.99
1043.9  27040.56  58174.43  215.14
1045.2  26721.00  58340.85  218.33
1046.4  26646.77  57604.05  216.18
1047.6  26502.30  57622.43  217.42
1048.8  26625.11  57642.00  216.49
1050.0  26756.07  58159.25  217.37
1051.2  26600.49  58188.56  218.75
1052.4  26363.71  57541.01  218.26
1053.6  26647.03  57760.46  216.76
1054.8  26402.21  57075.38  216.18
1056.0  26463.96  56913.45  215.06
1057.2  26040.57  56394.11  216.56
1058.4  26265.24  57018.85  217.09
1059.7  25904.06  56665.13  218.75
1060.9  25786.36  56102.75  217.57
1062.1  25750.29  55702.88  216.32
1063.3  25345.67  55925.78  220.65
1064.5  25297.29  55503.00  219.40
1065.7  25928.52  55533.48  214.18
1066.9  26097.34  55358.00  212.12
1068.1  25564.95  56100.86  219.44
1069.3  26151.30  55208.30  211.11
1070.5  25913.67  55013.45  212.30
1071.7  25661.63  54041.65  210.59
1072.9  25398.39  53804.48  211.84
1074.1  25806.80  54839.45  212.50
1075.3  25044.69  55628.10  222.12
1076.5  25390.41  55130.11  217.13
