/*** Spectra Vista SIG Data ***/
name= 230503_1738_R894_T904.sig
instrument= HK: 9202056 (HR-512i)
integration= 10.0, 0.0, 0.0, 50.0, 0.0, 0.0
scan method= Time-based, Time-based
scan coadds= 300, 0, 0, 60, 0, 0
scan time= 3, 3
scan settings= AI, AI
external data set1= 0,0,0,0,0,0,0,0,0,0,0,0,0,0,0,0,0,0,0,0,0,0,0,0,0,0,0,0,0,0,0,0
external data set2= 0,0,0,0,0,0,0,0,0,0,0,0,0,0,0,0,0,0,0,0,0,0,0,0,0,0,0,0,0,0,0,0
external data dark= 0,0,0,0,0,0,0,0,0,0,0,0,0,0,0,0
external data mask= 0
optic= LENS 4(1), LENS 4(1)
temp= 21.5, 0.0, 0.0, 24.8, 0.0, 0.0
battery= 8.33, 8.29
error= 0, 0
units= Radiance, Radiance
time= 5/3/2023 5:33:55 PM, 5/3/2023 5:38:24 PM
longitude= 07756.1981W     , 07756.2092W     
latitude= 3406.5871N      , 3406.6337N      
gpstime= 184249.375      , 184718.000      
comm= 
memory slot= 894, 904
factors= 1.000, 1.000, 1.000 [Overlap: Preserve, Matching Type: None]
inclinometer x offset= 4, 6
inclinometer y offset= -11, -39
data= 
339.7  72299.70  47552.34  65.77
341.4  78557.60  51375.28  65.40
343.0  82392.75  53563.61  65.01
344.7  84612.00  54164.50  64.02
346.4  88951.10  56371.42  63.37
348.0  93670.85  58761.18  62.73
349.7  98701.20  61074.00  61.88
351.3  107055.20  65544.00  61.22
353.0  113243.90  68427.66  60.43
354.6  121383.30  72439.68  59.68
356.2  122222.10  72266.04  59.13
357.9  114729.00  66733.20  58.17
359.5  115554.80  65624.32  56.79
361.2  124746.00  69882.22  56.02
362.8  131677.70  72679.25  55.19
364.5  140644.65  76571.85  54.44
366.1  153687.10  82435.48  53.64
367.7  163292.40  86735.52  53.12
369.4  165299.75  86671.97  52.43
371.0  167157.90  86524.62  51.76
372.6  163672.50  83602.50  51.08
374.3  155861.25  78199.15  50.17
375.9  158171.20  77614.24  49.07
377.5  172723.20  83527.86  48.36
379.1  184094.90  88413.71  48.03
380.8  180667.20  86013.76  47.61
382.4  168601.50  79488.00  47.15
384.0  151528.50  69964.02  46.17
385.6  157496.20  71077.20  45.13
387.3  167263.20  74674.08  44.64
388.9  175664.60  77511.78  44.12
390.5  189970.00  82809.65  43.59
392.1  198218.25  86130.45  43.45
393.8  180080.00  77696.00  43.15
395.4  181430.55  76098.12  41.94
397.0  192365.55  79781.39  41.47
398.6  215821.00  87326.66  40.46
400.2  264140.60  106114.56  40.17
401.8  296490.25  118622.00  40.01
403.4  312995.20  124537.70  39.79
405.0  315240.00  124260.00  39.42
406.6  313062.75  121933.35  38.95
408.3  315479.85  121138.92  38.40
409.9  322457.60  122379.52  37.95
411.5  327267.00  122688.90  37.49
413.1  339200.00  125780.00  37.08
414.7  344813.70  126719.88  36.75
416.3  348521.25  126935.60  36.42
417.9  348175.80  125807.16  36.13
419.5  345403.05  123534.66  35.77
421.1  347921.20  123152.72  35.40
422.7  350325.80  123075.92  35.13
424.3  347936.30  121284.86  34.86
425.9  347699.00  120281.37  34.59
427.5  343018.00  117860.10  34.36
429.1  333178.30  113765.16  34.15
430.7  313257.30  106251.51  33.92
432.3  317422.95  105769.30  33.32
433.9  341137.30  112832.44  33.08
435.5  356756.80  117201.61  32.85
437.1  375288.00  122542.40  32.65
438.7  376200.35  122376.41  32.53
440.3  377074.60  121484.86  32.22
441.9  390226.50  124580.25  31.93
443.5  406378.05  128861.33  31.71
445.0  415981.25  131145.50  31.53
446.6  418420.75  131012.75  31.31
448.2  427537.75  132640.98  31.02
449.8  439242.70  135317.52  30.81
451.4  451115.40  138067.20  30.61
453.0  449358.80  136927.56  30.47
454.6  443164.05  133945.86  30.22
456.2  445192.70  133404.10  29.97
457.8  450064.45  133887.99  29.75
459.3  450605.25  133201.92  29.56
460.9  452217.70  132633.16  29.33
462.5  458265.60  133448.64  29.12
464.1  458836.80  132869.28  28.96
465.7  454675.20  130837.44  28.78
467.2  450532.00  128729.25  28.57
468.8  448776.00  127242.63  28.35
470.4  447322.50  126027.90  28.17
472.0  449458.65  125609.55  27.95
473.6  454819.20  126287.81  27.77
475.1  458346.35  126457.73  27.59
476.7  459209.90  125936.34  27.42
478.3  462630.15  126003.30  27.24
479.9  466198.20  126258.75  27.08
481.5  468861.70  126277.18  26.93
483.0  468090.15  125512.01  26.81
484.6  459148.80  122641.92  26.71
486.2  438190.90  116639.81  26.62
487.8  426837.60  112439.88  26.34
489.3  435337.50  113700.00  26.12
490.9  444912.00  115632.48  25.99
492.5  446179.80  115539.49  25.90
494.0  449607.00  115726.90  25.74
495.6  453905.55  116268.46  25.62
497.2  455250.50  116147.70  25.51
498.8  450447.25  114483.55  25.42
500.3  443500.70  112185.10  25.30
501.9  435283.25  109552.05  25.17
503.5  433721.60  108464.20  25.01
505.0  435751.10  108394.17  24.88
506.6  439401.60  108812.34  24.76
508.2  437626.80  108060.48  24.69
509.7  436437.00  107307.27  24.59
511.3  435863.25  106739.96  24.49
512.9  431657.10  105346.44  24.41
514.4  423736.50  103029.00  24.31
516.0  414480.00  100668.00  24.29
517.5  401477.40  97571.43  24.30
519.1  400907.65  96782.40  24.14
520.7  409670.80  98295.12  23.99
522.2  414586.50  99051.80  23.89
523.8  420189.15  100138.62  23.83
525.4  422779.35  100549.08  23.78
526.9  417525.00  99104.32  23.74
528.5  420817.20  99182.70  23.57
530.0  428002.35  100527.12  23.49
531.6  430998.40  101035.84  23.44
533.2  428555.60  100185.85  23.38
534.7  430892.00  100200.80  23.25
536.3  431789.60  100041.08  23.17
537.8  429929.85  99213.73  23.08
539.4  426447.60  98024.16  22.99
541.0  422500.80  96644.16  22.87
542.5  422832.00  96180.48  22.75
544.1  426026.00  96423.70  22.63
545.6  427710.75  96381.30  22.53
547.2  427386.10  95954.39  22.45
548.7  427560.00  95631.20  22.37
550.3  428386.70  95467.91  22.29
551.8  428992.20  95278.68  22.21
553.4  430401.40  95255.16  22.13
554.9  432401.80  95370.00  22.06
556.5  430904.40  94818.24  22.00
558.0  427160.00  93768.70  21.95
559.6  423610.25  92695.05  21.88
561.1  425898.65  92782.38  21.79
562.7  428663.40  93083.45  21.71
564.2  431961.70  93487.84  21.64
565.8  431436.00  93201.48  21.60
567.3  431148.05  93047.97  21.58
568.9  430844.50  92942.22  21.57
570.4  428645.25  92516.58  21.58
572.0  429270.00  92551.35  21.56
573.5  432724.95  93055.20  21.50
575.1  433899.20  93182.08  21.48
576.6  433191.50  92866.40  21.44
578.2  431705.25  92281.02  21.38
579.7  431283.00  91895.98  21.31
581.2  433596.20  92006.24  21.22
582.8  437406.60  92500.74  21.15
584.3  438594.50  92532.20  21.10
585.9  436624.20  91998.60  21.07
587.4  432410.40  90907.92  21.02
588.9  422606.00  88811.45  21.02
590.5  416166.30  87205.26  20.95
592.0  417489.45  86963.31  20.83
593.6  419627.00  87116.12  20.76
595.1  420350.70  87111.86  20.72
596.6  421296.80  87080.16  20.67
598.2  421691.25  86958.40  20.62
599.7  420494.85  86524.43  20.58
601.2  418650.05  85942.92  20.53
602.8  418174.50  85595.65  20.47
604.3  419778.70  85599.96  20.39
605.8  421295.60  85728.84  20.35
607.4  421070.40  85533.57  20.31
608.9  418799.55  84918.05  20.28
610.5  416331.30  84261.21  20.24
612.0  414181.95  83614.44  20.19
613.5  411389.00  82888.70  20.15
615.0  408841.65  82210.24  20.11
616.6  405478.40  81381.44  20.07
618.1  405669.60  81171.72  20.01
619.6  407854.00  81358.00  19.95
621.2  409313.00  81495.88  19.91
622.7  407846.40  81146.88  19.90
624.2  405305.10  80588.88  19.88
625.8  402002.95  79808.55  19.85
627.3  399996.75  79253.60  19.81
628.8  397596.15  78649.13  19.78
630.3  395944.45  78222.10  19.76
631.8  395020.60  77883.78  19.72
633.4  395929.60  77891.66  19.67
634.9  397076.65  77945.74  19.63
636.4  398489.95  78110.15  19.60
638.0  400528.50  78396.00  19.57
639.5  400512.00  78330.00  19.56
641.0  399318.15  78084.93  19.55
642.5  398647.20  77859.18  19.53
644.0  398137.00  77623.60  19.50
645.5  396887.80  77299.16  19.48
647.1  394754.40  76831.92  19.46
648.6  392290.40  76298.20  19.45
650.1  390373.50  75968.40  19.46
651.6  390840.25  76235.20  19.51
653.1  391563.15  76461.42  19.53
654.7  388527.05  75747.08  19.50
656.2  377293.95  73840.27  19.57
657.7  371416.80  72603.04  19.55
659.2  376183.60  73025.55  19.41
660.7  382620.75  74108.00  19.37
662.2  388407.50  75180.30  19.36
663.7  391039.95  75698.28  19.36
665.2  391742.80  75786.94  19.35
666.8  391972.40  75697.96  19.31
668.3  391689.00  75501.60  19.28
669.8  391355.25  75236.15  19.22
671.3  390394.10  74906.96  19.19
672.8  389715.45  74590.38  19.14
674.3  389170.10  74241.22  19.08
675.8  389001.50  74012.80  19.03
677.3  388615.50  73757.74  18.98
678.8  388163.60  73496.72  18.93
680.3  387333.80  73220.00  18.90
681.8  386174.95  72880.15  18.87
683.3  383799.90  72331.93  18.85
684.8  378967.20  71338.80  18.82
686.3  364115.60  68660.56  18.86
687.8  344853.60  65192.40  18.90
689.3  337063.30  63401.31  18.81
690.8  337548.00  63038.40  18.68
692.3  343013.70  63734.23  18.58
693.8  347122.40  64366.92  18.54
695.3  350101.70  64788.10  18.51
696.8  354116.20  65360.60  18.46
698.3  354984.00  65542.40  18.46
699.8  353105.60  65320.10  18.50
701.3  350087.90  64847.69  18.52
702.8  349810.60  64757.70  18.51
704.2  351475.40  64936.60  18.48
705.7  353438.40  65284.80  18.47
707.2  354320.05  65422.80  18.46
708.7  354469.20  65404.32  18.45
710.2  354640.75  65358.66  18.43
711.7  353849.00  65163.00  18.42
713.2  352366.40  64845.28  18.40
714.7  349479.60  64332.60  18.41
716.2  340769.20  62870.68  18.45
717.6  323028.00  59961.60  18.56
719.1  304983.40  56801.60  18.62
720.6  300179.20  55629.44  18.53
722.1  306453.50  56342.10  18.39
723.6  307249.90  56559.80  18.41
725.0  304310.70  56162.70  18.46
726.5  303105.30  55908.78  18.45
728.0  302487.75  55759.59  18.43
729.5  302297.20  55688.96  18.42
731.0  304773.45  56051.06  18.39
732.4  310850.10  57008.82  18.34
733.9  318659.25  58288.44  18.29
735.4  323528.15  59187.92  18.29
736.8  325584.00  59587.80  18.30
738.3  326206.80  59701.35  18.30
739.8  325998.75  59667.30  18.30
741.2  325428.30  59501.25  18.28
742.7  325988.80  59568.00  18.27
744.2  327810.00  59823.12  18.25
745.7  328600.50  59961.00  18.25
747.1  329245.50  60046.26  18.24
748.6  328719.75  59945.49  18.24
750.0  327085.45  59667.47  18.24
751.5  325479.70  59328.10  18.23
753.0  324553.15  59137.24  18.22
754.4  324198.00  59024.00  18.21
755.9  323062.50  58787.50  18.20
757.3  320230.95  58270.81  18.20
758.8  299536.90  54739.00  18.27
760.3  236715.00  44517.90  18.81
761.7  186758.00  35523.20  19.02
763.2  171534.00  31812.00  18.55
764.6  176356.80  32101.20  18.20
766.1  203750.40  36435.84  17.88
767.5  239374.80  42528.38  17.77
769.0  269821.50  48059.60  17.81
770.4  289672.75  51895.95  17.92
771.9  300300.00  54040.00  18.00
773.3  305569.25  55100.10  18.03
774.8  307307.00  55484.00  18.05
776.2  308070.30  55613.16  18.05
777.7  308034.65  55579.37  18.04
779.1  307174.00  55396.40  18.03
780.5  306470.55  55268.13  18.03
782.0  305751.35  55112.61  18.03
783.4  304512.00  54865.92  18.02
784.9  303342.20  54631.16  18.01
786.3  302355.60  54387.76  17.99
787.8  300395.70  54010.54  17.98
789.2  297734.10  53540.33  17.98
790.6  294723.60  53004.30  17.98
792.0  292049.80  52512.32  17.98
793.5  289332.00  51978.24  17.96
794.9  287846.55  51655.95  17.95
796.3  287730.90  51571.44  17.92
797.8  288275.00  51658.88  17.92
799.2  288320.00  51609.28  17.90
800.6  286982.80  51387.60  17.91
802.1  285570.45  51121.67  17.90
803.5  284367.60  50894.80  17.90
804.9  283405.20  50678.16  17.88
806.3  283572.75  50634.50  17.86
807.8  283147.50  50549.28  17.85
809.2  281222.15  50201.64  17.85
810.6  278966.25  49751.55  17.83
812.0  275748.00  49195.95  17.84
813.4  268918.75  48025.00  17.86
814.8  258131.45  46223.79  17.91
816.3  246727.80  44353.83  17.98
817.7  239028.40  42931.20  17.96
819.1  236278.35  42300.53  17.90
820.5  239778.00  42711.90  17.81
821.9  242093.05  42997.04  17.76
823.3  236074.30  42202.16  17.88
824.7  239324.90  42576.30  17.79
826.1  246153.60  43588.16  17.71
827.5  248120.25  43962.75  17.72
828.9  246228.75  43697.65  17.75
830.3  245962.75  43608.95  17.73
831.7  246205.80  43603.86  17.71
833.2  246408.60  43613.79  17.70
834.5  248584.00  43934.52  17.67
835.9  252356.00  44464.03  17.62
837.3  255802.25  45005.60  17.59
838.7  257922.50  45397.75  17.60
840.1  259659.60  45655.38  17.58
841.5  260411.40  45771.92  17.58
842.9  260249.25  45709.50  17.56
844.3  259532.00  45597.50  17.57
845.7  259842.40  45570.96  17.54
847.1  259753.00  45556.68  17.54
848.5  258389.25  45323.25  17.54
849.9  253271.60  44464.64  17.56
851.2  250158.15  43917.72  17.56
852.6  249224.55  43585.92  17.49
854.0  240754.80  42197.87  17.53
855.4  235501.70  41271.09  17.52
856.8  241169.50  42027.58  17.43
858.2  246536.55  42917.52  17.41
859.5  249120.00  43388.40  17.42
860.9  249835.20  43519.68  17.42
862.3  250134.00  43569.44  17.42
863.7  250153.30  43606.35  17.43
865.0  246998.25  43074.75  17.44
866.4  237489.00  41496.14  17.47
867.8  234554.10  40869.84  17.42
869.1  237384.60  41174.34  17.34
870.5  240597.00  41665.29  17.32
871.9  242204.90  41946.10  17.32
873.2  242472.30  42036.36  17.34
874.6  241285.80  41838.72  17.34
876.0  240519.40  41684.68  17.33
877.3  240326.45  41645.75  17.33
878.7  240051.90  41551.40  17.31
880.0  238597.20  41306.88  17.31
881.4  236883.00  41054.10  17.33
882.8  237142.95  40982.40  17.28
884.1  237442.50  41001.00  17.27
885.5  236576.85  40837.41  17.26
886.8  234727.35  40606.28  17.30
888.2  233997.05  40472.74  17.30
889.5  234191.65  40478.13  17.28
890.9  233883.20  40331.04  17.24
892.2  231984.25  39961.91  17.23
893.6  228024.30  39373.14  17.27
894.9  221923.80  38399.76  17.30
896.2  211920.75  36800.90  17.37
897.6  201966.00  35128.80  17.39
898.9  191865.50  33482.90  17.45
900.3  184833.35  32213.09  17.43
901.6  181645.80  31615.08  17.40
903.0  185730.40  32165.60  17.32
904.3  195862.30  33658.91  17.18
905.6  200982.60  34507.33  17.17
907.0  196647.75  33934.55  17.26
908.3  188271.20  32619.08  17.33
909.6  182839.55  31684.79  17.33
911.0  181936.40  31494.40  17.31
912.3  182274.75  31434.55  17.25
913.6  179789.10  31101.78  17.30
914.9  178265.60  30844.64  17.30
916.2  176952.40  30640.08  17.32
917.6  177230.10  30631.62  17.28
918.9  180648.80  31186.33  17.26
920.2  186877.60  32115.72  17.19
921.5  189728.00  32551.68  17.16
922.9  188892.00  32499.60  17.21
924.2  187401.55  32125.98  17.14
925.5  186205.25  32005.05  17.19
926.8  185699.80  31891.20  17.17
928.1  178848.50  30910.42  17.28
929.4  165007.05  28747.59  17.42
930.7  147531.20  25870.40  17.54
932.0  126342.60  22413.32  17.74
933.4  106550.80  19047.78  17.88
934.7  92889.45  16712.64  17.99
936.0  87986.00  15776.80  17.93
937.3  86262.40  15326.98  17.77
938.6  94210.60  16584.18  17.60
939.9  109254.00  18864.00  17.27
941.2  116216.00  20059.20  17.26
942.5  115105.20  20102.88  17.46
943.8  108816.25  19198.00  17.64
945.1  104383.20  18351.24  17.58
946.4  103430.80  18121.76  17.52
947.7  105847.20  18479.88  17.46
949.0  107701.60  18803.64  17.46
950.2  109882.50  19016.40  17.31
951.5  112139.10  19419.21  17.32
952.8  111607.10  19450.20  17.43
954.1  113486.90  19777.80  17.43
955.4  113044.00  19734.80  17.46
956.7  115347.90  20149.38  17.47
958.0  119150.40  20764.80  17.43
959.3  119282.10  20836.62  17.47
960.5  122832.00  21393.24  17.42
961.8  127547.00  21969.32  17.22
963.1  131464.80  22688.28  17.26
964.4  134787.50  23291.28  17.28
965.7  137686.05  23807.07  17.29
966.9  142455.75  24468.87  17.18
968.2  152532.20  26067.07  17.09
969.5  161017.60  27569.92  17.12
970.8  165790.00  28320.00  17.08
972.0  167860.35  28518.21  16.99
973.3  164498.40  28112.04  17.09
974.6  160243.20  27416.61  17.11
975.8  157598.35  26925.71  17.09
977.1  158095.80  27064.96  17.12
978.4  159939.65  27342.38  17.10
979.6  161042.70  27742.65  17.23
980.9  165089.25  28182.60  17.07
982.2  168435.25  28894.75  17.15
983.4  171912.70  29203.58  16.99
984.7  173176.80  29352.00  16.95
985.9  175418.10  29836.07  17.01
987.2  176992.20  29881.80  16.88
988.5  177661.55  30210.29  17.00
989.7  178556.10  30426.60  17.04
991.0  178454.80  30615.64  17.16
992.2  179171.50  30643.35  17.10
993.5  179071.20  30502.08  17.03
994.7  179631.25  30318.25  16.88
996.0  179330.00  30486.10  17.00
997.2  179458.50  30553.96  17.03
998.5  178652.25  30248.00  16.93
999.7  178544.40  30468.99  17.07
1001.0  177181.20  30658.32  17.30
1002.2  175035.80  30325.97  17.33
1003.4  173686.80  29774.88  17.14
1004.7  170387.80  29298.39  17.20
1005.9  168447.60  28698.48  17.04
1007.2  168925.05  28810.53  17.06
1008.4  167678.10  28597.86  17.06
1009.6  168149.20  28708.40  17.07
1010.9  168390.75  28779.51  17.09
1012.1  168060.75  28519.40  16.97
1013.3  168201.00  28747.08  17.09
1014.6  168564.00  28400.48  16.85
1015.8  167335.80  28539.48  17.06
1017.1  167362.20  28720.18  17.16
1018.3  166808.00  28565.87  17.13
1019.5  166958.60  28530.90  17.09
1020.8  167349.00  28320.60  16.92
1022.0  165824.40  28146.51  16.97
1023.2  164738.80  28495.36  17.30
1024.4  165877.90  28630.98  17.26
1025.7  165915.75  28310.10  17.06
1026.9  166488.00  28540.80  17.14
1028.1  167092.05  28783.74  17.23
1029.3  166203.45  28741.95  17.29
1030.6  165313.50  28961.90  17.52
1031.8  166338.90  29043.30  17.46
1033.0  165456.40  28480.20  17.21
1034.2  164521.50  27885.00  16.95
1035.4  164973.25  28117.18  17.04
1036.7  165121.60  28011.70  16.96
1037.9  165282.15  28204.11  17.06
1039.1  166657.85  28347.41  17.01
1040.3  166852.40  28236.56  16.92
1041.5  166251.05  28641.27  17.23
1042.7  165624.90  28730.85  17.35
1043.9  166708.80  28826.73  17.29
1045.2  165670.20  28502.40  17.20
1046.4  164583.00  28893.46  17.56
1047.6  163029.30  28108.50  17.24
1048.8  163319.00  28052.44  17.18
1050.0  165606.00  27995.30  16.90
1051.2  165963.90  28335.30  17.07
1052.4  165884.00  28200.28  17.00
1053.6  165332.70  28827.24  17.44
1054.8  165246.80  28700.76  17.37
1056.0  165160.60  28568.32  17.30
1057.2  164055.60  28709.73  17.50
1058.4  165238.30  28393.06  17.18
1059.7  162241.20  28153.62  17.35
1060.9  160990.50  27807.45  17.27
1062.1  160224.00  27538.50  17.19
1063.3  159420.60  27255.78  17.10
1064.5  161223.00  28015.80  17.38
1065.7  159828.05  28173.08  17.63
1066.9  160538.20  28232.58  17.59
1068.1  159070.80  28405.50  17.86
1069.3  159813.50  27894.72  17.45
1070.5  160579.80  27952.78  17.41
1071.7  158319.20  27401.40  17.31
1072.9  159074.10  26824.26  16.86
1074.1  158066.65  27742.31  17.55
1075.3  158455.80  27645.48  17.45
1076.5  157984.80  27647.34  17.50
