/*** Spectra Vista SIG Data ***/
name= 230505_1654_R941_T951.sig
instrument= HK: 9202056 (HR-512i)
integration= 20.0, 0.0, 0.0, 10.0, 0.0, 0.0
scan method= Time-based, Time-based
scan coadds= 250, 0, 0, 500, 0, 0
scan time= 5, 5
scan settings= AI, AI
external data set1= 0,0,0,0,0,0,0,0,0,0,0,0,0,0,0,0,0,0,0,0,0,0,0,0,0,0,0,0,0,0,0,0
external data set2= 0,0,0,0,0,0,0,0,0,0,0,0,0,0,0,0,0,0,0,0,0,0,0,0,0,0,0,0,0,0,0,0
external data dark= 0,0,0,0,0,0,0,0,0,0,0,0,0,0,0,0
external data mask= 0
optic= LENS 4(1), LENS 4(1)
temp= 25.7, 0.0, 0.0, 27.7, 0.0, 0.0
battery= 8.27, 8.22
error= 0, 0
units= Radiance, Radiance
time= 5/5/2023 4:49:27 PM, 5/5/2023 4:54:48 PM
longitude=                 , 07746.6527W     
latitude=                 , 3409.6268N      
gpstime=                 , 175909.000      
comm= 
memory slot= 941, 951
factors= 1.000, 1.000, 1.000 [Overlap: Preserve, Matching Type: None]
inclinometer x offset= 5, 5
inclinometer y offset= -9, -41
data= 
339.7  36959.18  78054.90  211.19
341.4  39887.10  84119.20  210.89
343.0  41529.28  87719.15  211.22
344.7  42466.25  89099.00  209.81
346.4  44552.10  93237.90  209.28
348.0  46614.85  97494.15  209.15
349.7  48999.60  102070.80  208.31
351.3  52776.58  109649.65  207.76
353.0  55552.35  114982.00  206.98
354.6  59260.55  122163.90  206.15
356.2  58951.20  121586.85  206.25
357.9  55047.38  112975.50  205.23
359.5  55444.20  113098.80  203.99
361.2  59437.80  120954.70  203.50
362.8  62479.73  126791.70  202.93
364.5  66499.80  134455.80  202.19
366.1  72416.10  145802.60  201.34
367.7  76400.10  153523.80  200.95
369.4  76980.75  154200.20  200.31
371.0  77427.35  154618.10  199.69
372.6  75360.00  150013.50  199.06
374.3  71567.75  141851.25  198.21
375.9  72705.88  143342.65  197.15
377.5  79164.80  155743.25  196.73
379.1  83674.53  164393.90  196.47
380.8  81662.00  159812.80  195.70
382.4  75658.50  147694.50  195.21
384.0  68187.83  132261.30  193.97
385.6  71125.75  137202.30  192.90
387.3  75348.00  144892.80  192.30
388.9  79112.00  151301.70  191.25
390.5  85529.68  162683.40  190.21
392.1  88578.00  168081.75  189.76
393.8  80360.00  151360.00  188.35
395.4  81823.88  152380.20  186.23
397.0  86671.00  160635.15  185.34
398.6  98349.70  179897.70  182.92
400.2  120241.60  218443.40  181.67
401.8  134841.88  242812.50  180.07
403.4  142293.20  253810.20  178.37
405.0  143640.00  253440.00  176.44
406.6  143162.25  249884.25  174.55
408.3  144996.08  250313.70  172.63
409.9  148552.40  253956.80  170.95
411.5  151317.00  256162.50  169.29
413.1  157075.00  263800.00  167.95
414.7  159703.95  266374.50  166.79
416.3  161497.88  267643.75  165.73
417.9  161177.40  265820.40  164.92
419.5  159824.18  262425.45  164.20
421.1  160949.40  263220.00  163.54
422.7  161619.70  263674.40  163.14
424.3  160368.90  260696.60  162.56
425.9  159937.53  259409.15  162.19
427.5  157368.00  254696.00  161.85
429.1  152352.93  246202.95  161.60
430.7  142962.68  230567.55  161.28
432.3  145519.08  233935.00  160.76
433.9  155842.75  250569.20  160.78
435.5  162720.83  261023.00  160.41
437.1  170639.00  273334.00  160.18
438.7  170349.85  272590.20  160.02
440.3  170759.40  272619.90  159.65
441.9  176542.88  281558.25  159.48
443.5  183348.83  292143.10  159.34
445.0  187143.13  297871.25  159.17
446.6  187947.65  298654.40  158.90
448.2  191949.30  304569.00  158.67
449.8  196882.08  312045.50  158.49
451.4  201827.40  319480.15  158.29
453.0  200388.65  316903.95  158.14
454.6  197513.25  311784.45  157.85
456.2  198285.90  312678.50  157.69
457.8  200114.25  315316.80  157.57
459.3  199977.68  314712.30  157.37
460.9  200569.60  315221.50  157.16
462.5  202959.60  318688.80  157.02
464.1  202755.60  318117.60  156.90
465.7  200613.60  314323.20  156.68
467.2  198513.63  310759.50  156.54
468.8  197518.35  308899.35  156.39
470.4  196566.75  307192.50  156.28
472.0  197351.85  308112.60  156.12
473.6  199324.68  311122.35  156.09
475.1  200509.05  312768.55  155.99
476.7  200465.15  312558.10  155.92
478.3  201747.30  314298.15  155.79
479.9  203129.78  316136.25  155.63
481.5  204205.55  317346.20  155.41
483.0  203666.18  316079.70  155.19
484.6  199449.60  309120.00  154.99
486.2  190006.08  294174.65  154.82
487.8  185465.70  286637.40  154.55
489.3  189187.50  292350.00  154.53
490.9  193030.80  298120.80  154.44
492.5  193296.68  298227.05  154.28
494.0  194727.50  300103.00  154.11
495.6  196346.33  302423.45  154.03
497.2  196663.23  302597.20  153.87
498.8  194291.63  298669.55  153.72
500.3  191040.85  293457.90  153.61
501.9  187347.50  287528.75  153.47
503.5  186457.70  286117.00  153.45
505.0  187126.85  287043.45  153.40
506.6  188476.88  288915.75  153.29
508.2  187531.20  287161.20  153.13
509.7  187019.33  286016.40  152.93
511.3  186697.13  285212.00  152.77
512.9  184731.98  281965.05  152.63
514.4  181276.75  276452.00  152.50
516.0  177060.00  270120.00  152.56
517.5  171432.90  261129.15  152.32
519.1  171431.33  260591.50  152.01
520.7  175144.20  265834.80  151.78
522.2  177067.75  268461.00  151.61
523.8  179383.48  271982.55  151.62
525.4  180168.23  273313.70  151.70
526.9  177851.00  269765.10  151.68
528.5  179417.63  272187.90  151.71
530.0  182342.93  276759.00  151.78
531.6  183364.60  278291.60  151.77
533.2  182229.03  276461.15  151.71
534.7  183218.00  277900.00  151.68
536.3  183424.40  278250.20  151.70
537.8  182503.83  276776.50  151.66
539.4  180835.20  274206.00  151.63
541.0  179096.40  271501.20  151.60
542.5  179165.40  271722.00  151.66
544.1  180410.10  273676.00  151.70
545.6  180999.38  274530.75  151.67
547.2  180732.58  274127.55  151.68
548.7  180810.00  274176.00  151.64
550.3  181103.03  274631.40  151.64
551.8  181255.73  274881.60  151.65
553.4  181753.00  275589.60  151.63
554.9  182474.60  276659.70  151.62
556.5  181667.80  275385.20  151.59
558.0  179979.50  272786.50  151.57
559.6  178470.25  270457.25  151.54
561.1  179383.48  271982.55  151.62
562.7  180430.75  273635.60  151.66
564.2  181613.95  275644.75  151.78
565.8  181240.80  275252.40  151.87
567.3  180916.13  274684.30  151.83
568.9  180350.60  273718.50  151.77
570.4  179127.45  271594.35  151.62
572.0  179226.38  271399.50  151.43
573.5  180385.80  272892.90  151.28
575.1  180560.80  272900.80  151.14
576.6  180087.25  271968.50  151.02
578.2  179363.80  270608.85  150.87
579.7  179269.35  270184.30  150.71
581.2  180348.90  271471.90  150.53
582.8  182032.60  273646.45  150.33
584.3  182499.00  274002.50  150.14
585.9  181541.55  272304.30  150.00
587.4  179301.60  269049.60  150.05
588.9  174328.25  261967.25  150.27
590.5  171193.20  257584.20  150.46
592.0  171481.43  258367.80  150.67
593.6  172244.80  259482.60  150.65
595.1  172528.95  259739.70  150.55
596.6  173118.00  260270.40  150.34
598.2  173558.88  260486.00  150.09
599.7  173374.83  259790.60  149.84
601.2  172932.20  258655.95  149.57
602.8  173009.45  258462.50  149.39
604.3  173809.85  259485.20  149.29
605.8  174484.00  260278.00  149.17
607.4  174322.13  259852.05  149.06
608.9  173281.20  258162.60  148.98
610.5  172181.63  256439.15  148.94
612.0  171208.05  254904.00  148.89
613.5  169971.75  252964.75  148.83
615.0  168843.33  251139.70  148.74
616.6  167376.40  248912.00  148.71
618.1  167435.10  248988.60  148.71
619.6  168283.00  250192.00  148.67
621.2  168710.30  250783.00  148.65
622.7  167942.40  249561.60  148.60
624.2  166719.60  247680.00  148.56
625.8  165206.43  245501.85  148.60
627.3  164025.75  244056.50  148.79
628.8  162669.15  242283.30  148.94
630.3  161897.38  241098.25  148.92
631.8  161582.85  240470.10  148.82
633.4  162128.45  241025.40  148.66
634.9  162722.20  241661.35  148.51
636.4  163435.88  242435.05  148.34
638.0  164423.10  243653.10  148.19
639.5  164430.00  243432.00  148.05
641.0  164021.55  242580.80  147.90
642.5  163775.85  242109.00  147.83
644.0  163529.00  241703.00  147.80
645.5  162743.05  240661.40  147.88
647.1  161363.60  238884.40  148.04
648.6  159861.85  237016.10  148.26
650.1  159078.75  235896.75  148.29
651.6  159302.80  236212.25  148.28
653.1  159632.33  236328.60  148.05
654.7  158259.30  233875.20  147.78
656.2  153641.78  226828.05  147.63
657.7  151653.60  223775.20  147.56
659.2  153904.08  227190.60  147.62
660.7  156715.50  231205.50  147.53
662.2  159162.90  234583.70  147.39
663.7  160296.83  235903.05  147.17
665.2  160636.95  236195.00  147.04
666.8  160692.08  236140.90  146.95
668.3  160587.60  235844.70  146.86
669.8  160409.15  235498.45  146.81
671.3  159918.70  234747.10  146.79
672.8  159624.60  234145.75  146.69
674.3  159305.75  233581.90  146.62
675.8  159201.25  233310.00  146.55
677.3  158946.55  232913.80  146.54
678.8  158693.15  232546.60  146.54
680.3  158259.80  231950.50  146.56
681.8  157704.40  231165.90  146.58
683.3  156608.93  229565.05  146.58
684.8  154325.30  226390.40  146.70
686.3  147315.60  216962.60  147.28
687.8  138765.90  205296.00  147.94
689.3  135369.33  200952.15  148.45
690.8  135598.80  201535.20  148.63
692.3  137599.18  204499.60  148.62
693.8  138693.00  206312.80  148.76
695.3  139861.80  207836.20  148.60
696.8  141989.30  210469.00  148.23
698.3  142492.00  210728.00  147.89
699.8  141425.23  208991.05  147.77
701.3  140095.28  206740.95  147.57
702.8  140146.05  206499.70  147.35
704.2  141225.00  207668.00  147.05
705.7  142281.20  208825.60  146.77
707.2  142952.03  209417.10  146.49
708.7  143325.60  209595.00  146.24
710.2  143646.88  209684.35  145.97
711.7  143513.75  209238.50  145.80
713.2  142978.00  208289.60  145.68
714.7  141499.50  206261.70  145.77
716.2  136571.30  199974.60  146.43
717.6  127143.00  187650.00  147.59
719.1  118454.10  175987.40  148.57
720.6  116742.40  173699.20  148.79
722.1  120254.25  178378.50  148.33
723.6  120422.05  178540.80  148.26
725.0  118803.60  176283.90  148.38
726.5  118164.83  175499.40  148.52
728.0  117978.53  175072.05  148.39
729.5  118150.00  175140.00  148.24
731.0  119574.85  176932.80  147.97
732.4  123139.50  181315.20  147.24
733.9  127604.58  186743.90  146.35
735.4  130408.30  190004.10  145.70
736.8  131841.00  191406.00  145.18
738.3  132679.23  192065.15  144.76
739.8  133229.25  192249.75  144.30
741.2  133631.10  192261.60  143.87
742.7  134436.80  192953.60  143.53
744.2  135592.80  194216.40  143.24
745.7  136186.13  194754.75  143.01
747.1  136653.30  195159.30  142.81
748.6  136570.58  194886.00  142.70
750.0  136007.63  193898.05  142.56
751.5  135397.60  192892.70  142.46
753.0  135133.03  192405.30  142.38
754.4  135005.00  192138.00  142.32
755.9  134531.25  191375.00  142.25
757.3  133224.65  189528.30  142.26
758.8  123035.45  175928.60  142.99
760.3  94847.25  137256.00  144.71
761.7  73691.05  108789.80  147.63
763.2  66858.00  101046.00  151.14
764.6  69064.20  104761.80  151.69
766.1  81345.60  121564.80  149.44
767.5  97398.68  142824.25  146.64
769.0  111107.00  160564.00  144.51
770.4  120114.13  171947.75  143.15
771.9  125090.00  178010.00  142.31
773.3  127562.25  180907.75  141.82
774.8  128449.75  181824.50  141.55
776.2  128910.90  182268.30  141.39
777.7  128890.30  182216.65  141.37
779.1  128612.00  181670.00  141.25
780.5  128351.88  181229.10  141.20
782.0  128072.73  180750.55  141.13
783.4  127564.80  180019.20  141.12
784.9  127008.50  179251.20  141.13
786.3  126395.20  178560.80  141.27
787.8  125244.73  177107.30  141.41
789.2  123610.65  175175.80  141.72
790.6  122049.38  173207.55  141.92
792.0  120868.30  171514.70  141.90
793.5  119920.50  170046.00  141.80
794.9  119556.45  169407.45  141.70
796.3  119276.43  169196.95  141.85
797.8  119478.90  169505.70  141.87
799.2  119427.55  169478.10  141.91
800.6  118759.40  168452.40  141.84
802.1  118080.45  167583.05  141.92
803.5  117445.90  166779.80  142.01
804.9  117315.90  166426.00  141.86
806.3  117691.00  166663.75  141.61
807.8  117630.40  166510.60  141.55
809.2  116712.75  165216.75  141.56
810.6  115336.88  163578.00  141.83
812.0  113223.80  161166.35  142.34
813.4  109118.75  156081.25  143.04
814.8  103187.75  148784.85  144.19
816.3  97580.63  141505.65  145.01
817.7  94079.70  136843.20  145.45
819.1  93249.83  135584.45  145.40
820.5  95634.00  138484.50  144.81
821.9  96755.08  139881.20  144.57
823.3  93809.10  135820.30  144.78
824.7  95827.00  138282.00  144.30
826.1  99237.60  142912.00  144.01
827.5  99949.50  143787.00  143.86
828.9  99064.13  142520.00  143.87
830.3  99199.38  142562.75  143.71
831.7  99504.90  142899.00  143.61
833.2  99854.03  143161.80  143.37
834.5  101189.90  144692.10  142.99
835.9  103273.95  147299.10  142.63
837.3  105064.13  149554.50  142.35
838.7  106431.88  150996.25  141.87
840.1  107475.00  152184.60  141.60
841.5  108104.90  152960.80  141.49
842.9  108302.03  152905.65  141.18
844.3  108238.00  152639.50  141.02
845.7  108545.60  152812.80  140.78
847.1  108742.75  153085.20  140.78
848.5  108168.38  152167.75  140.68
849.9  106029.85  149215.50  140.73
851.2  104752.73  147406.05  140.72
852.6  104181.38  146583.60  140.70
854.0  100561.18  141427.00  140.64
855.4  98764.15  138736.15  140.47
856.8  101358.65  142340.60  140.43
858.2  103535.10  145564.20  140.59
859.5  104665.00  147050.00  140.50
860.9  104944.80  147343.20  140.40
862.3  105109.50  147419.40  140.25
863.7  105157.70  147687.35  140.44
865.0  103597.50  145581.75  140.53
866.4  99598.10  139731.90  140.30
867.8  98632.05  138159.45  140.08
869.1  100011.00  140204.10  140.19
870.5  101203.50  141875.85  140.19
871.9  101869.10  142848.70  140.23
873.2  101959.70  142861.00  140.12
874.6  101427.20  142235.80  140.23
876.0  101102.40  141824.20  140.28
877.3  101067.13  141595.55  140.10
878.7  100895.85  141521.60  140.27
880.0  100144.20  140535.00  140.33
881.4  99474.00  139516.50  140.25
882.8  99467.70  139596.30  140.34
884.1  99691.25  139913.75  140.35
885.5  99248.48  139407.45  140.46
886.8  98412.60  138309.60  140.54
888.2  98153.13  137750.90  140.34
889.5  98128.80  137880.05  140.51
890.9  97950.10  137659.60  140.54
892.2  96640.68  136159.60  140.89
893.6  94301.98  133368.25  141.43
894.9  90612.90  128797.20  142.14
896.2  85326.63  122346.00  143.39
897.6  80319.00  115866.00  144.26
898.9  75349.00  109530.50  145.36
900.3  72188.68  105185.60  145.71
901.6  71095.50  103504.80  145.59
903.0  73410.20  106872.80  145.58
904.3  78371.18  113159.05  144.39
905.6  80685.48  116442.30  144.32
907.0  78092.63  113025.25  144.73
908.3  74022.33  107544.45  145.29
909.6  71304.65  104321.20  146.30
911.0  70862.40  103762.80  146.43
912.3  70884.63  103831.00  146.48
913.6  69661.05  102323.70  146.89
914.9  68755.40  101154.00  147.12
916.2  68138.55  100352.20  147.28
917.6  68304.30  100801.50  147.58
918.9  70642.23  103445.85  146.44
920.2  74101.30  107980.60  145.72
921.5  75577.60  109760.00  145.23
922.9  75525.00  109392.00  144.84
924.2  74347.78  108054.25  145.34
925.5  73794.88  107338.00  145.45
926.8  73250.10  106636.20  145.58
928.1  69177.25  101572.45  146.83
929.4  62435.10  92623.50  148.35
930.7  54013.20  81456.80  150.81
932.0  44790.95  68524.80  152.99
933.4  36307.55  56559.50  155.78
934.7  31149.68  49242.60  158.08
936.0  29391.88  47027.00  160.00
937.3  28689.95  45826.90  159.73
938.6  32506.55  50998.30  156.89
939.9  38514.00  60129.00  156.12
941.2  40994.00  63680.00  155.34
942.5  40327.35  62821.50  155.78
943.8  37858.13  59166.25  156.28
945.1  36407.85  56821.50  156.07
946.4  35901.60  56416.80  157.14
947.7  36873.00  57261.60  155.29
949.0  37739.70  58706.20  155.56
950.2  38795.25  60099.00  154.91
951.5  39203.10  61083.90  155.81
952.8  39363.50  61129.20  155.29
954.1  40261.95  62158.80  154.39
955.4  40236.00  62270.00  154.76
956.7  41369.50  63757.70  154.12
958.0  42765.60  66249.60  154.91
959.3  43032.15  66435.60  154.39
960.5  44526.60  68069.40  152.87
961.8  46854.00  71322.20  152.22
963.1  48769.20  73683.90  151.09
964.4  50410.53  76020.15  150.80
965.7  51563.70  77894.10  151.06
966.9  54468.38  81004.25  148.72
968.2  59476.18  87649.10  147.37
969.5  63712.00  93251.20  146.36
970.8  66375.00  96760.00  145.78
972.0  67083.98  97467.30  145.29
973.3  65369.70  95139.00  145.54
974.6  63220.95  92640.60  146.53
975.8  61890.85  91241.15  147.42
977.1  62782.90  92385.20  147.15
978.4  63710.40  92911.00  145.83
979.6  64620.08  94054.35  145.55
980.9  66312.00  96705.00  145.83
982.2  68008.38  98665.00  145.08
983.4  69772.10  100702.00  144.33
984.7  71178.60  101998.20  143.30
985.9  72341.23  103451.70  143.01
987.2  73172.10  104969.40  143.46
988.5  73960.43  105657.75  142.86
989.7  74465.10  105692.40  141.94
991.0  74492.60  106418.00  142.86
992.2  74933.88  107168.00  143.02
993.5  74970.00  107100.00  142.86
994.7  75357.50  106902.50  141.86
996.0  75318.60  106701.35  141.67
997.2  75464.60  107675.10  142.68
998.5  75147.38  106813.25  142.14
999.7  75202.13  106738.50  141.94
1001.0  74655.00  105512.40  141.33
1002.2  73779.63  105835.60  143.45
1003.4  73403.35  105452.70  143.66
1004.7  72207.03  102856.05  142.45
1005.9  71226.30  101900.40  143.07
1007.2  71508.15  101562.30  142.03
1008.4  70980.30  100812.60  142.03
1009.6  71258.35  101504.70  142.45
1010.9  71438.50  102055.00  142.86
1012.1  71298.50  101855.00  142.86
1013.3  71358.00  101940.00  142.86
1014.6  71001.20  101138.40  142.45
1015.8  70835.40  100606.80  142.03
1017.1  71283.90  101243.80  142.03
1018.3  70893.40  101127.35  142.65
1019.5  70798.90  101443.20  143.28
1020.8  70265.13  100838.50  143.51
1022.0  69820.80  100367.40  143.75
1023.2  70125.30  100179.00  142.86
1024.4  69873.23  101117.35  144.72
1025.7  70195.13  99781.50  142.15
1026.9  70757.40  99892.80  141.18
1028.1  70739.70  101230.95  143.10
1029.3  70605.23  99972.00  141.59
1030.6  70482.50  99957.00  141.82
1031.8  70628.03  100331.40  142.06
1033.0  69844.30  100358.80  143.69
1034.2  70409.63  100386.00  142.57
1035.4  71010.23  100418.50  141.41
1036.7  70766.40  100252.40  141.67
1037.9  70510.28  100079.10  141.94
1039.1  70089.75  101240.75  144.44
1040.3  70591.40  101074.05  143.18
1041.5  70780.15  100409.05  141.86
1042.7  70137.08  99712.95  142.17
1043.9  70330.28  100719.90  143.21
1045.2  70365.30  101539.80  144.30
1046.4  70404.95  100578.50  142.86
1047.6  69334.30  99316.70  143.24
1048.8  70131.10  99912.80  142.47
1050.0  69988.25  100546.50  143.66
1051.2  69826.28  101197.50  144.93
1052.4  69463.93  99530.40  143.28
1053.6  68888.63  99623.55  144.62
1054.8  69577.60  100017.80  143.75
1056.0  69188.90  100435.50  145.16
1057.2  69495.78  100256.20  144.26
1058.4  68655.35  102401.20  149.15
1059.7  67998.15  100207.80  147.37
1060.9  67079.38  100009.25  149.09
1062.1  67594.50  97636.50  144.44
1063.3  66853.80  100280.70  150.00
1064.5  67396.50  100434.00  149.02
1065.7  67723.75  100231.15  148.00
1066.9  67813.55  99644.40  146.94
1068.1  68173.20  99419.25  145.83
1069.3  68283.95  98793.80  144.68
1070.5  66908.25  98132.10  146.67
1071.7  66981.20  100471.80  150.00
1072.9  67060.65  99811.20  148.84
1074.1  67742.85  100001.35  147.62
1075.3  67428.00  101142.00  150.00
1076.5  67472.68  98740.50  146.34
