/*** Spectra Vista SIG Data ***/
name= 230505_1435_R930_T938.sig
instrument= HK: 9202056 (HR-512i)
integration= 10.0, 0.0, 0.0, 10.0, 0.0, 0.0
scan method= Time-based, Time-based
scan coadds= 500, 0, 0, 500, 0, 0
scan time= 5, 5
scan settings= AI, AI
external data set1= 0,0,0,0,0,0,0,0,0,0,0,0,0,0,0,0,0,0,0,0,0,0,0,0,0,0,0,0,0,0,0,0
external data set2= 0,0,0,0,0,0,0,0,0,0,0,0,0,0,0,0,0,0,0,0,0,0,0,0,0,0,0,0,0,0,0,0
external data dark= 0,0,0,0,0,0,0,0,0,0,0,0,0,0,0,0
external data mask= 0
optic= LENS 4(1), LENS 4(1)
temp= 25.1, 0.0, 0.0, 28.0, 0.0, 0.0
battery= 8.27, 8.28
error= 0, 0
units= Radiance, Radiance
time= 5/5/2023 2:29:13 PM, 5/5/2023 2:35:04 PM
longitude= 07745.5848W     , 07746.0768W     
latitude= 3411.3895N      , 3411.0141N      
gpstime= 153714.000      , 154305.000      
comm= 
memory slot= 930, 938
factors= 1.000, 1.000, 1.000 [Overlap: Preserve, Matching Type: None]
inclinometer x offset= 5, 8
inclinometer y offset= -14, -39
data= 
339.7  56113.20  89925.00  160.26
341.4  60656.20  96980.40  159.89
343.0  63251.00  101368.05  160.26
344.7  64901.25  103361.25  159.26
346.4  68588.80  108241.70  157.81
348.0  72054.50  113375.55  157.35
349.7  75956.40  118778.40  156.38
351.3  82203.10  127810.80  155.48
353.0  86771.30  134502.20  155.01
354.6  92891.40  143110.00  154.06
356.2  92492.40  142423.05  153.98
357.9  86673.00  132639.75  153.03
359.5  88170.40  133115.20  150.97
361.2  94660.20  142601.80  150.65
362.8  100040.85  149633.75  149.57
364.5  106788.00  158847.15  148.75
366.1  116811.90  172609.90  147.77
367.7  123373.80  181985.40  147.51
369.4  124840.10  183202.25  146.75
371.0  125989.50  183956.50  146.01
372.6  122813.25  178744.50  145.54
374.3  116983.50  169170.75  144.61
375.9  119662.95  171160.55  143.04
377.5  130891.80  186104.75  142.18
379.1  138454.25  196791.10  142.13
380.8  135340.80  191839.20  141.75
382.4  125235.00  177399.00  141.65
384.0  113495.85  158954.40  140.05
385.6  118850.40  164972.90  138.81
387.3  125892.00  174283.20  138.44
388.9  132512.60  182407.10  137.65
390.5  143427.35  196359.90  136.91
392.1  148268.25  203130.00  137.00
393.8  134080.00  183120.00  136.58
395.4  137126.85  184573.20  134.60
397.0  144549.60  194201.80  134.35
398.6  164712.90  217859.70  132.27
400.2  200717.20  264882.00  131.97
401.8  224164.50  295065.75  131.63
403.4  235743.20  309132.60  131.13
405.0  237060.00  309120.00  130.40
406.6  235562.25  305093.25  129.52
408.3  238182.00  305908.05  128.43
409.9  243236.80  310665.60  127.72
411.5  247416.75  313708.50  126.79
413.1  256450.00  323450.00  126.13
414.7  260433.60  326942.70  125.54
416.3  263296.00  328979.75  124.95
417.9  262740.00  327020.70  124.47
419.5  260755.35  323164.35  123.93
421.1  262963.20  324552.40  123.42
422.7  264176.00  325371.20  123.16
424.3  262496.20  322169.30  122.73
425.9  262139.35  320878.80  122.41
427.5  258211.50  315407.50  122.15
429.1  250175.85  305173.25  121.98
430.7  234962.25  285963.90  121.71
432.3  240492.85  290232.80  120.68
433.9  257665.10  310846.20  120.64
435.5  269546.20  324300.15  120.31
437.1  282910.00  339986.00  120.17
438.7  282483.20  339367.95  120.14
440.3  283950.45  339725.75  119.64
441.9  294180.75  350943.75  119.30
443.5  305908.20  364429.10  119.13
445.0  312557.50  371961.25  119.01
446.6  314313.45  373200.85  118.74
448.2  321646.90  380789.95  118.39
449.8  330324.15  390354.25  118.17
451.4  339015.70  399979.40  117.98
453.0  336697.90  397083.50  117.93
454.6  332524.35  390991.50  117.58
456.2  334400.15  392203.20  117.29
457.8  337862.60  395727.45  117.13
459.3  338045.40  395239.95  116.92
460.9  339600.80  396092.40  116.63
462.5  344066.40  400656.00  116.45
464.1  344025.60  400207.20  116.33
465.7  340802.40  395760.00  116.13
467.2  337654.50  391403.75  115.92
468.8  336500.70  389264.40  115.68
470.4  335218.50  387261.00  115.52
472.0  337245.30  388651.20  115.24
473.6  341074.25  392546.55  115.09
475.1  343570.00  394945.70  114.95
476.7  344000.50  394935.60  114.81
478.3  346726.05  397340.40  114.60
479.9  349335.45  399760.65  114.43
481.5  351344.80  401448.00  114.26
483.0  350478.20  400066.15  114.15
484.6  343219.20  391603.20  114.10
486.2  327059.95  372878.10  114.01
487.8  320052.60  363333.60  113.52
489.3  326887.50  370387.50  113.31
490.9  333684.00  377914.80  113.26
492.5  334376.90  378338.95  113.15
494.0  337296.50  380877.50  112.92
495.6  340312.00  383932.50  112.82
497.2  341063.55  384485.25  112.73
498.8  337193.95  379760.60  112.62
500.3  331836.10  373267.90  112.49
501.9  325854.50  365961.25  112.31
503.5  324851.80  364330.20  112.15
505.0  326496.50  365682.75  112.00
506.6  329025.60  368281.35  111.93
508.2  327564.00  366282.00  111.82
509.7  326848.50  364996.80  111.67
511.3  326416.30  364118.55  111.55
512.9  323013.15  360117.90  111.49
514.4  317108.50  353251.00  111.40
516.0  309540.00  345060.00  111.48
517.5  300022.65  333881.10  111.29
519.1  300673.10  333453.25  110.90
520.7  307538.00  340432.40  110.70
522.2  311130.50  344070.50  110.59
523.8  315284.60  348549.95  110.55
525.4  316573.05  350166.50  110.61
526.9  312631.00  345593.50  110.54
528.5  315670.80  348500.10  110.40
530.0  320851.35  354228.60  110.40
531.6  322624.00  356278.00  110.43
533.2  320741.10  354014.40  110.37
534.7  322672.00  355824.00  110.27
536.3  323008.20  356257.00  110.29
537.8  321541.85  354473.00  110.24
539.4  318642.00  351210.00  110.22
541.0  315854.40  347815.20  110.12
542.5  316213.20  348036.00  110.06
544.1  318577.70  350488.10  110.02
545.6  319652.25  351648.00  110.01
547.2  319272.40  351188.50  110.00
548.7  319536.00  351260.00  109.93
550.3  320149.95  351818.70  109.89
551.8  320553.45  352163.70  109.86
553.4  321578.40  353124.20  109.81
554.9  322986.40  354516.30  109.76
556.5  321667.20  353028.00  109.75
558.0  318806.50  349781.50  109.72
559.6  316361.50  346825.50  109.63
561.1  318229.50  348670.15  109.57
562.7  320253.20  350815.65  109.54
564.2  322536.75  353355.90  109.56
565.8  322007.00  352936.00  109.61
567.3  321859.30  352491.60  109.52
568.9  321325.80  351655.50  109.44
570.4  319659.75  349374.60  109.30
572.0  320415.00  349504.50  109.08
573.5  322861.35  351727.95  108.94
575.1  323547.20  352062.40  108.81
576.6  323025.50  351085.50  108.69
578.2  321855.65  349471.30  108.58
579.7  321827.20  348913.50  108.42
581.2  323719.90  350497.00  108.27
582.8  326639.70  353309.30  108.16
584.3  327406.00  353853.75  108.08
585.9  325750.80  351848.10  108.01
587.4  322056.00  347846.40  108.01
588.9  313777.75  339191.75  108.10
590.5  309021.60  333780.40  108.01
592.0  309947.70  334700.70  107.99
593.6  311467.00  336208.60  107.94
595.1  312049.10  336601.10  107.87
596.6  313005.60  337292.00  107.76
598.2  313514.50  337492.00  107.65
599.7  312961.45  336480.00  107.51
601.2  311928.40  334976.60  107.39
602.8  312008.80  334610.90  107.24
604.3  313407.00  335808.60  107.15
605.8  314614.20  336913.40  107.09
607.4  314381.25  336469.95  107.03
608.9  312624.50  334394.60  106.96
610.5  310792.90  332202.75  106.89
612.0  309145.20  330300.75  106.84
613.5  307014.50  327837.25  106.78
615.0  305067.70  325590.30  106.73
616.6  302604.80  322758.40  106.66
618.1  302929.20  322849.80  106.58
619.6  304570.00  324482.00  106.54
621.2  305447.20  325349.40  106.52
622.7  304204.80  323942.40  106.49
624.2  302169.60  321674.40  106.45
625.8  299642.35  318922.60  106.43
627.3  297946.75  317179.25  106.46
628.8  295952.65  315094.85  106.47
630.3  294711.15  313687.40  106.44
631.8  294149.70  312889.20  106.37
633.4  294993.60  313552.80  106.29
634.9  295888.40  314319.85  106.23
636.4  297099.75  315335.10  106.14
638.0  298738.80  316836.60  106.06
639.5  298620.00  316638.00  106.03
641.0  297847.55  315634.55  105.97
642.5  297362.80  314997.90  105.93
644.0  296958.00  314502.00  105.91
645.5  295739.00  313232.20  105.92
647.1  293646.00  311216.80  105.98
648.6  291364.30  308968.20  106.04
650.1  289970.25  307493.25  106.04
651.6  290511.85  307907.50  105.99
653.1  291174.15  308212.65  105.85
654.7  288596.00  305415.15  105.83
656.2  280041.60  296273.85  105.80
657.7  276544.80  292120.80  105.63
659.2  280524.40  296135.45  105.56
660.7  285497.25  301207.00  105.50
662.2  289802.50  305675.50  105.48
663.7  291765.90  307560.60  105.41
665.2  292394.80  307978.80  105.33
666.8  292562.65  307901.55  105.24
668.3  292422.00  307629.90  105.20
669.8  292084.65  307210.20  105.18
671.3  291212.10  306236.70  105.16
672.8  290766.00  305551.55  105.09
674.3  290218.40  304889.00  105.06
675.8  290122.50  304565.50  104.98
677.3  289737.00  304147.20  104.97
678.8  289313.20  303685.80  104.97
680.3  288591.40  302869.30  104.95
681.8  287662.55  301932.05  104.96
683.3  285689.25  299880.35  104.97
684.8  281696.80  295846.20  105.02
686.3  269374.00  283845.40  105.37
687.8  255091.20  269068.80  105.48
689.3  249582.90  263265.45  105.48
690.8  250111.20  263856.00  105.50
692.3  253739.20  267712.60  105.51
693.8  255997.20  270312.10  105.59
695.3  258034.40  272344.80  105.55
696.8  261330.00  275492.40  105.42
698.3  261856.00  275968.00  105.39
699.8  260115.95  274033.90  105.35
701.3  257838.70  271337.25  105.24
702.8  257948.80  271041.00  105.08
704.2  259585.00  272389.40  104.93
705.7  261246.40  273896.00  104.84
707.2  262118.80  274572.65  104.75
708.7  262514.40  274689.60  104.64
710.2  262813.65  274786.45  104.56
711.7  262257.00  274134.00  104.53
713.2  261192.80  272931.20  104.49
714.7  258619.20  270486.90  104.59
716.2  250331.40  262813.00  104.99
717.6  234576.00  247806.00  105.64
719.1  220106.20  233276.80  105.98
720.6  217436.80  229948.80  105.75
722.1  223068.50  235385.50  105.52
723.6  223066.60  235757.00  105.69
725.0  220533.30  233270.10  105.78
726.5  219539.40  232255.95  105.79
728.0  219019.95  231750.45  105.81
729.5  219230.80  231740.80  105.71
731.0  221612.80  233843.95  105.52
732.4  227317.20  239098.20  105.18
733.9  234246.95  245686.00  104.88
735.4  238439.85  249713.20  104.73
736.8  240483.00  251484.00  104.57
738.3  241386.15  252167.95  104.47
739.8  241741.50  252252.00  104.35
741.2  241836.30  252053.10  104.22
742.7  242827.20  252755.20  104.09
744.2  244490.40  254251.20  103.99
745.7  245295.00  254893.50  103.91
747.1  245844.60  255456.30  103.91
748.6  245532.30  255096.15  103.90
750.0  244358.85  253880.90  103.90
751.5  243239.10  252587.40  103.84
753.0  242630.10  251862.60  103.81
754.4  242358.00  251534.00  103.79
755.9  241437.50  250625.00  103.81
757.3  239022.55  248290.90  103.88
758.8  220483.60  231113.15  104.82
760.3  170989.50  181890.00  106.37
761.7  135824.00  144835.40  106.63
763.2  125070.00  133914.00  107.07
764.6  130003.20  138461.40  106.51
766.1  151670.40  159868.80  105.41
767.5  179056.15  187266.00  104.59
769.0  202006.50  210363.50  104.14
770.4  216891.00  225270.25  103.86
771.9  224910.00  233310.00  103.73
773.3  228805.50  237154.00  103.65
774.8  230087.00  238381.00  103.60
776.2  230781.60  238951.50  103.54
777.7  230715.10  238834.75  103.52
779.1  230140.00  238132.00  103.47
780.5  229646.80  237666.45  103.49
782.0  229142.85  237031.25  103.44
783.4  228172.80  236083.20  103.47
784.9  227331.60  235189.40  103.46
786.3  226392.40  234272.40  103.48
787.8  224538.20  232603.05  103.59
789.2  222126.80  230302.75  103.68
790.6  219565.80  227852.85  103.77
792.0  217579.60  225743.00  103.75
793.5  215645.40  223682.40  103.73
794.9  214875.00  222696.45  103.64
796.3  214706.30  222567.80  103.66
797.8  215097.50  222991.80  103.67
799.2  214978.60  222907.40  103.69
800.6  213886.00  221763.60  103.68
802.1  212712.30  220714.60  103.76
803.5  211714.80  219755.80  103.80
804.9  211351.40  219143.60  103.69
806.3  211628.75  219351.00  103.65
807.8  211516.15  219066.75  103.57
809.2  209880.85  217459.60  103.61
810.6  207863.25  215466.75  103.66
812.0  204617.55  212660.20  103.93
813.4  197943.75  206550.00  104.35
814.8  188331.15  197515.40  104.88
816.3  179108.55  188344.35  105.16
817.7  173290.00  182345.80  105.23
819.1  171838.80  180476.20  105.03
820.5  175675.50  183760.50  104.60
821.9  177081.15  185413.00  104.71
823.3  172222.05  180695.90  104.92
824.7  175763.70  183648.20  104.49
826.1  181227.20  189235.20  104.42
827.5  182489.25  190505.25  104.39
828.9  180949.50  189093.50  104.50
830.3  180950.00  188963.50  104.43
831.7  181311.30  189308.40  104.41
833.2  181879.35  189463.20  104.17
834.5  184141.30  191436.70  103.96
835.9  187346.90  194615.85  103.88
837.3  190354.75  197456.50  103.73
838.7  192241.25  199303.75  103.67
840.1  193741.60  200763.30  103.62
841.5  194545.20  201379.00  103.51
842.9  194781.45  201416.70  103.41
844.3  194350.00  201077.50  103.46
845.7  194806.00  201324.80  103.35
847.1  195045.30  201347.00  103.23
848.5  193908.75  200294.50  103.29
849.9  189953.70  196269.70  103.33
851.2  187898.70  193980.60  103.24
852.6  186796.80  192958.50  103.30
854.0  180237.20  186321.85  103.38
855.4  177209.20  182705.35  103.10
856.8  181636.05  187370.15  103.16
858.2  185543.10  191352.00  103.13
859.5  187359.00  193414.00  103.23
860.9  187814.40  193771.20  103.17
862.3  188221.40  194075.60  103.11
863.7  188243.05  194164.90  103.15
865.0  185385.00  191382.75  103.24
866.4  178208.80  184100.00  103.31
867.8  176568.15  182161.65  103.17
869.1  178887.60  184359.90  103.06
870.5  181020.60  186749.10  103.16
871.9  182475.20  188080.90  103.07
873.2  182392.40  188067.70  103.11
874.6  181459.60  187402.60  103.28
876.0  180941.20  186758.60  103.22
877.3  180803.50  186491.70  103.15
878.7  180604.60  186364.20  103.19
880.0  179468.40  184881.60  103.02
881.4  178294.50  183774.00  103.07
882.8  178230.75  183780.45  103.11
884.1  178622.50  184245.00  103.15
885.5  177925.05  183615.15  103.20
886.8  176433.40  182196.30  103.27
888.2  175890.40  181723.50  103.32
889.5  176041.25  181720.00  103.23
890.9  175642.60  181397.60  103.28
892.2  173696.75  179525.50  103.36
893.6  169956.00  176329.35  103.75
894.9  164228.40  170931.60  104.08
896.2  155602.75  162642.50  104.52
897.6  147108.00  154488.00  105.02
898.9  138971.50  146456.50  105.39
900.3  133504.80  140837.45  105.49
901.6  131686.80  138860.40  105.45
903.0  135925.60  142410.60  104.77
904.3  144139.95  150703.70  104.55
905.6  147546.75  154458.85  104.68
907.0  143507.00  150790.25  105.08
908.3  136551.35  143939.90  105.41
909.6  132343.65  139279.90  105.24
911.0  131882.80  138912.80  105.33
912.3  131785.50  139202.00  105.63
913.6  129783.45  137298.75  105.79
914.9  128421.60  135751.60  105.71
916.2  127667.00  135089.50  105.81
917.6  127581.60  135104.10  105.90
918.9  131519.65  138232.95  105.10
920.2  136754.80  143561.60  104.98
921.5  139238.40  145824.00  104.73
922.9  138966.00  145644.00  104.81
924.2  137406.30  144179.85  104.93
925.5  136790.50  143008.25  104.55
926.8  135537.60  142513.80  105.15
928.1  128568.45  136329.80  106.04
929.4  116637.00  125213.25  107.35
930.7  102083.20  110823.20  108.56
932.0  85656.00  94221.60  110.00
933.4  70425.70  78453.50  111.40
934.7  61180.20  68268.15  111.59
936.0  58404.50  65231.00  111.69
937.3  56994.80  63926.60  112.16
938.6  64623.80  70852.60  109.64
939.9  75456.00  82530.00  109.38
941.2  79600.00  87162.00  109.50
942.5  78628.20  86328.90  109.79
943.8  73647.50  81508.75  110.67
945.1  70711.20  77866.50  110.12
946.4  70093.60  77359.40  110.37
947.7  72010.80  78951.60  109.64
949.0  73272.40  80776.20  110.24
950.2  75348.00  82524.00  109.52
951.5  76582.80  83876.40  109.52
952.8  76411.50  83821.10  109.70
954.1  78169.40  85232.90  109.04
955.4  78077.00  85262.00  109.20
956.7  79818.80  87119.30  109.15
958.0  82564.80  90475.20  109.58
959.3  83044.50  90090.70  108.48
960.5  85982.40  93147.60  108.33
961.8  89543.20  96311.00  107.56
963.1  92767.50  99658.80  107.43
964.4  95968.70  102977.65  107.30
965.7  97641.90  105321.60  107.87
966.9  102791.60  109495.40  106.52
968.2  111553.40  118383.20  106.12
969.5  118156.80  124528.00  105.39
970.8  122130.00  128620.00  105.31
972.0  123338.25  129354.75  104.88
973.3  120304.80  127056.60  105.61
974.6  117052.65  123938.10  105.88
975.8  115487.05  121867.55  105.52
977.1  116457.40  123614.00  106.15
978.4  118793.35  124766.20  105.03
979.6  119767.05  125856.90  105.08
980.9  122262.75  128479.50  105.08
982.2  125445.50  131788.25  105.06
983.4  128035.40  133789.80  104.49
984.7  129882.60  135753.00  104.52
985.9  131188.75  137935.60  105.14
987.2  133318.80  139448.40  104.60
988.5  133833.15  140094.35  104.68
989.7  135318.30  140122.50  103.55
991.0  135887.60  140799.20  103.61
992.2  135634.50  140658.00  103.70
993.5  136231.20  141372.00  103.77
994.7  135818.75  141076.25  103.87
996.0  135394.15  140774.05  103.97
997.2  136204.40  140805.90  103.38
998.5  135170.75  141787.50  104.90
999.7  134878.65  140700.75  104.32
1001.0  134379.00  140351.40  104.44
1002.2  133312.15  139418.05  104.58
1003.4  132332.80  138535.90  104.69
1004.7  130907.70  136102.45  103.97
1005.9  128935.20  134134.20  104.03
1007.2  128507.40  133689.15  104.03
1008.4  128587.50  133731.00  104.00
1009.6  129187.80  134314.30  103.97
1010.9  128589.30  134712.60  104.76
1012.1  129355.85  134448.60  103.94
1013.3  129463.80  134560.80  103.94
1014.6  128721.60  133829.60  103.97
1015.8  128325.00  133458.00  104.00
1017.1  128104.40  133269.90  104.03
1018.3  127191.10  133446.40  104.92
1019.5  127860.70  133144.20  104.13
1020.8  127657.25  133021.00  104.20
1022.0  127641.15  133095.90  104.27
1023.2  126893.40  132458.90  104.39
1024.4  126112.65  131793.40  104.50
1025.7  127627.50  132268.50  103.64
1026.9  127244.40  132001.20  103.74
1028.1  126843.60  132941.85  104.81
1029.3  127464.30  132462.90  103.92
1030.6  126868.50  133276.00  105.05
1031.8  128054.55  132015.00  103.09
1033.0  126126.60  131551.40  104.30
1034.2  125482.50  131059.50  104.44
1035.4  126240.40  131978.60  104.55
1036.7  125315.50  132687.00  105.88
1037.9  125857.05  131922.45  104.82
1039.1  126161.55  132391.75  104.94
1040.3  126743.65  133161.05  105.06
1041.5  126745.85  133330.05  105.19
1042.7  126753.75  133513.95  105.33
1043.9  126768.15  133714.35  105.48
1045.2  126479.40  133605.00  105.63
1046.4  126180.30  131666.40  104.35
1047.6  125551.30  131173.00  104.48
1048.8  124891.00  130655.20  104.62
1050.0  126176.00  132090.50  104.69
1051.2  125484.90  133580.70  106.45
1052.4  126486.55  132707.20  104.92
1053.6  127179.00  131418.30  103.33
1054.8  126109.40  132632.30  105.17
1056.0  124986.40  131682.10  105.36
1057.2  125320.25  132155.90  105.45
1058.4  123346.90  130328.80  105.66
1059.7  124066.80  131224.50  105.77
1060.9  124401.75  131719.50  105.88
1062.1  122671.50  132685.50  108.16
1063.3  120851.10  131136.30  108.51
1064.5  121578.00  132150.00  108.70
1065.7  121902.75  130029.60  106.67
1066.9  121787.60  130091.30  106.82
1068.1  124984.20  130665.30  104.55
1069.3  124945.10  130756.50  104.65
1070.5  121921.70  130842.80  107.32
1071.7  121784.00  127873.20  105.00
1072.9  121644.90  127883.10  105.13
1074.1  122582.30  129034.00  105.26
1075.3  124741.80  131484.60  105.41
1076.5  121779.95  128362.65  105.41
