/*** Spectra Vista SIG Data ***/
name= 230505_1651_R941_T944.sig
instrument= HK: 9202056 (HR-512i)
integration= 20.0, 0.0, 0.0, 500.0, 0.0, 0.0
scan method= Time-based, Time-based
scan coadds= 250, 0, 0, 10, 0, 0
scan time= 5, 5
scan settings= AI, AI
external data set1= 0,0,0,0,0,0,0,0,0,0,0,0,0,0,0,0,0,0,0,0,0,0,0,0,0,0,0,0,0,0,0,0
external data set2= 0,0,0,0,0,0,0,0,0,0,0,0,0,0,0,0,0,0,0,0,0,0,0,0,0,0,0,0,0,0,0,0
external data dark= 0,0,0,0,0,0,0,0,0,0,0,0,0,0,0,0
external data mask= 0
optic= LENS 4(1), LENS 4(1)
temp= 25.7, 0.0, 0.0, 26.7, 0.0, 0.0
battery= 8.27, 8.20
error= 0, 0
units= Radiance, Radiance
time= 5/5/2023 4:49:27 PM, 5/5/2023 4:51:16 PM
longitude=                 , 07746.6527W     
latitude=                 , 3409.6268N      
gpstime=                 , 175909.000      
comm= 
memory slot= 941, 944
factors= 1.000, 1.000, 1.000 [Overlap: Preserve, Matching Type: None]
inclinometer x offset= 5, 7
inclinometer y offset= -9, 9
data= 
339.7  36959.18  2866.81  7.76
341.4  39887.10  3065.83  7.69
343.0  41529.28  3175.87  7.65
344.7  42466.25  3227.44  7.60
346.4  44552.10  3380.45  7.59
348.0  46614.85  3523.32  7.56
349.7  48999.60  3675.67  7.50
351.3  52776.58  3927.18  7.44
353.0  55552.35  4101.92  7.38
354.6  59260.55  4342.74  7.33
356.2  58951.20  4286.67  7.27
357.9  55047.38  3972.93  7.22
359.5  55444.20  3973.81  7.17
361.2  59437.80  4214.46  7.09
362.8  62479.73  4409.62  7.06
364.5  66499.80  4659.84  7.01
366.1  72416.10  5053.36  6.98
367.7  76400.10  5313.64  6.96
369.4  76980.75  5351.65  6.95
371.0  77427.35  5403.94  6.98
372.6  75360.00  5268.14  6.99
374.3  71567.75  5020.25  7.01
375.9  72705.88  5117.57  7.04
377.5  79164.80  5593.26  7.07
379.1  83674.53  5910.30  7.06
380.8  81662.00  5779.65  7.08
382.4  75658.50  5373.72  7.10
384.0  68187.83  4870.99  7.14
385.6  71125.75  5095.81  7.16
387.3  75348.00  5406.34  7.18
388.9  79112.00  5679.88  7.18
390.5  85529.68  6137.76  7.18
392.1  88578.00  6353.64  7.17
393.8  80360.00  5763.20  7.17
395.4  81823.88  5869.86  7.17
397.0  86671.00  6200.65  7.15
398.6  98349.70  7001.88  7.12
400.2  120241.60  8492.40  7.06
401.8  134841.88  9452.21  7.01
403.4  142293.20  9898.22  6.96
405.0  143640.00  9901.20  6.89
406.6  143162.25  9784.01  6.83
408.3  144996.08  9823.34  6.77
409.9  148552.40  9977.10  6.72
411.5  151317.00  10096.43  6.67
413.1  157075.00  10421.00  6.63
414.7  159703.95  10563.21  6.61
416.3  161497.88  10670.22  6.61
417.9  161177.40  10651.84  6.61
419.5  159824.18  10587.56  6.62
421.1  160949.40  10694.86  6.64
422.7  161619.70  10771.02  6.66
424.3  160368.90  10720.71  6.69
425.9  159937.53  10732.10  6.71
427.5  157368.00  10593.11  6.73
429.1  152352.93  10288.25  6.75
430.7  142962.68  9693.78  6.78
432.3  145519.08  9915.01  6.81
433.9  155842.75  10643.85  6.83
435.5  162720.83  11141.80  6.85
437.1  170639.00  11709.32  6.86
438.7  170349.85  11723.97  6.88
440.3  170759.40  11800.56  6.91
441.9  176542.88  12246.12  6.94
443.5  183348.83  12753.87  6.96
445.0  187143.13  13051.78  6.97
446.6  187947.65  13153.60  7.00
448.2  191949.30  13490.75  7.03
449.8  196882.08  13895.74  7.06
451.4  201827.40  14298.90  7.08
453.0  200388.65  14258.07  7.12
454.6  197513.25  14128.96  7.15
456.2  198285.90  14265.10  7.19
457.8  200114.25  14477.16  7.23
459.3  199977.68  14544.57  7.27
460.9  200569.60  14669.91  7.31
462.5  202959.60  14927.09  7.35
464.1  202755.60  14988.29  7.39
465.7  200613.60  14911.58  7.43
467.2  198513.63  14837.08  7.47
468.8  197518.35  14841.32  7.51
470.4  196566.75  14846.49  7.55
472.0  197351.85  14978.73  7.59
473.6  199324.68  15195.97  7.62
475.1  200509.05  15343.20  7.65
476.7  200465.15  15397.25  7.68
478.3  201747.30  15568.55  7.72
479.9  203129.78  15761.79  7.76
481.5  204205.55  15934.22  7.80
483.0  203666.18  15969.41  7.84
484.6  199449.60  15702.53  7.87
486.2  190006.08  15024.23  7.91
487.8  185465.70  14740.49  7.95
489.3  189187.50  15093.00  7.98
490.9  193030.80  15438.74  8.00
492.5  193296.68  15503.53  8.02
494.0  194727.50  15662.88  8.04
495.6  196346.33  15825.23  8.06
497.2  196663.23  15882.79  8.08
498.8  194291.63  15718.38  8.09
500.3  191040.85  15474.81  8.10
501.9  187347.50  15193.99  8.11
503.5  186457.70  15123.47  8.11
505.0  187126.85  15178.92  8.11
506.6  188476.88  15279.85  8.11
508.2  187531.20  15183.29  8.10
509.7  187019.33  15097.01  8.07
511.3  186697.13  15004.55  8.04
512.9  184731.98  14772.35  8.00
514.4  181276.75  14447.24  7.97
516.0  177060.00  14091.60  7.96
517.5  171432.90  13666.39  7.97
519.1  171431.33  13702.29  7.99
520.7  175144.20  14022.62  8.01
522.2  177067.75  14202.02  8.02
523.8  179383.48  14413.78  8.04
525.4  180168.23  14494.11  8.04
526.9  177851.00  14334.73  8.06
528.5  179417.63  14478.47  8.07
530.0  182342.93  14715.79  8.07
531.6  183364.60  14789.58  8.07
533.2  182229.03  14693.74  8.06
534.7  183218.00  14762.72  8.06
536.3  183424.40  14761.24  8.05
537.8  182503.83  14662.80  8.03
539.4  180835.20  14494.97  8.02
541.0  179096.40  14318.33  7.99
542.5  179165.40  14277.48  7.97
544.1  180410.10  14325.33  7.94
545.6  180999.38  14308.46  7.91
547.2  180732.58  14218.54  7.87
548.7  180810.00  14147.28  7.82
550.3  181103.03  14095.83  7.78
551.8  181255.73  14042.32  7.75
553.4  181753.00  14026.01  7.72
554.9  182474.60  14037.89  7.69
556.5  181667.80  13937.74  7.67
558.0  179979.50  13778.27  7.66
559.6  178470.25  13630.86  7.64
561.1  179383.48  13660.73  7.62
562.7  180430.75  13687.85  7.59
564.2  181613.95  13715.91  7.55
565.8  181240.80  13614.41  7.51
567.3  180916.13  13495.20  7.46
568.9  180350.60  13338.18  7.40
570.4  179127.45  13129.80  7.33
572.0  179226.38  13014.63  7.26
573.5  180385.80  12952.82  7.18
575.1  180560.80  12809.34  7.09
576.6  180087.25  12607.48  7.00
578.2  179363.80  12372.79  6.90
579.7  179269.35  12173.41  6.79
581.2  180348.90  12035.08  6.67
582.8  182032.60  11917.03  6.55
584.3  182499.00  11694.16  6.41
585.9  181541.55  11362.12  6.26
587.4  179301.60  10929.82  6.10
588.9  174328.25  10320.84  5.92
590.5  171193.20  9845.93  5.75
592.0  171481.43  9600.15  5.60
593.6  172244.80  9398.43  5.46
595.1  172528.95  9174.95  5.32
596.6  173118.00  8977.71  5.19
598.2  173558.88  8766.73  5.05
599.7  173374.83  8532.57  4.92
601.2  172932.20  8311.49  4.81
602.8  173009.45  8146.74  4.71
604.3  173809.85  8053.09  4.63
605.8  174484.00  7985.72  4.58
607.4  174322.13  7909.65  4.54
608.9  173281.20  7811.58  4.51
610.5  172181.63  7725.23  4.49
612.0  171208.05  7647.12  4.47
613.5  169971.75  7560.26  4.45
615.0  168843.33  7478.02  4.43
616.6  167376.40  7384.64  4.41
618.1  167435.10  7357.39  4.39
619.6  168283.00  7359.08  4.37
621.2  168710.30  7342.04  4.35
622.7  167942.40  7276.80  4.33
624.2  166719.60  7187.36  4.31
625.8  165206.43  7075.66  4.28
627.3  164025.75  6966.09  4.25
628.8  162669.15  6846.11  4.21
630.3  161897.38  6778.72  4.19
631.8  161582.85  6749.44  4.18
633.4  162128.45  6767.60  4.17
634.9  162722.20  6785.57  4.17
636.4  163435.88  6808.69  4.17
638.0  164423.10  6843.80  4.16
639.5  164430.00  6833.40  4.16
641.0  164021.55  6805.65  4.15
642.5  163775.85  6779.05  4.14
644.0  163529.00  6743.26  4.12
645.5  162743.05  6672.53  4.10
647.1  161363.60  6557.44  4.06
648.6  159861.85  6449.79  4.03
650.1  159078.75  6392.36  4.02
651.6  159302.80  6384.70  4.01
653.1  159632.33  6377.00  3.99
654.7  158259.30  6292.89  3.98
656.2  153641.78  6076.98  3.96
657.7  151653.60  5976.46  3.94
659.2  153904.08  6042.28  3.93
660.7  156715.50  6130.15  3.91
662.2  159162.90  6205.86  3.90
663.7  160296.83  6231.64  3.89
665.2  160636.95  6233.60  3.88
666.8  160692.08  6237.17  3.88
668.3  160587.60  6242.57  3.89
669.8  160409.15  6247.00  3.89
671.3  159918.70  6231.77  3.90
672.8  159624.60  6216.85  3.89
674.3  159305.75  6191.59  3.89
675.8  159201.25  6169.08  3.88
677.3  158946.55  6140.18  3.86
678.8  158693.15  6106.80  3.85
680.3  158259.80  6064.71  3.83
681.8  157704.40  6017.50  3.82
683.3  156608.93  5946.39  3.80
684.8  154325.30  5822.24  3.77
686.3  147315.60  5467.70  3.71
687.8  138765.90  5043.95  3.63
689.3  135369.33  4856.48  3.59
690.8  135598.80  4839.94  3.57
692.3  137599.18  4889.58  3.55
693.8  138693.00  4889.35  3.53
695.3  139861.80  4920.32  3.52
696.8  141989.30  5016.41  3.53
698.3  142492.00  5017.60  3.52
699.8  141425.23  4937.27  3.49
701.3  140095.28  4862.76  3.47
702.8  140146.05  4859.26  3.47
704.2  141225.00  4897.95  3.47
705.7  142281.20  4929.06  3.46
707.2  142952.03  4950.54  3.46
708.7  143325.60  4961.93  3.46
710.2  143646.88  4971.92  3.46
711.7  143513.75  4955.17  3.45
713.2  142978.00  4919.41  3.44
714.7  141499.50  4823.33  3.41
716.2  136571.30  4548.25  3.33
717.6  127143.00  4077.00  3.21
719.1  118454.10  3678.01  3.11
720.6  116742.40  3602.37  3.09
722.1  120254.25  3760.50  3.13
723.6  120422.05  3743.67  3.11
725.0  118803.60  3643.16  3.07
726.5  118164.83  3599.17  3.05
728.0  117978.53  3585.57  3.04
729.5  118150.00  3587.31  3.04
731.0  119574.85  3642.54  3.05
732.4  123139.50  3822.65  3.10
733.9  127604.58  4047.06  3.17
735.4  130408.30  4184.17  3.21
736.8  131841.00  4263.60  3.23
738.3  132679.23  4328.78  3.26
739.8  133229.25  4387.85  3.29
741.2  133631.10  4439.66  3.32
742.7  134436.80  4508.48  3.35
744.2  135592.80  4579.34  3.38
745.7  136186.13  4621.50  3.39
747.1  136653.30  4644.66  3.40
748.6  136570.58  4654.41  3.41
750.0  136007.63  4637.30  3.41
751.5  135397.60  4617.94  3.41
753.0  135133.03  4606.40  3.41
754.4  135005.00  4602.88  3.41
755.9  134531.25  4581.25  3.41
757.3  133224.65  4524.47  3.40
758.8  123035.45  4092.70  3.33
760.3  94847.25  2970.87  3.13
761.7  73691.05  2122.25  2.88
763.2  66858.00  1787.28  2.67
764.6  69064.20  1826.17  2.64
766.1  81345.60  2304.96  2.83
767.5  97398.68  2971.83  3.05
769.0  111107.00  3555.15  3.20
770.4  120114.13  3954.18  3.29
771.9  125090.00  4181.80  3.34
773.3  127562.25  4298.77  3.37
774.8  128449.75  4348.63  3.39
776.2  128910.90  4374.15  3.39
777.7  128890.30  4377.30  3.40
779.1  128612.00  4367.48  3.40
780.5  128351.88  4360.59  3.40
782.0  128072.73  4349.24  3.40
783.4  127564.80  4322.30  3.39
784.9  127008.50  4300.78  3.39
786.3  126395.20  4259.93  3.37
787.8  125244.73  4187.33  3.34
789.2  123610.65  4092.83  3.31
790.6  122049.38  4013.89  3.29
792.0  120868.30  3975.08  3.29
793.5  119920.50  3960.97  3.30
794.9  119556.45  3958.86  3.31
796.3  119276.43  3925.51  3.29
797.8  119478.90  3925.86  3.29
799.2  119427.55  3924.76  3.29
800.6  118759.40  3893.00  3.28
802.1  118080.45  3854.13  3.26
803.5  117445.90  3821.84  3.25
804.9  117315.90  3834.53  3.27
806.3  117691.00  3863.08  3.28
807.8  117630.40  3876.64  3.30
809.2  116712.75  3831.82  3.28
810.6  115336.88  3754.49  3.26
812.0  113223.80  3626.50  3.20
813.4  109118.75  3404.25  3.12
814.8  103187.75  3122.65  3.03
816.3  97580.63  2880.69  2.95
817.7  94079.70  2741.34  2.91
819.1  93249.83  2727.60  2.93
820.5  95634.00  2859.78  2.99
821.9  96755.08  2910.28  3.01
823.3  93809.10  2780.86  2.96
824.7  95827.00  2879.66  3.01
826.1  99237.60  3033.18  3.06
827.5  99949.50  3051.09  3.05
828.9  99064.13  3005.65  3.03
830.3  99199.38  3016.70  3.04
831.7  99504.90  3031.03  3.05
833.2  99854.03  3054.83  3.06
834.5  101189.90  3128.92  3.09
835.9  103273.95  3228.51  3.13
837.3  105064.13  3314.15  3.15
838.7  106431.88  3390.00  3.19
840.1  107475.00  3442.07  3.20
841.5  108104.90  3477.97  3.22
842.9  108302.03  3503.41  3.23
844.3  108238.00  3519.23  3.25
845.7  108545.60  3559.57  3.28
847.1  108742.75  3578.14  3.29
848.5  108168.38  3569.79  3.30
849.9  106029.85  3489.59  3.29
851.2  104752.73  3444.28  3.29
852.6  104181.38  3427.85  3.29
854.0  100561.18  3305.45  3.29
855.4  98764.15  3261.05  3.30
856.8  101358.65  3356.14  3.31
858.2  103535.10  3423.83  3.31
859.5  104665.00  3463.46  3.31
860.9  104944.80  3486.48  3.32
862.3  105109.50  3494.78  3.32
863.7  105157.70  3488.51  3.32
865.0  103597.50  3442.35  3.32
866.4  99598.10  3313.80  3.33
867.8  98632.05  3292.71  3.34
869.1  100011.00  3347.54  3.35
870.5  101203.50  3395.09  3.35
871.9  101869.10  3421.41  3.36
873.2  101959.70  3413.01  3.35
874.6  101427.20  3399.40  3.35
876.0  101102.40  3394.15  3.36
877.3  101067.13  3384.48  3.35
878.7  100895.85  3377.59  3.35
880.0  100144.20  3364.51  3.36
881.4  99474.00  3325.64  3.34
882.8  99467.70  3317.01  3.33
884.1  99691.25  3330.25  3.34
885.5  99248.48  3317.77  3.34
886.8  98412.60  3280.42  3.33
888.2  98153.13  3280.00  3.34
889.5  98128.80  3261.87  3.32
890.9  97950.10  3245.82  3.31
892.2  96640.68  3180.17  3.29
893.6  94301.98  3049.77  3.23
894.9  90612.90  2868.01  3.17
896.2  85326.63  2602.28  3.05
897.6  80319.00  2381.28  2.96
898.9  75349.00  2195.60  2.91
900.3  72188.68  2063.26  2.86
901.6  71095.50  2029.10  2.85
903.0  73410.20  2132.27  2.90
904.3  78371.18  2347.20  2.99
905.6  80685.48  2440.50  3.02
907.0  78092.63  2303.67  2.95
908.3  74022.33  2129.00  2.88
909.6  71304.65  2019.84  2.83
911.0  70862.40  2013.39  2.84
912.3  70884.63  2036.69  2.87
913.6  69661.05  1936.64  2.78
914.9  68755.40  1899.94  2.76
916.2  68138.55  1870.47  2.75
917.6  68304.30  1889.65  2.77
918.9  70642.23  1995.68  2.83
920.2  74101.30  2171.99  2.93
921.5  75577.60  2264.19  3.00
922.9  75525.00  2251.44  2.98
924.2  74347.78  2193.34  2.95
925.5  73794.88  2179.49  2.95
926.8  73250.10  2119.44  2.89
928.1  69177.25  1930.21  2.79
929.4  62435.10  1639.78  2.63
930.7  54013.20  1342.46  2.49
932.0  44790.95  1056.42  2.36
933.4  36307.55  810.08  2.23
934.7  31149.68  671.49  2.16
936.0  29391.88  614.39  2.09
937.3  28689.95  608.46  2.12
938.6  32506.55  716.31  2.20
939.9  38514.00  880.32  2.29
941.2  40994.00  907.44  2.21
942.5  40327.35  899.77  2.23
943.8  37858.13  835.78  2.21
945.1  36407.85  799.71  2.20
946.4  35901.60  786.42  2.19
947.7  36873.00  824.22  2.24
949.0  37739.70  856.32  2.27
950.2  38795.25  897.00  2.31
951.5  39203.10  893.47  2.28
952.8  39363.50  907.68  2.31
954.1  40261.95  922.96  2.29
955.4  40236.00  890.94  2.21
956.7  41369.50  963.67  2.33
958.0  42765.60  1008.58  2.36
959.3  43032.15  1026.73  2.39
960.5  44526.60  1074.78  2.41
961.8  46854.00  1166.14  2.49
963.1  48769.20  1229.83  2.52
964.4  50410.53  1283.18  2.55
965.7  51563.70  1305.55  2.53
966.9  54468.38  1418.97  2.61
968.2  59476.18  1661.92  2.79
969.5  63712.00  1853.44  2.91
970.8  66375.00  1947.00  2.93
972.0  67083.98  2021.54  3.01
973.3  65369.70  1915.06  2.93
974.6  63220.95  1852.81  2.93
975.8  61890.85  1773.78  2.87
977.1  62782.90  1821.68  2.90
978.4  63710.40  1884.77  2.96
979.6  64620.08  1921.69  2.97
980.9  66312.00  2016.99  3.04
982.2  68008.38  2100.16  3.09
983.4  69772.10  2172.29  3.11
984.7  71178.60  2230.75  3.13
985.9  72341.23  2293.93  3.17
987.2  73172.10  2344.57  3.20
988.5  73960.43  2457.52  3.32
989.7  74465.10  2434.13  3.27
991.0  74492.60  2439.43  3.27
992.2  74933.88  2528.50  3.37
993.5  74970.00  2501.86  3.34
994.7  75357.50  2576.18  3.42
996.0  75318.60  2546.49  3.38
997.2  75464.60  2558.43  3.39
998.5  75147.38  2533.27  3.37
999.7  75202.13  2600.54  3.46
1001.0  74655.00  2548.22  3.41
1002.2  73779.63  2544.13  3.45
1003.4  73403.35  2481.24  3.38
1004.7  72207.03  2514.26  3.48
1005.9  71226.30  2516.32  3.53
1007.2  71508.15  2528.69  3.54
1008.4  70980.30  2468.88  3.48
1009.6  71258.35  2542.74  3.57
1010.9  71438.50  2571.79  3.60
1012.1  71298.50  2566.75  3.60
1013.3  71358.00  2589.28  3.63
1014.6  71001.20  2635.73  3.71
1015.8  70835.40  2628.10  3.71
1017.1  71283.90  2603.41  3.65
1018.3  70893.40  2627.23  3.71
1019.5  70798.90  2684.02  3.79
1020.8  70265.13  2681.88  3.82
1022.0  69820.80  2705.56  3.88
1023.2  70125.30  2671.44  3.81
1024.4  69873.23  2590.42  3.71
1025.7  70195.13  2598.96  3.70
1026.9  70757.40  2663.81  3.76
1028.1  70739.70  2683.23  3.79
1029.3  70605.23  2699.24  3.82
1030.6  70482.50  2716.78  3.85
1031.8  70628.03  2640.30  3.74
1033.0  69844.30  2631.03  3.77
1034.2  70409.63  2621.19  3.72
1035.4  71010.23  2668.26  3.76
1036.7  70766.40  2742.20  3.88
1037.9  70510.28  2759.76  3.91
1039.1  70089.75  2710.14  3.87
1040.3  70591.40  2663.22  3.77
1041.5  70780.15  2666.60  3.77
1042.7  70137.08  2704.08  3.86
1043.9  70330.28  2743.75  3.90
1045.2  70365.30  2707.73  3.85
1046.4  70404.95  2596.75  3.69
1047.6  69334.30  2585.98  3.73
1048.8  70131.10  2613.10  3.73
1050.0  69988.25  2484.09  3.55
1051.2  69826.28  2631.14  3.77
1052.4  69463.93  2654.14  3.82
1053.6  68888.63  2628.37  3.82
1054.8  69577.60  2609.16  3.75
1056.0  69188.90  2678.28  3.87
1057.2  69495.78  2551.98  3.67
1058.4  68655.35  2606.58  3.80
1059.7  67998.15  2481.34  3.65
1060.9  67079.38  2439.25  3.64
1062.1  67594.50  2453.43  3.63
1063.3  66853.80  2417.02  3.62
1064.5  67396.50  2484.42  3.69
1065.7  67723.75  2492.23  3.68
1066.9  67813.55  2601.83  3.84
1068.1  68173.20  2613.31  3.83
1069.3  68283.95  2324.56  3.40
1070.5  66908.25  2616.86  3.91
1071.7  66981.20  2253.00  3.36
1072.9  67060.65  2370.52  3.53
1074.1  67742.85  2193.58  3.24
1075.3  67428.00  2292.55  3.40
1076.5  67472.68  2238.12  3.32
