/*** Spectra Vista SIG Data ***/
name= 230505_1715_R953_T961.sig
instrument= HK: 9202056 (HR-512i)
integration= 10.0, 0.0, 0.0, 20.0, 0.0, 0.0
scan method= Time-based, Time-based
scan coadds= 500, 0, 0, 250, 0, 0
scan time= 5, 5
scan settings= AI, AI
external data set1= 0,0,0,0,0,0,0,0,0,0,0,0,0,0,0,0,0,0,0,0,0,0,0,0,0,0,0,0,0,0,0,0
external data set2= 0,0,0,0,0,0,0,0,0,0,0,0,0,0,0,0,0,0,0,0,0,0,0,0,0,0,0,0,0,0,0,0
external data dark= 0,0,0,0,0,0,0,0,0,0,0,0,0,0,0,0
external data mask= 0
optic= LENS 4(1), LENS 4(1)
temp= 24.8, 0.0, 0.0, 26.4, 0.0, 0.0
battery= 8.24, 8.27
error= 0, 0
units= Radiance, Radiance
time= 5/5/2023 5:11:29 PM, 5/5/2023 5:15:11 PM
longitude=                 , 07748.9421W     
latitude=                 , 3411.1096N      
gpstime=                 , 182309.000      
comm= 
memory slot= 953, 961
factors= 1.000, 1.000, 1.000 [Overlap: Preserve, Matching Type: None]
inclinometer x offset= 3, 4
inclinometer y offset= -16, -35
data= 
339.7  44782.65  74457.90  166.27
341.4  48316.40  80121.80  165.83
343.0  50434.35  83391.45  165.35
344.7  51440.25  84932.50  165.11
346.4  54044.30  88951.10  164.59
348.0  56614.25  92862.08  164.03
349.7  59529.60  97156.80  163.21
351.3  64178.50  104392.48  162.66
353.0  67518.50  109433.45  162.08
354.6  72075.40  116179.30  161.19
356.2  71783.25  115170.83  160.44
357.9  67134.00  107026.13  159.42
359.5  67662.80  107450.00  158.80
361.2  72523.90  114717.40  158.18
362.8  76465.90  120195.60  157.19
364.5  81425.85  127478.18  156.56
366.1  88670.30  138282.00  155.95
367.7  93585.60  145262.70  155.22
369.4  94405.85  145845.70  154.49
371.0  94994.90  146159.65  153.86
372.6  92551.50  141594.38  152.99
374.3  87912.75  133970.63  152.39
375.9  89431.10  135641.00  151.67
377.5  97494.15  147421.95  151.21
379.1  103101.90  155200.10  150.53
380.8  100654.40  150768.80  149.79
382.4  93357.00  139000.50  148.89
384.0  84193.65  124785.23  148.21
385.6  87778.40  129677.05  147.73
387.3  92944.80  136796.40  147.18
388.9  97631.40  142941.00  146.41
390.5  105519.70  153616.65  145.58
392.1  109307.25  158175.00  144.71
393.8  99120.00  142400.00  143.66
395.4  100871.40  143910.38  142.67
397.0  106649.40  151453.90  142.01
398.6  120775.40  170266.60  140.98
400.2  147403.80  206277.70  139.94
401.8  164918.25  228826.50  138.75
403.4  173692.40  238889.35  137.54
405.0  174840.00  238350.00  136.32
406.6  173769.75  234984.75  135.23
408.3  175464.45  235427.33  134.17
409.9  179131.20  238680.80  133.24
411.5  181953.00  240844.50  132.37
413.1  188400.00  247850.00  131.56
414.7  191219.70  250097.40  130.79
416.3  193030.75  251234.50  130.15
417.9  192389.10  249353.85  129.61
419.5  190611.15  246098.03  129.11
421.1  191829.60  246849.00  128.68
422.7  192572.60  247017.10  128.27
424.3  191043.90  244213.90  127.83
425.9  190511.75  242887.43  127.49
427.5  187467.00  238323.25  127.13
429.1  181545.95  230116.60  126.75
430.7  170352.45  215533.05  126.52
432.3  173495.40  219189.43  126.34
433.9  185828.65  234374.53  126.12
435.5  194055.00  244166.85  125.82
437.1  203528.00  255436.00  125.50
438.7  203263.10  254459.38  125.19
440.3  203835.45  254689.40  124.95
441.9  210795.75  263007.00  124.77
443.5  219011.20  272706.63  124.52
445.0  223626.25  277798.75  124.22
446.6  224615.60  278504.60  123.99
448.2  229449.85  284047.98  123.80
449.8  235402.05  290931.88  123.59
451.4  241417.85  297627.50  123.28
453.0  239775.80  294961.98  123.02
454.6  236410.65  290338.43  122.81
456.2  237360.60  291159.10  122.67
457.8  239609.95  293419.80  122.46
459.3  239509.80  292781.63  122.24
460.9  240292.80  293243.50  122.04
462.5  243168.00  296350.80  121.87
464.1  243045.60  295596.00  121.62
465.7  240516.00  292046.40  121.42
467.2  238061.50  288673.00  121.26
468.8  236948.85  286928.03  121.09
470.4  235872.00  285241.50  120.93
472.0  236894.85  286142.03  120.79
473.6  239374.30  288758.80  120.63
475.1  240858.55  290176.83  120.48
476.7  240939.30  289909.25  120.32
478.3  242538.60  291496.05  120.19
479.9  244256.85  293096.48  120.00
481.5  245536.80  294122.90  119.79
483.0  244886.40  292773.75  119.55
484.6  239808.00  286118.40  119.31
486.2  228518.50  272257.48  119.14
487.8  223095.60  265639.50  119.07
489.3  227550.00  270825.00  119.02
490.9  232239.60  275968.20  118.83
492.5  232597.20  276006.50  118.66
494.0  234366.50  277783.25  118.53
495.6  236379.85  279820.10  118.38
497.2  236787.30  279888.15  118.20
498.8  234028.70  276191.13  118.02
500.3  230165.10  271284.60  117.87
501.9  225810.25  265899.88  117.75
503.5  224803.80  264586.40  117.70
505.0  225679.45  265432.65  117.61
506.6  227354.85  267054.08  117.46
508.2  226281.60  265404.60  117.29
509.7  225694.80  264354.30  117.13
511.3  225330.10  263537.15  116.96
512.9  222970.05  260354.25  116.77
514.4  218868.00  255193.50  116.60
516.0  213810.00  249090.00  116.50
517.5  207070.20  241124.63  116.45
519.1  207098.45  241024.23  116.38
520.7  211596.00  245907.20  116.22
522.2  214018.50  248239.50  115.99
523.8  216840.80  251323.18  115.90
525.4  217838.55  252262.20  115.80
526.9  215091.30  248962.10  115.75
528.5  217038.15  251184.68  115.73
530.0  220633.65  255171.23  115.65
531.6  221917.60  256395.20  115.54
533.2  220583.40  254658.98  115.45
534.7  221788.00  255934.00  115.40
536.3  222094.20  256065.80  115.30
537.8  221034.10  254587.38  115.18
539.4  219033.60  252098.40  115.10
541.0  216963.60  249628.20  115.06
542.5  217101.60  249711.00  115.02
544.1  218636.10  251335.95  114.96
545.6  219363.75  251983.88  114.87
547.2  219095.95  251485.50  114.78
548.7  219240.00  251440.00  114.69
550.3  219626.30  251717.30  114.61
551.8  219854.25  251833.05  114.55
553.4  220506.00  252409.30  114.47
554.9  221402.90  253250.70  114.38
556.5  220460.00  251937.60  114.28
558.0  218477.00  249511.00  114.20
559.6  216669.25  247386.13  114.18
561.1  217832.45  248648.73  114.15
562.7  219157.35  250023.30  114.08
564.2  220639.20  251643.45  114.05
565.8  220239.60  251137.20  114.03
567.3  219961.30  250656.50  113.95
568.9  219381.70  249852.25  113.89
570.4  218033.10  248105.03  113.79
572.0  218232.75  248183.25  113.72
573.5  219727.20  249690.00  113.64
575.1  220035.20  249781.60  113.52
576.6  219539.00  248986.75  113.41
578.2  218657.10  247805.25  113.33
579.7  218572.25  247478.70  113.23
581.2  219845.90  248675.60  113.11
582.8  221879.75  250640.78  112.96
584.3  222408.75  250920.25  112.82
585.9  221233.20  249336.75  112.70
587.4  218570.40  246272.40  112.67
588.9  212645.75  239811.88  112.78
590.5  208960.30  235936.80  112.91
592.0  209397.00  236508.23  112.95
593.6  210371.20  237461.90  112.88
595.1  210703.90  237677.00  112.80
596.6  211422.40  238151.20  112.64
598.2  211870.75  238332.88  112.49
599.7  211631.90  237656.53  112.30
601.2  211039.50  236632.90  112.13
602.8  211083.65  236448.63  112.02
604.3  212025.40  237334.90  111.94
605.8  212856.00  238033.10  111.83
607.4  212649.30  237635.78  111.75
608.9  211433.85  236099.30  111.67
610.5  210118.70  234513.40  111.61
612.0  208924.95  233081.55  111.56
613.5  207408.00  231266.63  111.50
615.0  206012.45  229605.95  111.45
616.6  204280.80  227574.00  111.40
618.1  204384.60  227650.50  111.38
619.6  205390.00  228703.00  111.35
621.2  205898.00  229200.00  111.32
622.7  204979.20  228076.80  111.27
624.2  203523.30  226356.30  111.22
625.8  201722.05  224352.00  111.22
627.3  200410.50  222979.25  111.26
628.8  198857.40  221361.35  111.32
630.3  197912.30  220304.28  111.31
631.8  197510.30  219715.60  111.24
633.4  198046.20  220207.35  111.19
634.9  198682.00  220766.90  111.12
636.4  199513.75  221491.28  111.02
638.0  200618.70  222573.75  110.94
639.5  200592.00  222369.00  110.86
641.0  200061.40  221617.55  110.77
642.5  199750.60  221186.00  110.73
644.0  199391.00  220762.00  110.72
645.5  198443.90  219769.15  110.75
647.1  196854.00  218196.20  110.84
648.6  195091.60  216470.90  110.96
650.1  194080.50  215497.50  111.04
651.6  194408.75  215917.33  111.06
653.1  194791.50  216181.73  110.98
654.7  193115.70  213940.53  110.78
656.2  187400.15  207537.55  110.75
657.7  184976.80  204871.60  110.76
659.2  187617.30  207831.00  110.77
660.7  191047.75  211413.13  110.66
662.2  193987.30  214429.80  110.54
663.7  195350.40  215723.63  110.43
665.2  195676.60  215984.50  110.38
666.8  195741.95  215941.43  110.32
668.3  195648.90  215673.45  110.23
669.8  195359.45  215331.05  110.22
671.3  194779.70  214567.00  110.16
672.8  194437.40  214044.33  110.08
674.3  194011.20  213522.10  110.06
675.8  193920.00  213261.50  109.97
677.3  193669.00  212908.15  109.93
678.8  193358.00  212538.70  109.92
680.3  192830.10  211919.60  109.90
681.8  192162.60  211215.03  109.91
683.3  190832.95  209718.85  109.90
684.8  188138.60  206699.60  109.87
686.3  179781.40  197938.40  110.10
687.8  169696.80  187551.00  110.52
689.3  165729.20  183560.48  110.76
690.8  165986.40  183954.00  110.82
692.3  168346.20  186478.35  110.77
693.8  169717.90  188043.20  110.80
695.3  171054.00  189417.15  110.74
696.8  173489.40  191670.10  110.48
698.3  173992.00  191884.00  110.28
699.8  172726.75  190415.30  110.24
701.3  171109.15  188569.83  110.20
702.8  171226.50  188511.45  110.09
704.2  172429.00  189618.10  109.97
705.7  173664.00  190735.60  109.83
707.2  174407.35  191297.55  109.68
708.7  174831.60  191519.10  109.54
710.2  175102.20  191671.70  109.46
711.7  174945.00  191316.00  109.36
713.2  174307.20  190521.20  109.30
714.7  172484.40  188648.10  109.37
716.2  166672.40  182731.70  109.64
717.6  155412.00  171450.00  110.32
719.1  145039.20  161001.10  111.01
720.6  142908.80  159065.60  111.31
722.1  147095.50  163200.25  110.95
723.6  147252.40  163279.50  110.88
725.0  145375.20  161378.55  111.01
726.5  144671.40  160635.90  111.04
728.0  144352.80  160293.60  111.04
729.5  144560.00  160378.20  110.94
731.0  146271.15  162104.63  110.82
732.4  150404.10  166196.25  110.50
733.9  155695.05  171191.30  109.95
735.4  158959.90  174227.08  109.60
736.8  160626.00  175645.50  109.35
738.3  161612.30  176293.90  109.08
739.8  162104.25  176512.88  108.89
741.2  162423.90  176559.08  108.70
742.7  163286.40  177273.20  108.57
744.2  164640.00  178428.60  108.38
745.7  165307.50  179023.88  108.30
747.1  165786.90  179458.20  108.25
748.6  165653.10  179156.78  108.15
750.0  164907.35  178311.00  108.13
751.5  164175.70  177403.85  108.06
753.0  163784.55  176956.25  108.04
754.4  163618.00  176700.00  108.00
755.9  163062.50  176031.25  107.95
757.3  161471.05  174238.68  107.91
758.8  149322.90  161193.63  107.95
760.3  115519.50  125710.50  108.82
761.7  90375.20  100104.90  110.77
763.2  82368.00  92763.00  112.62
764.6  85114.80  96237.00  113.07
766.1  99792.00  111686.40  111.92
767.5  118873.20  131221.90  110.39
769.0  135082.00  147549.00  109.23
770.4  145702.00  158063.13  108.48
771.9  151480.00  163695.00  108.06
773.3  154305.75  166439.38  107.86
774.8  155369.50  167310.00  107.69
776.2  155878.80  167772.15  107.63
777.7  155809.50  167659.80  107.61
779.1  155474.00  167166.00  107.52
780.5  155071.55  166801.23  107.56
782.0  154734.00  166414.90  107.55
783.4  154137.60  165696.00  107.50
784.9  153499.40  165013.80  107.50
786.3  152714.40  164298.00  107.59
787.8  151395.60  162973.85  107.65
789.2  149514.65  161171.45  107.80
790.6  147607.95  159300.08  107.92
792.0  146191.50  157811.85  107.95
793.5  145089.00  156425.40  107.81
794.9  144567.90  155827.35  107.79
796.3  144302.20  155701.38  107.90
797.8  144581.00  155978.95  107.88
799.2  144520.40  155873.00  107.86
800.6  143628.80  154987.20  107.91
802.1  142738.70  154137.33  107.99
803.5  142089.20  153441.20  107.99
804.9  141798.80  153102.30  107.97
806.3  142226.25  153320.88  107.80
807.8  142169.85  153197.70  107.76
809.2  141065.80  151979.20  107.74
810.6  139431.75  150477.38  107.92
812.0  137038.40  148162.33  108.12
813.4  132175.00  143437.50  108.52
814.8  125121.90  136575.20  109.15
816.3  118416.15  129795.98  109.61
817.7  114259.60  125551.40  109.88
819.1  113309.05  124503.58  109.88
820.5  116077.50  127223.25  109.60
821.9  117350.00  128263.55  109.30
823.3  113859.90  124720.75  109.54
824.7  116205.40  127183.05  109.45
826.1  120243.20  131269.60  109.17
827.5  121116.75  132076.13  109.05
828.9  120124.00  130940.25  109.00
830.3  120202.50  130994.88  108.98
831.7  120612.00  131296.65  108.86
833.2  120942.45  131519.93  108.75
834.5  122535.70  133073.50  108.60
835.9  124943.65  135435.63  108.40
837.3  126996.00  137509.38  108.28
838.7  128537.50  138919.38  108.08
840.1  129829.80  140075.75  107.89
841.5  130569.20  140674.50  107.74
842.9  130640.70  140667.30  107.67
844.3  130513.50  140455.25  107.62
845.7  130830.80  140684.80  107.53
847.1  131106.10  140866.05  107.44
848.5  130362.75  140097.13  107.47
849.9  127899.00  137215.10  107.28
851.2  126439.50  135562.35  107.22
852.6  125666.25  134908.80  107.35
854.0  121364.10  130079.95  107.18
855.4  119083.25  127743.85  107.27
856.8  122102.60  131209.70  107.46
858.2  124891.35  134031.83  107.32
859.5  126117.00  135286.00  107.27
860.9  126494.40  135604.80  107.20
862.3  126663.60  135799.70  107.21
863.7  126871.15  135933.38  107.14
865.0  124862.25  133858.88  107.21
866.4  120033.20  128593.85  107.13
867.8  118768.65  127345.35  107.22
869.1  120390.60  129070.80  107.21
870.5  121826.10  130705.28  107.29
871.9  122745.50  131540.65  107.17
873.2  122703.90  131608.25  107.26
874.6  122227.70  131043.15  107.21
876.0  121764.20  130590.60  107.25
877.3  121686.85  130422.30  107.18
878.7  121568.70  130208.10  107.11
880.0  120756.00  129292.20  107.07
881.4  119916.75  128452.13  107.12
882.8  119958.90  128603.63  107.21
884.1  120235.00  128668.75  107.01
885.5  119492.10  128246.10  107.33
886.8  118582.75  127116.28  107.20
888.2  118008.10  126757.75  107.41
889.5  118118.00  126863.28  107.40
890.9  117862.40  126610.00  107.42
892.2  116575.00  125201.55  107.40
893.6  113776.10  122627.98  107.78
894.9  109645.20  118503.00  108.08
896.2  103411.50  112150.50  108.45
897.6  97170.00  106149.00  109.24
898.9  91566.50  100299.00  109.54
900.3  87738.95  96335.85  109.80
901.6  86339.40  95178.30  110.24
903.0  89233.60  98182.90  110.03
904.3  95043.10  104101.08  109.53
905.6  97566.95  106605.85  109.26
907.0  94682.25  103584.00  109.40
908.3  90030.85  98650.83  109.57
909.6  86564.40  95442.80  110.26
911.0  86328.40  95045.60  110.10
912.3  86145.50  94988.25  110.26
913.6  84691.65  93652.20  110.58
914.9  83562.00  92651.20  110.88
916.2  82835.10  92039.00  111.11
917.6  83048.40  92075.40  110.87
918.9  85747.15  94749.08  110.50
920.2  90035.40  98698.60  109.62
921.5  91884.80  100352.00  109.22
922.9  91584.00  100011.00  109.20
924.2  90314.00  98861.58  109.46
925.5  89666.50  98175.00  109.49
926.8  89029.60  97500.70  109.51
928.1  84025.05  92630.03  110.24
929.4  75814.05  84390.30  111.31
930.7  65724.80  74115.20  112.77
932.0  54605.70  62457.50  114.38
933.4  44517.80  51450.90  115.57
934.7  38424.15  44766.00  116.50
936.0  36028.75  42665.63  118.42
937.3  35044.10  41590.80  118.68
938.6  39708.60  46716.00  117.65
939.9  47160.00  54823.50  116.25
941.2  50148.00  57909.00  115.48
942.5  49851.90  57147.30  114.63
943.8  46753.75  53787.50  115.04
945.1  44615.40  51349.80  115.09
946.4  44022.20  50860.60  115.53
947.7  45115.20  52272.90  115.87
949.0  46347.00  53409.40  115.24
950.2  47541.00  54717.00  115.09
951.5  48320.10  55613.70  115.09
952.8  48162.40  55340.45  114.90
954.1  49444.50  56508.00  114.29
955.4  49337.00  56282.50  114.08
956.7  50616.80  57673.95  113.94
958.0  52900.80  60069.60  113.55
959.3  52846.50  60144.35  113.81
960.5  54762.60  62183.70  113.55
961.8  57266.00  64554.40  112.73
963.1  59371.20  66792.60  112.50
964.4  60923.95  69011.20  113.27
965.7  63083.25  70488.68  111.74
966.9  65920.70  73741.80  111.86
968.2  72282.05  79965.58  110.63
969.5  77612.80  84852.80  109.33
970.8  80240.00  87910.00  109.56
972.0  81222.75  88743.38  109.26
973.3  79180.20  86545.80  109.30
974.6  76365.90  83877.30  109.84
975.8  75289.90  82627.48  109.75
977.1  76120.20  83927.40  110.26
978.4  76983.40  84947.20  110.34
979.6  77814.75  85596.23  110.00
980.9  80127.00  87725.25  109.48
982.2  83160.50  89855.63  108.05
983.4  84877.40  91710.75  108.05
984.7  85854.60  93192.60  108.55
985.9  87709.05  94830.73  108.12
987.2  88879.20  95775.00  107.76
988.5  89222.10  96657.28  108.33
989.7  89678.40  96884.70  108.04
991.0  90864.60  96594.80  106.31
992.2  90423.00  97121.00  107.41
993.5  90820.80  97246.80  107.08
994.7  90253.75  97701.88  108.25
996.0  91458.30  97734.85  106.86
997.2  91109.70  97551.80  107.07
998.5  90744.00  97360.75  107.29
999.7  91212.90  97035.00  106.38
1001.0  90581.40  96553.80  106.59
1002.2  89553.20  96167.93  107.39
1003.4  88911.10  95631.13  107.56
1004.7  87271.80  94024.98  107.74
1005.9  86303.40  92542.20  107.23
1007.2  86017.05  92753.33  107.83
1008.4  86410.80  92583.00  107.14
1009.6  86125.20  92789.65  107.74
1010.9  86746.75  92870.05  107.06
1012.1  86576.75  92688.05  107.06
1013.3  85629.60  91746.00  107.14
1014.6  85814.40  91944.00  107.14
1015.8  85207.80  91880.70  107.83
1017.1  85747.30  91429.35  106.63
1018.3  85489.10  91223.13  106.71
1019.5  85592.70  91404.55  106.79
1020.8  84747.25  91183.75  107.59
1022.0  85094.10  91094.33  107.05
1023.2  85708.70  90717.65  105.84
1024.4  85211.25  90892.00  106.67
1025.7  84698.25  91079.63  107.53
1026.9  85622.40  90973.80  106.25
1028.1  84155.85  90863.93  107.97
1029.3  84976.20  90599.63  106.62
1030.6  84579.00  90345.75  106.82
1031.8  85809.75  91090.35  106.15
1033.0  85440.60  90865.40  106.35
1034.2  86443.50  90626.25  104.84
1035.4  86073.00  91093.93  105.83
1036.7  85509.40  91406.60  106.90
1037.9  84915.60  90981.00  107.14
1039.1  85665.25  90337.90  105.45
1040.3  85030.55  90645.78  106.60
1041.5  83948.55  90532.75  107.84
1042.7  84502.50  90417.68  107.00
1043.9  85090.95  91168.88  107.14
1045.2  85507.20  90851.40  106.25
1046.4  85948.90  89606.30  104.26
1047.6  86199.40  89947.20  104.35
1048.8  86463.00  91266.50  105.56
1050.0  84774.50  90689.00  106.98
1051.2  85005.90  91077.75  107.14
1052.4  85015.55  91236.20  107.32
1053.6  84786.00  90085.13  106.25
1054.8  84797.70  90233.45  106.41
1056.0  84812.20  89276.00  105.26
1057.2  84306.35  90002.73  106.76
1058.4  86110.10  89601.05  104.05
1059.7  83506.50  89471.25  107.14
1060.9  82934.50  89032.63  107.35
1062.1  82615.50  88874.25  107.58
1063.3  82281.60  88709.85  107.81
1064.5  81933.00  88540.50  108.06
1065.7  83977.45  89395.35  106.45
1066.9  83037.00  88572.80  106.67
1068.1  82375.95  88057.05  106.90
1069.3  84265.30  88623.85  105.17
1070.5  83263.60  87724.15  105.36
1071.7  82204.20  88293.40  107.41
1072.9  84215.70  87334.80  103.70
1074.1  83872.10  87097.95  103.85
1075.3  80913.60  87656.40  108.33
1076.5  82283.75  87220.78  106.00
