/*** Spectra Vista SIG Data ***/
name= 230503_1825_R906_T911.sig
instrument= HK: 9202056 (HR-512i)
integration= 10.0, 0.0, 0.0, 70.0, 0.0, 0.0
scan method= Time-based, Time-based
scan coadds= 300, 0, 0, 42, 0, 0
scan time= 3, 3
scan settings= AI, AI
external data set1= 0,0,0,0,0,0,0,0,0,0,0,0,0,0,0,0,0,0,0,0,0,0,0,0,0,0,0,0,0,0,0,0
external data set2= 0,0,0,0,0,0,0,0,0,0,0,0,0,0,0,0,0,0,0,0,0,0,0,0,0,0,0,0,0,0,0,0
external data dark= 0,0,0,0,0,0,0,0,0,0,0,0,0,0,0,0
external data mask= 0
optic= LENS 4(1), LENS 4(1)
temp= 21.2, 0.0, 0.0, 24.1, 0.0, 0.0
battery= 8.28, 8.28
error= 0, 0
units= Radiance, Radiance
time= 5/3/2023 6:22:26 PM, 5/3/2023 6:25:15 PM
longitude= 07757.5909W     , 07757.6401W     
latitude= 3409.6846N      , 3409.5809N      
gpstime= 193119.000      , 193408.000      
comm= 
memory slot= 906, 911
factors= 1.000, 1.000, 1.000 [Overlap: Preserve, Matching Type: None]
inclinometer x offset= 3, 2
inclinometer y offset= -11, -8
data= 
339.7  56652.75  41905.05  73.97
341.4  61525.20  45163.17  73.41
343.0  64582.60  46891.34  72.61
344.7  66343.50  47342.43  71.36
346.4  69966.70  49210.71  70.33
348.0  73819.10  51131.39  69.27
349.7  77781.60  53091.26  68.26
351.3  84387.90  56746.28  67.24
353.0  89311.60  59057.20  66.12
354.6  96013.80  62262.14  64.85
356.2  96812.10  61582.95  63.61
357.9  91182.00  56613.00  62.09
359.5  91977.20  55751.20  60.61
361.2  99307.60  59088.37  59.50
362.8  105049.00  61354.20  58.41
364.5  112248.75  64506.19  57.47
366.1  122755.60  69314.29  56.47
367.7  130730.40  72497.83  55.46
369.4  132717.20  72155.60  54.37
371.0  134507.10  71639.10  53.26
372.6  131997.75  68816.46  52.13
374.3  125856.50  64229.18  51.03
375.9  127824.40  63862.94  49.96
377.5  139775.35  68530.24  49.03
379.1  149070.90  71924.29  48.25
380.8  146832.00  69418.40  47.28
382.4  137137.50  63637.71  46.40
384.0  123631.20  56109.99  45.38
385.6  128560.40  57178.03  44.48
387.3  136656.00  59797.03  43.76
388.9  143840.00  61902.57  43.04
390.5  155861.75  65922.06  42.30
392.1  162920.25  67789.29  41.61
393.8  148320.00  60674.29  40.91
395.4  149927.40  59852.70  39.92
397.0  158798.90  62411.51  39.30
398.6  178772.90  68793.57  38.48
400.2  219117.40  82902.00  37.83
401.8  246568.00  91787.75  37.23
403.4  261037.00  95497.00  36.58
405.0  263460.00  94654.29  35.93
406.6  262242.75  92424.75  35.24
408.3  264894.00  91512.45  34.55
409.9  271216.00  91916.34  33.89
411.5  275931.00  91774.93  33.26
413.1  286550.00  93550.00  32.65
414.7  291780.30  93626.10  32.09
416.3  295506.75  93206.14  31.54
417.9  295627.80  91713.09  31.02
419.5  293629.95  89588.94  30.51
421.1  296218.80  88865.03  30.00
422.7  298535.60  88156.20  29.53
424.3  296934.00  86334.06  29.08
425.9  297069.85  85054.91  28.63
427.5  293327.00  82746.86  28.21
429.1  285191.90  79291.07  27.80
430.7  268269.45  73613.98  27.44
432.3  272323.35  73434.77  26.97
433.9  292686.80  77755.15  26.57
435.5  306416.65  80301.81  26.21
437.1  322658.00  83355.71  25.83
438.7  323615.25  82552.19  25.51
440.3  324770.95  81695.50  25.15
441.9  336332.25  83390.46  24.79
443.5  350471.75  85705.05  24.45
445.0  359057.50  86656.07  24.13
446.6  361446.80  86105.25  23.82
448.2  369653.90  86862.31  23.50
449.8  380005.60  88124.96  23.19
451.4  390631.10  89396.69  22.89
453.0  389294.40  88020.27  22.61
454.6  384333.75  85778.34  22.32
456.2  386337.95  85072.13  22.02
457.8  390820.90  84911.70  21.73
459.3  391500.15  83977.09  21.45
460.9  393243.40  83243.13  21.17
462.5  398738.40  83319.43  20.90
464.1  399472.80  82433.49  20.64
465.7  396127.20  80737.37  20.38
467.2  392748.50  79055.00  20.13
468.8  391418.85  77786.68  19.87
470.4  390339.00  76608.64  19.63
472.0  392444.10  76042.46  19.38
473.6  397284.25  76015.42  19.13
475.1  400538.70  75676.71  18.89
476.7  401406.70  74908.23  18.66
478.3  404599.20  74577.41  18.43
479.9  407943.00  74340.26  18.22
481.5  410550.60  74004.47  18.03
483.0  410192.45  73158.93  17.84
484.6  402624.00  71061.94  17.65
486.2  384437.55  67165.80  17.47
487.8  374749.20  64708.20  17.27
489.3  382350.00  65212.50  17.06
490.9  390934.80  65923.71  16.86
492.5  392268.25  65450.86  16.69
494.0  395514.00  65272.43  16.50
495.6  399470.05  65199.00  16.32
497.2  400848.60  64725.12  16.15
498.8  396773.20  63395.54  15.98
500.3  390756.70  61780.87  15.81
501.9  383634.25  60001.11  15.64
503.5  382278.00  59116.20  15.46
505.0  384158.65  58743.64  15.29
506.6  387465.75  58641.94  15.13
508.2  386110.80  57871.03  14.99
509.7  385348.95  57199.63  14.84
511.3  385067.75  56614.22  14.70
512.9  381573.45  55575.06  14.56
514.4  374814.50  54076.50  14.43
516.0  366570.00  52422.86  14.30
517.5  355197.15  50372.04  14.18
519.1  354929.90  49844.51  14.04
520.7  362824.00  50459.20  13.91
522.2  367311.50  50616.93  13.78
523.8  372349.55  50840.31  13.65
525.4  374627.75  50701.50  13.53
526.9  370029.70  49642.57  13.42
528.5  373078.65  49562.40  13.28
530.0  379469.25  49945.14  13.16
531.6  382178.80  49866.34  13.05
533.2  380081.30  49170.01  12.94
534.7  382256.00  49008.00  12.82
536.3  383111.80  48689.71  12.71
537.8  381597.65  48083.35  12.60
539.4  378589.20  47318.23  12.50
541.0  375166.80  46478.40  12.39
542.5  375525.60  46099.89  12.28
544.1  378437.40  46037.40  12.17
545.6  379980.75  45839.04  12.06
547.2  379790.45  45439.26  11.96
548.7  380072.00  45104.00  11.87
550.3  380925.80  44846.97  11.77
551.8  381534.30  44550.00  11.68
553.4  382868.20  44330.00  11.58
554.9  384745.70  44159.20  11.48
556.5  383483.60  43654.00  11.38
558.0  380225.50  42943.57  11.29
559.6  377081.25  42236.50  11.20
561.1  379080.75  42095.76  11.10
562.7  381590.55  42017.41  11.01
564.2  384483.55  42000.07  10.92
565.8  384022.00  41600.51  10.83
567.3  383784.35  41221.96  10.74
568.9  383393.70  40837.56  10.65
570.4  381480.30  40298.46  10.56
572.0  382068.75  40014.54  10.47
573.5  385162.05  40006.95  10.39
575.1  386232.00  39810.97  10.31
576.6  385733.50  39445.21  10.23
578.2  384504.25  39021.83  10.15
579.7  384360.15  38725.56  10.08
581.2  386666.30  38675.07  10.00
582.8  390325.95  38786.84  9.94
584.3  391604.50  38662.43  9.87
585.9  390047.10  38240.27  9.80
587.4  386143.20  37574.74  9.73
588.9  377018.00  36385.25  9.65
590.5  371051.00  35473.74  9.56
592.0  372097.80  35261.08  9.48
593.6  374030.80  35171.31  9.40
595.1  374827.20  34991.47  9.34
596.6  375888.80  34857.03  9.27
598.2  376516.25  34695.39  9.21
599.7  375771.05  34404.08  9.16
601.2  374462.55  34067.30  9.10
602.8  374325.00  33831.85  9.04
604.3  375944.80  33756.26  8.98
605.8  377529.80  33676.34  8.92
607.4  377439.75  33440.27  8.86
608.9  375552.55  33058.30  8.80
610.5  373474.75  32649.10  8.74
612.0  371685.60  32265.26  8.68
613.5  369333.75  31848.75  8.62
615.0  367122.35  31441.95  8.56
616.6  364193.60  30987.77  8.51
618.1  364505.40  30790.80  8.45
619.6  366586.00  30742.00  8.39
621.2  367904.20  30652.77  8.33
622.7  366681.60  30346.97  8.28
624.2  364437.90  29970.39  8.22
625.8  361456.00  29529.66  8.17
627.3  359569.25  29145.93  8.11
628.8  357215.60  28752.85  8.05
630.3  355794.70  28450.11  8.00
631.8  355083.30  28233.03  7.95
633.4  356206.40  28187.66  7.91
634.9  357381.30  28154.44  7.88
636.4  358918.00  28159.35  7.85
638.0  361038.60  28201.11  7.81
639.5  361158.00  28104.00  7.78
641.0  360313.80  27944.95  7.76
642.5  359790.20  27797.70  7.73
644.0  359437.00  27642.86  7.69
645.5  358220.90  27421.27  7.65
647.1  356124.80  27131.66  7.62
648.6  353614.50  26835.44  7.59
650.1  351920.25  26632.18  7.57
651.6  352408.00  26636.09  7.56
653.1  353203.50  26676.11  7.55
654.7  350625.40  26450.17  7.54
656.2  340547.90  25635.53  7.53
657.7  335544.80  25164.34  7.50
659.2  339931.80  25406.09  7.47
660.7  345996.50  25737.25  7.44
662.2  351466.70  25980.87  7.39
663.7  354024.15  26031.49  7.35
665.2  354779.50  25936.23  7.31
666.8  355090.65  25792.80  7.26
668.3  355014.00  25616.61  7.22
669.8  354740.65  25447.01  7.17
671.3  353912.80  25244.41  7.13
672.8  353468.60  25042.89  7.08
674.3  353092.40  24835.94  7.03
675.8  352995.00  24644.00  6.98
677.3  352743.30  24484.20  6.94
678.8  352335.50  24306.39  6.90
680.3  351612.90  24147.66  6.87
681.8  350659.75  23948.60  6.83
683.3  348535.55  23656.91  6.79
684.8  344104.80  23195.49  6.74
686.3  329969.60  22082.63  6.69
687.8  311766.00  20662.20  6.63
689.3  304423.00  19954.70  6.55
690.8  304869.60  19769.49  6.48
692.3  309799.15  19922.39  6.43
693.8  313312.50  19972.43  6.37
695.3  316058.60  19988.24  6.32
696.8  320171.40  20127.63  6.29
698.3  321328.00  20080.00  6.25
699.8  319669.25  19859.02  6.21
701.3  316970.00  19595.93  6.18
702.8  316809.60  19499.19  6.15
704.2  318603.60  19529.40  6.13
705.7  320635.20  19586.97  6.11
707.2  321715.55  19600.88  6.09
708.7  322108.80  19574.91  6.08
710.2  322463.85  19555.06  6.06
711.7  321909.50  19458.71  6.04
713.2  320635.20  19318.97  6.03
714.7  317796.60  19094.19  6.01
716.2  309027.20  18468.77  5.98
717.6  291276.00  17272.29  5.93
719.1  273547.40  16074.17  5.88
720.6  269062.40  15721.60  5.84
722.1  275443.00  16069.71  5.83
723.6  276180.30  16089.61  5.83
725.0  273182.40  15850.41  5.80
726.5  271947.00  15728.57  5.78
728.0  271325.70  15648.24  5.77
729.5  271494.80  15599.77  5.75
731.0  274000.10  15733.74  5.74
732.4  280331.70  16092.69  5.74
733.9  288342.95  16591.05  5.75
735.4  293447.00  16889.79  5.76
736.8  295773.00  17026.71  5.76
738.3  296728.90  17073.91  5.75
739.8  296950.50  17069.25  5.75
741.2  296809.65  17041.82  5.74
742.7  297664.80  17086.17  5.74
744.2  299527.20  17152.80  5.73
745.7  300397.50  17174.04  5.72
747.1  301067.10  17176.54  5.71
748.6  300750.00  17099.79  5.69
750.0  299368.40  16973.34  5.67
751.5  297923.60  16837.41  5.65
753.0  297040.30  16759.19  5.64
754.4  296732.00  16686.86  5.62
755.9  295687.50  16571.43  5.60
757.3  293119.45  16365.98  5.58
758.8  273313.10  15221.44  5.57
760.3  214075.50  11831.14  5.53
761.7  167168.00  9048.71  5.41
763.2  152196.00  8080.29  5.31
764.6  156643.20  8182.29  5.22
766.1  182448.00  9571.20  5.25
767.5  216305.80  11456.96  5.30
769.0  245298.50  13122.64  5.35
770.4  264327.25  14216.04  5.38
771.9  274680.00  14820.00  5.40
773.3  279816.25  15089.96  5.39
774.8  281567.00  15158.00  5.38
776.2  282403.80  15162.34  5.37
777.7  282359.00  15121.15  5.36
779.1  281644.00  15053.71  5.34
780.5  281062.50  14957.88  5.32
782.0  280493.30  14888.27  5.31
783.4  279321.60  14789.49  5.29
784.9  278290.60  14693.09  5.28
786.3  277218.40  14578.00  5.26
787.8  275322.80  14418.63  5.24
789.2  272558.65  14212.51  5.21
790.6  269616.30  14018.83  5.20
792.0  267059.80  13839.70  5.18
793.5  264713.40  13681.03  5.17
794.9  263608.65  13567.82  5.15
796.3  263360.25  13526.77  5.14
797.8  263882.50  13495.07  5.11
799.2  263902.90  13463.51  5.10
800.6  262525.60  13373.60  5.09
802.1  261191.35  13252.98  5.07
803.5  260055.40  13149.40  5.06
804.9  259355.20  13069.46  5.04
806.3  259624.00  13070.57  5.03
807.8  259502.20  13043.24  5.03
809.2  257677.50  12919.96  5.01
810.6  255333.75  12755.68  5.00
812.0  251933.40  12519.08  4.97
813.4  244800.00  12082.14  4.94
814.8  233820.20  11468.74  4.90
816.3  222648.75  10822.22  4.86
817.7  215326.80  10429.34  4.84
819.1  212980.10  10260.97  4.82
820.5  216793.50  10461.00  4.83
821.9  219092.45  10578.26  4.83
823.3  213278.45  10230.00  4.80
824.7  216641.80  10379.81  4.79
826.1  223361.60  10736.00  4.81
827.5  225199.50  10807.29  4.80
828.9  223451.00  10707.18  4.79
830.3  223344.00  10672.36  4.78
831.7  223787.70  10675.29  4.77
833.2  224189.25  10624.99  4.74
834.5  226562.70  10730.80  4.74
835.9  230274.85  10913.22  4.74
837.3  233800.75  11080.32  4.74
838.7  236028.75  11178.93  4.74
840.1  237734.70  11279.76  4.74
841.5  238746.80  11320.43  4.74
842.9  238721.55  11311.52  4.74
844.3  238303.00  11255.21  4.72
845.7  238618.40  11240.06  4.71
847.1  238849.80  11285.97  4.73
848.5  237674.50  11214.00  4.72
849.9  232902.50  10985.33  4.72
851.2  230151.90  10791.94  4.69
852.6  229117.95  10725.06  4.68
854.0  221349.70  10336.86  4.67
855.4  216681.55  10111.96  4.67
856.8  221774.75  10335.84  4.66
858.2  226888.80  10543.89  4.65
859.5  229225.00  10627.14  4.64
860.9  229862.40  10637.14  4.63
862.3  230265.20  10593.31  4.60
863.7  230593.25  10638.82  4.61
865.0  227369.25  10489.57  4.61
866.4  218710.80  10099.20  4.62
867.8  215909.10  9935.12  4.60
869.1  218892.00  10001.10  4.57
870.5  221502.00  10093.07  4.56
871.9  223068.20  10162.06  4.56
873.2  223293.70  10176.40  4.56
874.6  222466.30  10159.70  4.57
876.0  221663.00  10058.66  4.54
877.3  221433.50  10041.41  4.53
878.7  221127.50  10020.53  4.53
880.0  219859.20  9934.11  4.52
881.4  218337.00  9905.25  4.54
882.8  218572.80  9849.19  4.51
884.1  218628.75  9793.04  4.48
885.5  217974.60  9785.72  4.49
886.8  216108.75  9689.27  4.48
888.2  215600.35  9647.05  4.47
889.5  215792.50  9605.20  4.45
890.9  215467.20  9569.74  4.44
892.2  213332.25  9425.92  4.42
893.6  209376.35  9239.67  4.41
894.9  203011.20  8926.20  4.40
896.2  192986.25  8461.57  4.38
897.6  183270.00  7942.29  4.33
898.9  173402.50  7520.64  4.34
900.3  166375.30  7224.29  4.34
901.6  163968.00  7063.80  4.31
903.0  167831.80  7189.09  4.28
904.3  177746.35  7613.95  4.28
905.6  182638.95  7861.56  4.30
907.0  178304.75  7668.61  4.30
908.3  170210.30  7271.27  4.27
909.6  164805.30  7015.52  4.26
911.0  163658.40  6949.66  4.25
912.3  163733.50  6968.25  4.26
913.6  161289.90  6854.61  4.25
914.9  159794.00  6743.60  4.22
916.2  158544.60  6659.04  4.20
917.6  158875.20  6705.77  4.22
918.9  162644.95  6887.67  4.23
920.2  169241.80  7116.20  4.20
921.5  171852.80  7257.60  4.22
922.9  171720.00  7268.57  4.23
924.2  169983.85  7234.34  4.26
925.5  168861.00  7199.50  4.26
926.8  168093.20  7071.11  4.21
928.1  160963.65  6749.00  4.19
929.4  147854.55  6125.89  4.14
930.7  130400.80  5343.89  4.10
932.0  110639.00  4537.73  4.10
933.4  91589.90  3649.00  3.98
934.7  79459.65  3197.57  4.02
936.0  75091.50  3034.00  4.04
937.3  73169.00  2970.77  4.06
938.6  80974.40  3281.24  4.05
939.9  94713.00  3817.71  4.03
941.2  101092.00  4093.71  4.05
942.5  100109.10  4053.00  4.05
943.8  94335.00  3841.96  4.07
945.1  90072.60  3667.84  4.07
946.4  89326.60  3541.31  3.96
947.7  91098.00  3594.34  3.95
949.0  93135.40  3657.31  3.93
950.2  95530.50  3844.29  4.02
951.5  97096.05  3907.29  4.02
952.8  96787.90  3903.27  4.03
954.1  98889.00  3969.01  4.01
955.4  99153.00  3900.43  3.93
956.7  101233.60  3963.13  3.91
958.0  104812.80  4167.09  3.98
959.3  104686.40  4242.10  4.05
960.5  107989.80  4386.86  4.06
961.8  111929.00  4536.66  4.05
963.1  116091.90  4770.90  4.11
964.4  119691.30  4852.35  4.05
965.7  122326.65  4936.95  4.04
966.9  127372.20  5027.85  3.95
968.2  137165.15  5447.58  3.97
969.5  145379.20  5957.49  4.10
970.8  150450.00  6152.86  4.09
972.0  152217.45  6274.35  4.12
973.3  149153.40  6138.00  4.12
974.6  145220.40  5901.81  4.06
975.8  142285.15  5742.45  4.04
977.1  143782.60  5762.46  4.01
978.4  146003.00  5972.85  4.09
979.6  146833.05  5896.52  4.02
980.9  149892.75  6118.07  4.08
982.2  154340.25  6342.75  4.11
983.4  156807.40  6473.70  4.13
984.7  159234.60  6394.54  4.02
985.9  160425.10  6746.85  4.21
987.2  163200.60  6786.34  4.16
988.5  164356.50  6820.24  4.15
989.7  164143.50  6748.76  4.11
991.0  165357.20  6899.63  4.17
992.2  164938.25  6817.61  4.13
993.5  165362.40  6854.40  4.15
994.7  165611.25  6884.82  4.16
996.0  164983.60  7173.20  4.35
997.2  165654.00  7230.93  4.37
998.5  164473.50  7156.89  4.35
999.7  164959.50  6792.45  4.12
1001.0  164241.00  6541.20  3.98
1002.2  163841.65  6542.04  3.99
1003.4  161280.60  6793.87  4.21
1004.7  158959.35  6530.54  4.11
1005.9  155970.00  6684.43  4.29
1007.2  156488.85  6366.15  4.07
1008.4  156362.40  6466.11  4.14
1009.6  156870.90  6591.21  4.20
1010.9  156144.15  6560.68  4.20
1012.1  156856.70  6402.31  4.08
1013.3  155968.20  6262.03  4.01
1014.6  155283.20  6421.49  4.14
1015.8  155016.60  6452.91  4.16
1017.1  153931.90  6641.36  4.31
1018.3  155339.95  6702.11  4.31
1019.5  155334.90  6491.16  4.18
1020.8  154476.00  6589.75  4.27
1022.0  153823.95  6545.70  4.26
1023.2  153607.80  6519.59  4.24
1024.4  153380.25  6329.98  4.13
1025.7  153153.00  6464.25  4.22
1026.9  153406.80  6625.54  4.32
1028.1  154895.55  6620.96  4.27
1029.3  153706.95  6426.77  4.18
1030.6  153780.00  6407.50  4.17
1031.8  154457.55  6600.75  4.27
1033.0  153250.60  6974.74  4.55
1034.2  153367.50  6572.89  4.29
1035.4  153496.85  6353.01  4.14
1036.7  153327.20  6529.04  4.26
1037.9  153151.35  6282.02  4.10
1039.1  154197.45  6007.69  3.90
1040.3  154017.60  6417.40  4.17
1041.5  153082.65  6584.20  4.30
1042.7  153794.55  6277.33  4.08
1043.9  154552.95  6450.04  4.17
1045.2  153200.40  6362.14  4.15
1046.4  153610.80  6531.07  4.25
1047.6  153659.80  6424.80  4.18
1048.8  153712.00  6587.66  4.29
1050.0  153777.00  6196.14  4.03
1051.2  153820.20  6360.99  4.14
1052.4  153442.70  6220.65  4.05
1053.6  152614.80  6358.95  4.17
1054.8  154375.30  6522.90  4.23
1056.0  154001.10  6695.70  4.35
1057.2  152662.85  6510.14  4.26
1058.4  151274.50  6649.43  4.40
1059.7  152697.60  6816.86  4.46
1060.9  151233.50  6272.36  4.15
1062.1  150210.00  6079.93  4.05
1063.3  149135.40  5509.93  3.69
1064.5  150651.00  6041.14  4.01
1065.7  148992.25  6191.89  4.16
1066.9  149466.60  6722.04  4.50
1068.1  150549.15  6898.48  4.58
1069.3  148190.70  6641.60  4.48
1070.5  148685.00  6797.03  4.57
1071.7  146140.80  6524.14  4.46
1072.9  149716.80  6683.79  4.46
1074.1  148389.10  6451.70  4.35
1075.3  151713.00  6261.17  4.13
1076.5  148110.75  6112.51  4.13
