/*** Spectra Vista SIG Data ***/
name= 230505_1330_R918_T929.sig
instrument= HK: 9202056 (HR-512i)
integration= 70.0, 0.0, 0.0, 20.0, 0.0, 0.0
scan method= Time-based, Time-based
scan coadds= 71, 0, 0, 250, 0, 0
scan time= 5, 5
scan settings= AI, AI
external data set1= 0,0,0,0,0,0,0,0,0,0,0,0,0,0,0,0,0,0,0,0,0,0,0,0,0,0,0,0,0,0,0,0
external data set2= 0,0,0,0,0,0,0,0,0,0,0,0,0,0,0,0,0,0,0,0,0,0,0,0,0,0,0,0,0,0,0,0
external data dark= 0,0,0,0,0,0,0,0,0,0,0,0,0,0,0,0
external data mask= 0
optic= LENS 4(1), LENS 4(1)
temp= 24.1, 0.0, 0.0, 27.7, 0.0, 0.0
battery= 8.31, 8.29
error= 0, 0
units= Radiance, Radiance
time= 5/5/2023 1:24:32 PM, 5/5/2023 1:30:53 PM
longitude= 07746.1433W     , 07746.6580W     
latitude= 3411.2556N      , 3410.8415N      
gpstime= 143234.883      , 143856.000      
comm= 
memory slot= 918, 929
factors= 1.000, 1.000, 1.000 [Overlap: Preserve, Matching Type: None]
inclinometer x offset= 9, 7
inclinometer y offset= -38, -34
data= 
339.7  3982.39  54854.25  1377.42
341.4  4171.20  59178.90  1418.75
343.0  4256.36  61503.28  1444.97
344.7  4326.75  62497.50  1444.44
346.4  4439.90  65450.25  1474.14
348.0  4579.56  68231.20  1489.91
349.7  4733.49  71182.80  1503.81
351.3  4993.83  76331.45  1528.52
353.0  5252.50  79885.75  1520.91
354.6  5538.54  84695.10  1529.19
356.2  5572.05  83853.00  1504.89
357.9  5385.75  77717.63  1443.02
359.5  5508.46  77671.00  1410.03
361.2  5905.34  82674.80  1400.00
362.8  6299.45  86482.20  1372.85
364.5  6760.93  91497.90  1353.33
366.1  7399.30  99041.45  1338.52
367.7  7907.91  103957.20  1314.60
369.4  8184.00  104252.23  1273.85
371.0  8483.80  104222.30  1228.49
372.6  8578.93  100794.00  1174.90
374.3  8539.43  94976.13  1112.21
375.9  8998.94  95753.35  1064.05
377.5  10024.11  103791.35  1035.42
379.1  10882.46  109231.10  1003.74
380.8  11096.00  106080.80  956.03
382.4  10882.29  97704.00  897.83
384.0  10522.41  87354.68  830.18
385.6  11568.77  90254.45  780.16
387.3  12930.17  94957.20  734.38
388.9  14409.69  99114.75  687.83
390.5  16591.54  106340.03  640.93
392.1  18338.79  109473.75  596.95
393.8  18000.00  98480.00  547.11
395.4  19950.90  98993.48  496.19
397.0  22727.53  103674.68  456.16
398.6  27698.20  116241.05  419.67
400.2  35837.54  140630.10  392.41
401.8  42337.25  156079.88  368.66
403.4  46858.50  162976.80  347.81
405.0  49371.43  162480.00  329.10
406.6  51059.25  159823.13  313.02
408.3  53296.80  159715.50  299.67
409.9  55889.49  161577.20  289.10
411.5  57967.39  162676.13  280.63
413.1  61042.86  167100.00  273.74
414.7  62755.50  168373.80  268.30
416.3  64020.79  168884.38  263.80
417.9  64364.83  167338.20  259.98
419.5  64210.95  164834.48  256.71
421.1  65007.09  164972.60  253.78
422.7  65608.09  164817.40  251.22
424.3  65369.89  162741.10  248.95
425.9  65473.18  161563.60  246.76
427.5  64661.50  158335.75  244.87
429.1  62854.17  152722.95  242.98
430.7  59196.28  142789.20  241.21
432.3  60384.81  144541.15  239.37
433.9  64914.95  154164.15  237.49
435.5  67995.35  160418.80  235.93
437.1  71537.71  167675.00  234.39
438.7  71659.02  166944.38  232.97
440.3  72016.30  166734.58  231.52
441.9  74636.68  171723.38  230.08
443.5  77740.41  177792.80  228.70
445.0  79575.89  181001.25  227.46
446.6  80108.29  181192.00  226.18
448.2  81982.91  184413.78  224.94
449.8  84290.24  188535.75  223.67
451.4  86600.19  192678.85  222.49
453.0  86190.58  190853.03  221.43
454.6  85115.44  187566.98  220.37
456.2  85597.98  187647.55  219.22
457.8  86562.66  188841.35  218.16
459.3  86659.99  188189.18  217.16
460.9  87057.30  188196.80  216.18
462.5  88232.91  189883.20  215.21
464.1  88302.86  189250.80  214.32
465.7  87504.34  186762.00  213.43
467.2  86721.82  184332.63  212.56
468.8  86404.48  182925.00  211.71
470.4  86108.79  181581.75  210.87
472.0  86562.28  181817.10  210.04
473.6  87572.89  183224.53  209.23
475.1  88209.60  183929.80  208.51
476.7  88309.81  183513.25  207.81
478.3  88971.02  184231.50  207.07
479.9  89675.87  184983.75  206.28
481.5  90225.77  185436.30  205.52
483.0  90065.54  184457.13  204.80
484.6  88287.09  180211.20  204.12
486.2  84207.95  171331.65  203.46
487.8  82247.40  166735.80  202.72
489.3  83973.21  169556.25  201.92
490.9  85777.89  172626.60  201.25
492.5  85997.37  172550.13  200.65
494.0  86703.14  173393.25  199.98
495.6  87513.95  174445.95  199.34
497.2  87729.56  174328.50  198.71
498.8  86735.14  171901.08  198.19
500.3  85337.21  168642.00  197.62
501.9  83751.04  165033.63  197.05
503.5  83408.74  163930.00  196.54
505.0  83775.20  164198.73  196.00
506.6  84438.58  165038.40  195.45
508.2  84078.00  163895.40  194.93
509.7  83896.14  163072.80  194.37
511.3  83796.80  162466.73  193.88
512.9  82961.16  160466.40  193.42
514.4  81435.00  157181.75  193.01
516.0  79555.71  153150.00  192.51
517.5  77063.40  147961.13  192.00
519.1  77073.29  147541.23  191.43
520.7  78764.40  150396.40  190.94
522.2  79670.36  151859.50  190.61
523.8  80722.89  153600.58  190.28
525.4  81092.75  154061.40  189.98
526.9  80089.46  151891.20  189.65
528.5  80791.18  152913.90  189.27
530.0  82123.18  155125.43  188.89
531.6  82591.26  155774.00  188.61
533.2  82097.46  154599.80  188.31
534.7  82544.00  155162.00  187.97
536.3  82653.37  155082.30  187.63
537.8  82258.75  154107.28  187.34
539.4  81518.57  152476.20  187.04
541.0  80745.77  150806.40  186.77
542.5  80789.14  150640.80  186.46
544.1  81354.90  151463.60  186.18
545.6  81624.64  151750.88  185.91
547.2  81516.95  151350.83  185.67
548.7  81552.00  151172.00  185.37
550.3  81695.32  151207.73  185.09
551.8  81781.65  151148.03  184.82
553.4  82012.54  151351.20  184.55
554.9  82331.97  151725.00  184.28
556.5  81972.74  150876.40  184.06
558.0  81209.29  149299.50  183.85
559.6  80516.25  147842.63  183.62
561.1  80920.36  148371.88  183.36
562.7  81385.69  149064.03  183.16
564.2  81924.38  149884.73  182.95
565.8  81761.11  149479.70  182.82
567.3  81621.74  149104.45  182.68
568.9  81380.00  148549.80  182.54
570.4  80845.33  147425.40  182.35
572.0  80885.68  147323.25  182.14
573.5  81401.55  148078.35  181.91
575.1  81489.37  148048.00  181.68
576.6  81265.07  147498.00  181.50
578.2  80920.38  146690.90  181.28
579.7  80875.48  146352.40  180.96
581.2  81348.71  146916.40  180.60
582.8  82097.98  147987.98  180.26
584.3  82305.07  148113.75  179.96
585.9  81859.59  147162.45  179.77
587.4  80847.26  145314.00  179.74
588.9  78651.46  141496.38  179.90
590.5  77236.49  139053.10  180.04
592.0  77355.51  139185.45  179.93
593.6  77686.89  139644.70  179.75
595.1  77786.97  139673.60  179.56
596.6  78014.29  139853.20  179.27
598.2  78167.64  139834.00  178.89
599.7  78056.35  139376.33  178.56
601.2  77815.45  138660.38  178.19
602.8  77829.04  138428.95  177.86
604.3  78164.56  138825.30  177.61
605.8  78450.57  139170.90  177.40
607.4  78362.29  138892.73  177.24
608.9  77907.43  137950.60  177.07
610.5  77411.32  136971.45  176.94
612.0  76968.73  136084.65  176.81
613.5  76405.07  134994.00  176.68
615.0  75884.40  133977.38  176.55
616.6  75221.49  132709.20  176.42
618.1  75232.80  132659.10  176.33
619.6  75592.86  133190.00  176.19
621.2  75777.89  133451.70  176.11
622.7  75423.09  132806.40  176.08
624.2  74867.91  131754.15  175.98
625.8  74155.24  130521.45  176.01
627.3  73610.57  129642.75  176.12
628.8  72975.40  128636.38  176.27
630.3  72600.56  127959.85  176.25
631.8  72436.37  127569.65  176.11
633.4  72649.50  127818.35  175.94
634.9  72875.48  128096.53  175.77
636.4  73165.87  128495.13  175.62
638.0  73558.80  129082.35  175.48
639.5  73530.00  128982.00  175.41
641.0  73307.85  128532.25  175.33
642.5  73157.30  128249.45  175.31
644.0  73007.86  127989.50  175.31
645.5  72632.66  127388.60  175.39
647.1  71996.06  126483.60  175.68
648.6  71312.41  125466.20  175.94
650.1  70901.14  124807.13  176.03
651.6  70943.94  124916.05  176.08
653.1  71048.57  125117.85  176.10
654.7  70408.86  124011.95  176.13
656.2  68303.16  120330.38  176.17
657.7  67361.14  118637.20  176.12
659.2  68287.33  120167.13  175.97
660.7  69517.18  122168.38  175.74
662.2  70576.44  123953.70  175.63
663.7  71041.54  124661.85  175.48
665.2  71164.61  124793.75  175.36
666.8  71174.45  124714.05  175.22
668.3  71107.59  124523.85  175.12
669.8  70998.48  124259.58  175.02
671.3  70767.13  123781.10  174.91
672.8  70621.66  123476.65  174.84
674.3  70473.06  123103.30  174.68
675.8  70411.43  122917.00  174.57
677.3  70299.00  122665.55  174.49
678.8  70164.29  122399.75  174.45
680.3  69947.51  122042.05  174.48
681.8  69686.50  121555.00  174.43
683.3  69187.33  120651.03  174.38
684.8  68187.66  118924.90  174.41
686.3  65063.23  113901.30  175.06
687.8  61245.60  107753.10  175.94
689.3  59707.10  105256.73  176.29
690.8  59836.80  105321.60  176.01
692.3  60749.44  106768.98  175.75
693.8  61285.91  107695.95  175.73
695.3  61809.43  108446.00  175.45
696.8  62743.29  109702.40  174.84
698.3  62936.00  109844.00  174.53
699.8  62460.46  109014.70  174.53
701.3  61848.19  107906.43  174.47
702.8  61882.67  107794.25  174.19
704.2  62315.77  108326.30  173.83
705.7  62742.63  108942.00  173.63
707.2  63002.28  109225.08  173.37
708.7  63118.80  109283.10  173.14
710.2  63231.35  109331.98  172.91
711.7  63145.29  109059.75  172.71
713.2  62865.14  108540.00  172.66
714.7  62199.94  107480.55  172.80
716.2  60025.43  104291.30  173.75
717.6  55866.86  98064.00  175.53
719.1  52008.77  92058.70  177.01
720.6  51229.26  90684.80  177.02
722.1  52740.43  92840.75  176.03
723.6  52808.94  92962.65  176.04
725.0  52068.73  91930.05  176.56
726.5  51778.46  91438.05  176.59
728.0  51657.36  91216.80  176.58
729.5  51723.89  91211.80  176.34
731.0  52339.43  92096.65  175.96
732.4  53864.01  94276.05  175.03
733.9  55762.35  97006.53  173.96
735.4  56957.53  98684.30  173.26
736.8  57553.71  99465.00  172.82
738.3  57874.34  99789.00  172.42
739.8  58055.25  99820.88  171.94
741.2  58174.39  99816.98  171.58
742.7  58458.40  100126.80  171.28
744.2  58900.80  100753.80  171.06
745.7  59131.50  101021.25  170.84
747.1  59290.63  101191.50  170.67
748.6  59204.79  101052.00  170.68
750.0  58925.81  100557.70  170.65
751.5  58638.54  100020.70  170.57
753.0  58472.50  99711.00  170.53
754.4  58386.29  99541.00  170.49
755.9  58151.79  99125.00  170.46
757.3  57546.64  98168.85  170.59
758.8  53111.38  91210.45  171.73
760.3  40782.43  71595.00  175.55
761.7  31483.93  56647.75  179.93
763.2  28464.86  51909.00  182.36
764.6  29418.17  53579.70  182.13
766.1  34790.40  62160.00  178.67
767.5  41756.83  73142.30  175.16
769.0  47685.79  82508.25  173.02
770.4  51551.68  88570.75  171.81
771.9  53670.00  91840.00  171.12
773.3  54689.75  93390.00  170.76
774.8  55044.79  93915.25  170.62
776.2  55206.21  94170.75  170.58
777.7  55176.00  94070.90  170.49
779.1  54992.57  93795.00  170.56
780.5  54852.69  93537.60  170.53
782.0  54698.69  93333.43  170.63
783.4  54440.23  92928.00  170.70
784.9  54182.14  92504.20  170.73
786.3  53887.94  92117.20  170.94
787.8  53374.02  91388.33  171.22
789.2  52663.76  90380.68  171.62
790.6  51996.26  89393.48  171.92
792.0  51455.60  88506.25  172.01
793.5  51001.71  87687.90  171.93
794.9  50796.45  87325.20  171.91
796.3  50663.00  87218.98  172.16
797.8  50723.73  87325.15  172.16
799.2  50674.81  87306.90  172.29
800.6  50353.83  86836.80  172.45
802.1  50034.31  86350.40  172.58
803.5  49746.09  85896.80  172.67
804.9  49639.20  85666.10  172.58
806.3  49740.79  85775.63  172.45
807.8  49703.39  85689.38  172.40
809.2  49269.09  85033.58  172.59
810.6  48659.46  84203.63  173.05
812.0  47748.57  82985.53  173.80
813.4  45991.07  80431.25  174.88
814.8  43482.41  76715.50  176.43
816.3  41074.18  73006.80  177.74
817.7  39545.26  70601.70  178.53
819.1  39193.01  69894.75  178.33
820.5  40161.00  71205.75  177.30
821.9  40619.86  71876.88  176.95
823.3  39351.40  69998.78  177.88
824.7  40150.30  71203.10  177.34
826.1  41588.80  73365.60  176.41
827.5  41869.29  73897.50  176.50
828.9  41465.32  73296.00  176.76
830.3  41433.86  73284.75  176.87
831.7  41558.70  73416.00  176.66
833.2  41682.66  73510.13  176.36
834.5  42228.40  74305.00  175.96
835.9  43045.51  75569.65  175.56
837.3  43764.29  76726.75  175.32
838.7  44271.79  77475.63  175.00
840.1  44689.13  78098.50  174.76
841.5  44907.83  78370.60  174.51
842.9  44930.12  78443.40  174.59
844.3  44871.36  78263.25  174.42
845.7  44960.23  78377.20  174.33
847.1  45034.10  78387.00  174.06
848.5  44744.75  77952.88  174.22
849.9  43828.53  76423.60  174.37
851.2  43282.09  75463.58  174.35
852.6  43039.24  75075.45  174.43
854.0  41511.88  72522.45  174.70
855.4  40733.37  71200.13  174.80
856.8  41728.83  72856.80  174.60
858.2  42614.87  74405.18  174.60
859.5  43027.57  75168.50  174.70
860.9  43124.23  75423.60  174.90
862.3  43158.89  75572.40  175.10
863.7  43170.54  75548.45  175.00
865.0  42503.54  74517.50  175.32
866.4  40870.20  71614.90  175.23
867.8  40406.38  70851.00  175.35
869.1  40920.94  71706.00  175.23
870.5  41354.31  72656.48  175.69
871.9  41669.96  73164.05  175.58
873.2  41656.14  73093.95  175.47
874.6  41487.80  72702.70  175.24
876.0  41294.94  72516.90  175.61
877.3  41239.45  72524.55  175.86
878.7  41169.39  72406.40  175.87
880.0  40836.94  71829.00  175.89
881.4  40524.21  71338.88  176.04
882.8  40525.01  71399.03  176.19
884.1  40531.43  71470.63  176.33
885.5  40393.46  71235.68  176.35
886.8  39960.33  70706.35  176.94
888.2  39838.15  70445.90  176.83
889.5  39816.15  70416.50  176.85
890.9  39725.94  70326.10  177.03
892.2  39235.81  69595.28  177.38
893.6  38273.82  68218.45  178.24
894.9  36765.00  65954.70  179.40
896.2  34609.21  62750.88  181.31
897.6  32507.14  59409.00  182.76
898.9  30545.93  56262.25  184.19
900.3  29222.24  54109.90  185.17
901.6  28767.60  53161.50  184.80
903.0  29682.77  54733.40  184.39
904.3  31656.03  57892.28  182.88
905.6  32585.61  59284.55  181.93
907.0  31599.29  57861.38  183.11
908.3  29906.04  55140.48  184.38
909.6  28696.26  53547.85  186.60
911.0  28602.06  53146.80  185.81
912.3  28565.75  53199.13  186.23
913.6  28037.85  52318.05  186.60
914.9  27686.46  51896.40  187.44
916.2  27442.04  51660.60  188.25
917.6  27424.89  51754.80  188.71
918.9  28335.36  52943.53  186.85
920.2  29746.60  55073.20  185.14
921.5  30374.40  55977.60  184.29
922.9  30346.29  55809.00  183.91
924.2  29904.99  55156.05  184.44
925.5  29686.25  54978.00  185.20
926.8  29375.97  54646.90  186.03
928.1  27767.31  52304.75  188.37
929.4  24895.63  47855.48  192.22
930.7  21575.31  42126.80  195.25
932.0  17845.00  35690.00  200.00
933.4  14335.36  29556.90  206.18
934.7  12363.94  25740.45  208.19
936.0  11594.21  24461.63  210.98
937.3  11222.91  23876.20  212.75
938.6  12846.90  26667.05  207.58
939.9  15270.86  31047.00  203.31
941.2  16261.14  32835.00  201.92
942.5  15980.40  32424.00  202.90
943.8  15013.21  30617.50  203.94
945.1  14310.60  29463.00  205.88
946.4  14104.20  29063.20  206.06
947.7  14501.31  29715.30  204.91
949.0  14818.43  30235.90  204.04
950.2  15249.00  31170.75  204.41
951.5  15433.78  31453.65  203.80
952.8  15348.46  31490.80  205.17
954.1  15741.51  32021.20  203.42
955.4  15738.57  32093.00  203.91
956.7  16269.69  32852.25  201.92
958.0  16950.86  34113.60  201.25
959.3  16896.50  34224.40  202.55
960.5  17474.31  35314.20  202.09
961.8  18221.00  36702.30  201.43
963.1  18932.14  37902.15  200.20
964.4  19717.49  39088.38  198.24
965.7  20217.99  39769.88  196.71
966.9  21388.31  41619.43  194.59
968.2  23416.46  44962.85  192.01
969.5  24905.60  47494.40  190.70
970.8  25875.71  49265.00  190.39
972.0  26214.75  49636.13  189.34
973.3  25516.54  48490.20  190.03
974.6  24680.31  47259.23  191.49
975.8  24337.05  46577.65  191.39
977.1  24536.91  46843.20  190.91
978.4  24934.28  47782.80  191.63
979.6  25132.71  48042.15  191.15
980.9  25755.11  49043.25  190.42
982.2  26579.14  50389.63  189.58
983.4  26922.37  51070.30  189.69
984.7  27569.91  52099.80  188.97
985.9  28058.33  52475.50  187.02
987.2  28458.86  53250.90  187.12
988.5  28734.44  53611.53  186.58
989.7  28825.20  54047.25  187.50
991.0  28884.89  54436.90  188.46
992.2  29064.54  54421.25  187.24
993.5  29008.80  54406.80  187.55
994.7  29041.43  54765.63  188.58
996.0  29205.17  54695.65  187.28
997.2  29055.19  54297.70  186.88
998.5  29032.68  54351.88  187.21
999.7  28971.88  54339.60  187.56
1001.0  28724.40  54249.30  188.86
1002.2  28494.20  53935.45  189.29
1003.4  28357.03  53760.20  189.58
1004.7  27606.39  52466.98  190.05
1005.9  27480.43  51990.00  189.19
1007.2  27537.30  51817.50  188.17
1008.4  27480.99  51435.00  187.17
1009.6  27683.10  51777.65  187.04
1010.9  27409.06  52048.05  189.89
1012.1  27500.85  51946.05  188.89
1013.3  27378.17  51479.70  188.03
1014.6  27291.31  51590.80  189.04
1015.8  27131.57  51843.30  191.08
1017.1  27008.19  51655.00  191.26
1018.3  27106.30  51606.23  190.38
1019.5  27021.33  51778.30  191.62
1020.8  26972.00  51492.00  190.91
1022.0  26962.05  50729.18  188.15
1023.2  26873.41  51202.60  190.53
1024.4  26780.68  51126.75  190.91
1025.7  26851.50  51051.00  190.12
1026.9  27011.83  51730.20  191.51
1028.1  27180.77  51225.30  188.46
1029.3  27135.26  51860.48  191.12
1030.6  26911.50  51260.00  190.48
1031.8  26968.78  51485.85  190.91
1033.0  26736.51  51535.60  192.75
1034.2  26689.93  51587.25  193.28
1035.4  26846.58  50926.53  189.69
1036.7  26748.01  51600.50  192.91
1037.9  26861.06  50797.73  189.11
1039.1  26923.36  51399.15  190.91
1040.3  26815.56  52141.38  194.44
1041.5  26807.10  51850.58  193.42
1042.7  26799.36  52391.55  195.50
1043.9  27040.56  52096.50  192.66
1045.2  26721.00  51660.60  193.33
1046.4  26646.77  51203.60  192.16
1047.6  26502.30  51532.25  194.44
1048.8  26625.11  50917.10  191.24
1050.0  26756.07  52244.75  195.26
1051.2  26600.49  52622.70  197.83
1052.4  26363.71  51838.75  196.63
1053.6  26647.03  50871.60  190.91
1054.8  26402.21  52183.20  197.65
1056.0  26463.96  52449.65  198.19
1057.2  26040.57  51267.38  196.88
1058.4  26265.24  52364.25  199.37
1059.7  25904.06  51296.85  198.03
1060.9  25786.36  50004.63  193.92
1062.1  25750.29  50070.00  194.44
1063.3  25345.67  50140.35  197.83
1064.5  25297.29  51538.50  203.73
1065.7  25928.52  51470.05  198.51
1066.9  26097.34  51206.15  196.21
1068.1  25564.95  51129.90  200.00
1069.3  26151.30  50849.75  194.44
1070.5  25913.67  50552.90  195.08
1071.7  25661.63  50235.90  195.76
1072.9  25398.39  51465.15  202.63
1074.1  25806.80  50000.68  193.75
1075.3  25044.69  52256.70  208.65
1076.5  25390.41  51015.93  200.93
