/*** Spectra Vista SIG Data ***/
name= 230503_1610_R882_T887.sig
instrument= HK: 9202056 (HR-512i)
integration= 10.0, 0.0, 0.0, 100.0, 0.0, 0.0
scan method= Time-based, Time-based
scan coadds= 500, 0, 0, 50, 0, 0
scan time= 5, 5
scan settings= AI, AI
external data set1= 0,0,0,0,0,0,0,0,0,0,0,0,0,0,0,0,0,0,0,0,0,0,0,0,0,0,0,0,0,0,0,0
external data set2= 0,0,0,0,0,0,0,0,0,0,0,0,0,0,0,0,0,0,0,0,0,0,0,0,0,0,0,0,0,0,0,0
external data dark= 0,0,0,0,0,0,0,0,0,0,0,0,0,0,0,0
external data mask= 0
optic= LENS 4(1), LENS 4(1)
temp= 22.5, 0.0, 0.0, 24.1, 0.0, 0.0
battery= 8.35, 8.30
error= 0, 0
units= Radiance, Radiance
time= 5/3/2023 4:07:50 PM, 5/3/2023 4:10:55 PM
longitude= 07755.9963W     , 07756.0501W     
latitude= 3404.2484N      , 3404.2657N      
gpstime= 171645.000      , 171948.000      
comm= 
memory slot= 882, 887
factors= 1.000, 1.000, 1.000 [Overlap: Preserve, Matching Type: None]
inclinometer x offset= 5, 7
inclinometer y offset= -12, 2
data= 
339.7  89025.75  33991.65  38.18
341.4  96459.00  36515.38  37.86
343.0  101201.60  37750.86  37.30
344.7  103521.50  38011.30  36.72
346.4  108854.10  39316.08  36.12
348.0  114551.95  40703.44  35.53
349.7  120322.80  42063.84  34.96
351.3  130405.25  44815.71  34.37
353.0  137577.30  46447.38  33.76
354.6  147143.10  48761.48  33.14
356.2  148013.25  48075.72  32.48
357.9  138651.75  43962.75  31.71
359.5  139255.20  42955.44  30.85
361.2  150062.10  45336.61  30.21
362.8  158062.10  46807.88  29.61
364.5  168433.80  49013.27  29.10
366.1  183526.90  52462.25  28.59
367.7  194889.60  54776.52  28.11
369.4  196927.50  54375.86  27.61
371.0  198862.30  53932.97  27.12
372.6  194405.25  51739.35  26.61
374.3  184698.50  48206.08  26.10
375.9  186908.70  47784.72  25.57
377.5  203759.40  51220.98  25.14
379.1  216929.90  53729.01  24.77
380.8  212693.60  51859.36  24.38
382.4  198202.50  47527.20  23.98
384.0  177820.20  41805.81  23.51
385.6  184295.80  42481.25  23.05
387.3  195530.40  44403.84  22.71
388.9  205151.80  45884.96  22.37
390.5  221487.75  48787.75  22.03
392.1  231018.75  50183.10  21.72
393.8  209680.00  44912.00  21.42
395.4  210634.20  44150.40  20.96
397.0  223288.00  46023.77  20.61
398.6  249775.90  50524.61  20.23
400.2  305591.60  60862.20  19.92
401.8  342851.25  67327.05  19.64
403.4  361713.80  69937.98  19.34
405.0  363900.00  69174.00  19.01
406.6  360995.25  67371.15  18.66
408.3  363227.55  66501.75  18.31
409.9  370751.20  66630.16  17.97
411.5  375756.75  66353.85  17.66
413.1  388900.00  67490.00  17.35
414.7  394852.50  67441.29  17.08
416.3  398684.00  67030.15  16.81
417.9  397869.90  65902.44  16.56
419.5  394143.60  64329.62  16.32
421.1  396542.00  63754.88  16.08
422.7  398855.60  63226.68  15.85
424.3  395707.50  61865.34  15.63
425.9  395076.00  60883.46  15.41
427.5  389430.50  59174.95  15.20
429.1  377970.80  56641.09  14.99
430.7  355084.05  52524.38  14.79
432.3  359071.05  52232.70  14.55
433.9  385620.20  55248.83  14.33
435.5  402911.45  56949.44  14.13
437.1  423548.00  59021.60  13.94
438.7  424333.60  58383.92  13.76
440.3  424876.55  57648.47  13.57
441.9  439301.25  58732.88  13.37
443.5  457170.50  60239.62  13.18
445.0  467751.25  60775.50  12.99
446.6  470122.95  60238.53  12.81
448.2  479873.25  60602.94  12.63
449.8  492571.95  61354.41  12.46
451.4  505527.30  62134.24  12.29
453.0  503280.25  61104.29  12.14
454.6  495901.50  59439.59  11.99
456.2  497777.70  58870.93  11.83
457.8  502901.10  58720.46  11.68
459.3  503165.70  58040.07  11.53
460.9  504639.30  57492.82  11.39
462.5  510979.20  57503.52  11.25
464.1  511387.20  56875.20  11.12
465.7  506368.80  55667.52  10.99
467.2  501388.00  54462.38  10.86
468.8  499100.70  53544.18  10.73
470.4  497218.50  52686.45  10.60
472.0  499169.85  52225.01  10.46
473.6  504886.25  52154.85  10.33
475.1  508563.50  51871.08  10.20
476.7  509231.90  51280.49  10.07
478.3  512771.10  50993.07  9.94
479.9  516427.65  50785.38  9.83
481.5  519042.70  50503.87  9.73
483.0  517871.35  49881.69  9.63
484.6  507763.20  48414.72  9.53
486.2  484390.55  45730.41  9.44
487.8  471290.40  43968.96  9.33
489.3  480337.50  44261.25  9.21
490.9  490668.00  44695.80  9.11
492.5  491873.80  44337.92  9.01
494.0  495305.00  44150.40  8.91
495.6  499833.25  44060.31  8.82
497.2  501096.40  43699.77  8.72
498.8  495579.85  42759.98  8.63
500.3  487673.80  41629.59  8.54
501.9  478506.75  40401.30  8.44
503.5  476749.00  39772.46  8.34
505.0  478872.65  39489.74  8.25
506.6  482665.05  39387.15  8.16
508.2  480524.40  38837.88  8.08
509.7  478930.50  38340.00  8.01
511.3  477982.50  37901.02  7.93
512.9  473108.85  37163.75  7.86
514.4  464179.50  36115.05  7.78
516.0  453810.00  34986.00  7.71
517.5  439345.80  33581.07  7.64
519.1  438423.05  33171.19  7.57
520.7  447832.00  33531.96  7.49
522.2  453108.00  33601.85  7.42
523.8  459103.90  33722.11  7.35
525.4  461858.05  33614.21  7.28
526.9  456025.20  32892.18  7.21
528.5  459494.40  32803.25  7.14
530.0  467281.50  33030.59  7.07
531.6  470502.80  32952.52  7.00
533.2  467684.10  32456.95  6.94
534.7  470008.00  32317.60  6.88
536.3  470848.60  32081.20  6.81
537.8  468639.85  31650.96  6.75
539.4  464728.80  31110.72  6.69
541.0  460340.40  30531.12  6.63
542.5  460588.80  30257.88  6.57
544.1  463947.30  30193.00  6.51
545.6  465672.75  30033.83  6.45
547.2  465150.70  29741.02  6.39
548.7  465192.00  29486.80  6.34
550.3  465995.10  29278.82  6.28
551.8  466470.90  29055.92  6.23
553.4  467867.40  28880.28  6.17
554.9  469856.20  28743.94  6.12
556.5  468163.60  28382.40  6.06
558.0  464035.00  27886.35  6.01
559.6  460113.50  27393.80  5.95
561.1  462529.60  27279.39  5.90
562.7  465508.30  27199.67  5.84
564.2  469074.25  27154.17  5.79
565.8  468456.60  26872.12  5.74
567.3  468133.25  26597.27  5.68
568.9  467778.50  26310.78  5.62
570.4  465501.60  25926.75  5.57
572.0  466139.25  25700.85  5.51
573.5  469813.05  25648.04  5.46
575.1  471017.60  25466.08  5.41
576.6  470096.50  25186.90  5.36
578.2  468301.35  24875.54  5.31
579.7  467624.30  24639.90  5.27
581.2  469827.70  24572.11  5.23
582.8  473637.00  24597.05  5.19
584.3  474726.00  24479.25  5.16
585.9  472479.90  24177.72  5.12
587.4  468018.00  23729.76  5.07
588.9  457943.25  22980.68  5.02
590.5  451318.50  22392.15  4.96
592.0  452946.45  22244.25  4.91
593.6  455218.40  22155.90  4.87
595.1  455917.00  22004.73  4.83
596.6  456591.20  21874.96  4.79
598.2  456580.25  21732.65  4.76
599.7  454843.85  21503.18  4.73
601.2  452409.30  21248.89  4.70
602.8  451507.25  21062.02  4.66
604.3  452986.20  20976.37  4.63
605.8  454454.80  20887.40  4.60
607.4  454021.20  20710.89  4.56
608.9  451418.05  20432.38  4.53
610.5  448575.05  20145.90  4.49
612.0  446082.00  19884.74  4.46
613.5  442939.75  19597.23  4.42
615.0  440037.50  19327.95  4.39
616.6  436310.40  19010.56  4.36
618.1  436363.20  18865.98  4.32
619.6  438634.00  18817.60  4.29
621.2  440025.80  18729.46  4.26
622.7  438412.80  18516.48  4.22
624.2  435568.50  18258.66  4.19
625.8  431994.45  17971.53  4.16
627.3  430023.00  17725.30  4.12
628.8  427575.05  17469.24  4.09
630.3  425787.10  17266.39  4.06
631.8  424641.10  17123.47  4.03
633.4  425437.10  17073.65  4.01
634.9  426345.30  17043.96  4.00
636.4  427683.05  17027.93  3.98
638.0  429676.80  17042.79  3.97
639.5  429492.00  16980.60  3.95
641.0  428116.15  16884.95  3.94
642.5  427256.20  16785.37  3.93
644.0  426689.00  16696.90  3.91
645.5  425422.50  16557.92  3.89
647.1  423486.80  16393.60  3.87
648.6  421176.60  16243.00  3.86
650.1  419136.00  16142.40  3.85
651.6  419608.25  16164.02  3.85
653.1  420298.35  16209.60  3.86
654.7  416918.15  16074.24  3.86
656.2  404818.20  15573.55  3.85
657.7  398132.00  15269.20  3.84
659.2  402897.95  15416.51  3.83
660.7  409504.00  15609.48  3.81
662.2  415439.70  15733.51  3.79
663.7  418075.05  15722.03  3.76
665.2  418722.60  15647.31  3.74
666.8  418742.20  15539.19  3.71
668.3  418388.40  15418.17  3.69
669.8  417886.15  15311.56  3.66
671.3  416711.70  15186.63  3.64
672.8  415973.40  15037.75  3.62
674.3  415267.80  14880.18  3.58
675.8  415009.00  14730.85  3.55
677.3  414523.20  14599.27  3.52
678.8  413910.20  14465.66  3.49
680.3  412908.50  14330.20  3.47
681.8  411648.65  14184.94  3.45
683.3  409034.45  13967.03  3.41
684.8  403876.60  13670.58  3.38
686.3  388614.00  13002.58  3.35
687.8  368768.40  12159.42  3.30
689.3  360636.85  11709.85  3.25
690.8  361063.20  11564.40  3.20
692.3  366968.10  11627.87  3.17
693.8  371908.90  11658.01  3.13
695.3  375312.60  11649.56  3.10
696.8  379012.80  11678.36  3.08
698.3  379568.00  11625.60  3.06
699.8  377669.95  11478.15  3.04
701.3  374461.80  11312.55  3.02
702.8  373939.20  11241.98  3.01
704.2  375362.60  11244.20  3.00
705.7  377076.00  11245.28  2.98
707.2  377677.70  11240.54  2.98
708.7  377484.60  11208.66  2.97
710.2  377357.00  11176.40  2.96
711.7  376319.00  11106.60  2.95
713.2  374610.40  11014.80  2.94
714.7  371765.10  10884.99  2.93
716.2  363688.00  10555.56  2.90
717.6  347274.00  9919.80  2.86
719.1  330132.20  9284.46  2.81
720.6  325312.00  9079.36  2.79
722.1  330924.00  9254.10  2.80
723.6  331700.80  9249.77  2.79
725.0  329015.70  9124.38  2.77
726.5  327987.90  9044.72  2.76
728.0  327229.20  8994.38  2.75
729.5  326761.20  8962.72  2.74
731.0  328900.65  9003.02  2.74
732.4  334243.80  9172.35  2.74
733.9  341086.55  9404.82  2.76
735.4  345225.10  9539.86  2.76
736.8  346845.00  9576.00  2.76
738.3  346967.50  9583.19  2.76
739.8  346211.25  9563.40  2.76
741.2  344991.15  9526.01  2.76
742.7  345202.40  9519.20  2.76
744.2  346743.60  9543.24  2.75
745.7  347382.75  9533.33  2.74
747.1  347931.60  9522.15  2.74
748.6  347306.10  9479.64  2.73
750.0  345523.05  9394.69  2.72
751.5  343748.60  9311.64  2.71
753.0  342648.85  9244.81  2.70
754.4  342178.00  9188.40  2.69
755.9  341000.00  9118.75  2.67
757.3  338074.10  8990.93  2.66
758.8  316977.00  8357.25  2.64
760.3  252388.50  6514.50  2.58
761.7  200797.50  5001.98  2.49
763.2  185526.00  4474.80  2.41
764.6  190542.60  4528.80  2.38
766.1  218467.20  5261.76  2.41
767.5  254844.60  6262.56  2.46
769.0  285919.00  7144.55  2.50
770.4  306154.25  7721.38  2.52
771.9  317030.00  8022.00  2.53
773.3  322195.50  8157.48  2.53
774.8  323895.00  8186.75  2.53
776.2  324627.00  8184.36  2.52
777.7  324493.40  8163.54  2.52
779.1  323528.00  8103.00  2.50
780.5  322809.65  8057.13  2.50
782.0  322134.95  7994.59  2.48
783.4  320870.40  7933.44  2.47
784.9  319680.20  7865.58  2.46
786.3  318746.00  7809.08  2.45
787.8  316924.65  7721.50  2.44
789.2  314490.75  7609.30  2.42
790.6  311625.90  7491.17  2.40
792.0  308959.70  7380.38  2.39
793.5  305744.40  7275.60  2.38
794.9  304091.10  7236.99  2.38
796.3  304065.35  7188.91  2.36
797.8  304684.50  7175.83  2.36
799.2  304628.10  7162.95  2.35
800.6  303287.60  7099.00  2.34
802.1  302040.30  7034.58  2.33
803.5  300733.40  6962.56  2.32
804.9  299566.80  6907.16  2.31
806.3  299310.50  6891.38  2.30
807.8  298944.15  6865.09  2.30
809.2  296884.90  6800.67  2.29
810.6  294789.75  6699.30  2.27
812.0  292042.20  6580.35  2.25
813.4  285918.75  6353.75  2.22
814.8  276067.75  6061.61  2.20
816.3  265529.25  5750.39  2.17
817.7  257922.60  5545.28  2.15
819.1  254689.65  5455.20  2.14
820.5  257565.00  5532.45  2.15
821.9  259578.20  5574.13  2.15
823.3  253976.80  5418.49  2.13
824.7  256913.40  5470.63  2.13
826.1  263278.40  5630.24  2.14
827.5  265154.25  5673.83  2.14
828.9  263407.50  5599.00  2.13
830.3  262894.50  5570.68  2.12
831.7  262986.60  5558.64  2.11
833.2  262906.80  5534.88  2.11
834.5  264525.80  5566.12  2.10
835.9  267853.95  5650.58  2.11
837.3  270980.50  5737.10  2.12
838.7  272753.75  5748.88  2.11
840.1  274132.90  5789.32  2.11
841.5  274806.00  5801.46  2.11
842.9  274404.45  5780.04  2.11
844.3  273585.00  5740.80  2.10
845.7  273638.00  5745.64  2.10
847.1  273586.00  5717.64  2.09
848.5  272095.25  5669.30  2.08
849.9  266693.10  5558.08  2.08
851.2  263282.25  5473.71  2.08
852.6  262196.55  5464.46  2.08
854.0  253417.45  5245.96  2.07
855.4  247826.40  5113.09  2.06
856.8  253649.60  5211.29  2.05
858.2  259350.30  5296.35  2.04
859.5  261922.00  5363.00  2.05
860.9  262800.00  5343.60  2.03
862.3  263084.20  5357.48  2.04
863.7  263073.70  5347.61  2.03
865.0  259720.75  5252.58  2.02
866.4  249823.70  5025.93  2.01
867.8  246486.90  4978.22  2.02
869.1  249461.40  5019.42  2.01
870.5  252626.85  5060.18  2.00
871.9  254576.10  5083.79  2.00
873.2  254801.40  5068.63  1.99
874.6  253766.10  5051.55  1.99
876.0  252956.60  5035.06  1.99
877.3  252515.45  4997.49  1.98
878.7  252393.90  4977.94  1.97
880.0  250672.80  4934.34  1.97
881.4  248895.75  4889.40  1.96
882.8  249096.15  4888.01  1.96
884.1  249552.50  4887.25  1.96
885.5  248832.45  4858.47  1.95
886.8  247139.75  4787.64  1.94
888.2  246336.30  4778.66  1.94
889.5  246457.75  4747.44  1.93
890.9  246083.80  4696.08  1.91
892.2  244341.20  4686.32  1.92
893.6  240771.00  4579.37  1.90
894.9  235090.80  4476.78  1.90
896.2  226243.00  4248.13  1.88
897.6  216972.00  4009.80  1.85
898.9  207085.00  3767.45  1.82
900.3  200004.35  3641.04  1.82
901.6  196761.60  3535.56  1.80
903.0  200775.60  3605.66  1.80
904.3  210302.55  3780.72  1.80
905.6  215072.65  3908.00  1.82
907.0  211214.25  3803.48  1.80
908.3  203321.95  3666.91  1.80
909.6  197821.85  3551.36  1.80
911.0  197121.20  3515.00  1.78
912.3  197678.25  3480.05  1.76
913.6  195686.85  3439.70  1.76
914.9  194098.40  3371.80  1.74
916.2  192985.00  3325.28  1.72
917.6  192876.90  3339.99  1.73
918.9  195906.30  3417.68  1.74
920.2  201419.40  3527.16  1.75
921.5  203526.40  3606.40  1.77
922.9  202566.00  3561.60  1.76
924.2  200948.65  3548.05  1.77
925.5  199949.75  3534.30  1.77
926.8  199652.20  3554.54  1.78
928.1  193358.85  3374.50  1.75
929.4  180787.35  3053.15  1.69
930.7  163612.80  2726.88  1.67
932.0  142403.10  2355.54  1.65
933.4  122241.50  1970.46  1.61
934.7  108184.50  1753.34  1.62
936.0  103535.25  1668.70  1.61
937.3  101666.40  1617.42  1.59
938.6  109782.60  1751.85  1.60
939.9  125367.00  2043.60  1.63
941.2  132136.00  2149.20  1.63
942.5  131317.20  2107.56  1.60
943.8  124538.75  2027.38  1.63
945.1  119956.50  1894.05  1.58
946.4  118817.20  1923.30  1.62
947.7  121030.20  1952.10  1.61
949.0  123150.60  1942.16  1.58
950.2  125580.00  2063.10  1.64
951.5  127638.00  2005.74  1.57
952.8  127352.50  2083.95  1.64
954.1  129026.60  2024.87  1.57
955.4  128851.00  2107.60  1.64
956.7  130922.30  2141.48  1.64
958.0  134476.80  2125.92  1.58
959.3  134884.40  2164.19  1.60
960.5  138186.00  2251.92  1.63
961.8  142644.40  2290.64  1.61
963.1  146307.60  2332.44  1.59
964.4  149344.55  2534.01  1.70
965.7  151948.35  2468.48  1.62
966.9  157539.30  2625.66  1.67
968.2  166760.95  2788.84  1.67
969.5  174339.20  2896.00  1.66
970.8  178180.00  2891.00  1.62
972.0  179893.35  2948.09  1.64
973.3  176774.40  2884.86  1.63
974.6  173388.15  2941.97  1.70
975.8  170359.35  2871.23  1.69
977.1  171758.40  2862.64  1.67
978.4  173876.30  2853.70  1.64
979.6  174575.70  2909.60  1.67
980.9  177522.75  2970.23  1.67
982.2  181120.75  3171.38  1.75
983.4  182702.20  3236.85  1.77
984.7  184917.60  3081.96  1.67
985.9  186662.85  3223.50  1.73
987.2  188485.20  3141.42  1.67
988.5  188618.65  3208.87  1.70
989.7  188965.20  3202.80  1.69
991.0  189096.60  3274.40  1.73
992.2  189218.50  3349.00  1.77
993.5  190209.60  3341.52  1.76
994.7  189270.00  3242.13  1.71
996.0  190089.80  3138.28  1.65
997.2  189581.80  3221.05  1.70
998.5  189050.00  3213.85  1.70
999.7  189218.25  3105.12  1.64
1001.0  188130.60  3185.28  1.69
1002.2  186229.95  3154.72  1.69
1003.4  185059.15  3204.94  1.73
1004.7  181816.25  3012.96  1.66
1005.9  178845.60  3015.42  1.69
1007.2  178252.20  2901.78  1.63
1008.4  177965.10  3086.10  1.73
1009.6  178402.20  2973.37  1.67
1010.9  178596.25  3061.65  1.71
1012.1  178246.25  3157.51  1.77
1013.3  178395.00  3160.14  1.77
1014.6  177758.40  2962.64  1.67
1015.8  177601.80  3079.80  1.73
1017.1  177693.20  3099.30  1.74
1018.3  177233.50  3023.40  1.71
1019.5  177525.60  3064.43  1.73
1020.8  177003.75  3003.70  1.70
1022.0  176733.90  3054.66  1.73
1023.2  175869.80  3005.37  1.71
1024.4  176103.25  3067.61  1.74
1025.7  176358.00  2900.63  1.64
1026.9  176001.60  2854.08  1.62
1028.1  176849.25  2805.20  1.59
1029.3  176200.65  2999.16  1.70
1030.6  175565.50  3075.60  1.75
1031.8  176900.10  2904.33  1.64
1033.0  176306.00  2983.64  1.69
1034.2  175675.50  3067.35  1.75
1035.4  175015.10  3012.56  1.72
1036.7  175441.70  3096.03  1.76
1037.9  175896.60  3032.70  1.72
1039.1  176003.15  3115.10  1.77
1040.3  176478.50  3048.27  1.73
1041.5  176127.35  2962.89  1.68
1042.7  177455.25  3042.09  1.71
1043.9  177128.10  3125.79  1.76
1045.2  176358.60  3206.52  1.82
1046.4  175555.20  3291.66  1.88
1047.6  174272.70  2998.24  1.72
1048.8  174847.40  3074.24  1.76
1050.0  175463.50  3154.40  1.80
1051.2  176083.65  3035.93  1.72
1052.4  176251.75  3525.04  2.00
1053.6  175930.95  3391.44  1.93
1054.8  176118.30  3261.45  1.85
1056.0  176320.10  3347.85  1.90
1057.2  175448.35  2962.12  1.69
1058.4  174547.50  3025.49  1.73
1059.7  174170.70  3101.67  1.78
1060.9  173186.75  3171.03  1.83
1062.1  170238.00  3004.20  1.76
1063.3  172277.10  3085.56  1.79
1064.5  174438.00  3171.60  1.82
1065.7  173372.80  2979.85  1.72
1066.9  174377.70  3044.69  1.75
1068.1  176114.10  3124.61  1.77
1069.3  171436.30  3196.27  1.86
1070.5  172474.60  3271.07  1.90
1071.7  170497.60  3349.06  1.96
1072.9  171550.50  3119.10  1.82
1074.1  170970.05  2903.27  1.70
1075.3  171941.40  3371.40  1.96
1076.5  171150.20  2962.22  1.73
