/*** Spectra Vista SIG Data ***/
name= 230503_1824_R906_T910.sig
instrument= HK: 9202056 (HR-512i)
integration= 10.0, 0.0, 0.0, 500.0, 0.0, 0.0
scan method= Time-based, Time-based
scan coadds= 300, 0, 0, 6, 0, 0
scan time= 3, 3
scan settings= AI, AI
external data set1= 0,0,0,0,0,0,0,0,0,0,0,0,0,0,0,0,0,0,0,0,0,0,0,0,0,0,0,0,0,0,0,0
external data set2= 0,0,0,0,0,0,0,0,0,0,0,0,0,0,0,0,0,0,0,0,0,0,0,0,0,0,0,0,0,0,0,0
external data dark= 0,0,0,0,0,0,0,0,0,0,0,0,0,0,0,0
external data mask= 0
optic= LENS 4(1), LENS 4(1)
temp= 21.2, 0.0, 0.0, 23.8, 0.0, 0.0
battery= 8.28, 8.28
error= 0, 0
units= Radiance, Radiance
time= 5/3/2023 6:22:26 PM, 5/3/2023 6:24:33 PM
longitude= 07757.5909W     , 07757.6392W     
latitude= 3409.6846N      , 3409.6256N      
gpstime= 193119.000      , 193326.000      
comm= 
memory slot= 906, 910
factors= 1.000, 1.000, 1.000 [Overlap: Preserve, Matching Type: None]
inclinometer x offset= 3, 6
inclinometer y offset= -11, 5
data= 
339.7  56652.75  1906.41  3.37
341.4  61525.20  2047.36  3.33
343.0  64582.60  2110.59  3.27
344.7  66343.50  2156.97  3.25
346.4  69966.70  2250.57  3.22
348.0  73819.10  2341.04  3.17
349.7  77781.60  2448.58  3.15
351.3  84387.90  2627.22  3.11
353.0  89311.60  2759.57  3.09
354.6  96013.80  2914.24  3.04
356.2  96812.10  2899.28  2.99
357.9  91182.00  2692.88  2.95
359.5  91977.20  2679.50  2.91
361.2  99307.60  2861.82  2.88
362.8  105049.00  2995.12  2.85
364.5  112248.75  3172.09  2.83
366.1  122755.60  3444.92  2.81
367.7  130730.40  3639.71  2.78
369.4  132717.20  3671.21  2.77
371.0  134507.10  3705.16  2.75
372.6  131997.75  3614.93  2.74
374.3  125856.50  3451.13  2.74
375.9  127824.40  3480.69  2.72
377.5  139775.35  3785.07  2.71
379.1  149070.90  4016.82  2.69
380.8  146832.00  3936.80  2.68
382.4  137137.50  3672.18  2.68
384.0  123631.20  3305.53  2.67
385.6  128560.40  3433.46  2.67
387.3  136656.00  3627.94  2.65
388.9  143840.00  3813.56  2.65
390.5  155861.75  4117.17  2.64
392.1  162920.25  4282.38  2.63
393.8  148320.00  3896.00  2.63
395.4  149927.40  3921.41  2.62
397.0  158798.90  4152.86  2.62
398.6  178772.90  4641.21  2.60
400.2  219117.40  5657.56  2.58
401.8  246568.00  6326.08  2.57
403.4  261037.00  6657.38  2.55
405.0  263460.00  6682.80  2.54
406.6  262242.75  6623.93  2.53
408.3  264894.00  6653.51  2.51
409.9  271216.00  6780.40  2.50
411.5  275931.00  6864.12  2.49
413.1  286550.00  7095.00  2.48
414.7  291780.30  7199.60  2.47
416.3  295506.75  7273.37  2.46
417.9  295627.80  7269.74  2.46
419.5  293629.95  7217.47  2.46
421.1  296218.80  7277.71  2.46
422.7  298535.60  7336.74  2.46
424.3  296934.00  7294.92  2.46
425.9  297069.85  7299.27  2.46
427.5  293327.00  7207.17  2.46
429.1  285191.90  7009.44  2.46
430.7  268269.45  6609.78  2.46
432.3  272323.35  6706.65  2.46
433.9  292686.80  7206.54  2.46
435.5  306416.65  7540.75  2.46
437.1  322658.00  7936.68  2.46
438.7  323615.25  7962.34  2.46
440.3  324770.95  7991.66  2.46
441.9  336332.25  8278.07  2.46
443.5  350471.75  8616.65  2.46
445.0  359057.50  8823.38  2.46
446.6  361446.80  8877.63  2.46
448.2  369653.90  9077.26  2.46
449.8  380005.60  9329.65  2.46
451.4  390631.10  9591.20  2.46
453.0  389294.40  9564.53  2.46
454.6  384333.75  9449.97  2.46
456.2  386337.95  9514.65  2.46
457.8  390820.90  9636.30  2.47
459.3  391500.15  9667.38  2.47
460.9  393243.40  9721.60  2.47
462.5  398738.40  9873.60  2.48
464.1  399472.80  9907.87  2.48
465.7  396127.20  9843.41  2.48
467.2  392748.50  9780.00  2.49
468.8  391418.85  9762.50  2.49
470.4  390339.00  9754.02  2.50
472.0  392444.10  9811.51  2.50
473.6  397284.25  9941.94  2.50
475.1  400538.70  10031.45  2.50
476.7  401406.70  10065.54  2.51
478.3  404599.20  10160.74  2.51
479.9  407943.00  10265.13  2.52
481.5  410550.60  10353.62  2.52
483.0  410192.45  10366.70  2.53
484.6  402624.00  10198.27  2.53
486.2  384437.55  9771.74  2.54
487.8  374749.20  9550.55  2.55
489.3  382350.00  9764.25  2.55
490.9  390934.80  10001.59  2.56
492.5  392268.25  10062.26  2.57
494.0  395514.00  10166.71  2.57
495.6  399470.05  10291.55  2.58
497.2  400848.60  10349.91  2.58
498.8  396773.20  10270.83  2.59
500.3  390756.70  10144.20  2.60
501.9  383634.25  9987.30  2.60
503.5  382278.00  9971.68  2.61
505.0  384158.65  10045.69  2.61
506.6  387465.75  10158.53  2.62
508.2  386110.80  10156.75  2.63
509.7  385348.95  10169.05  2.64
511.3  385067.75  10190.65  2.65
512.9  381573.45  10128.51  2.65
514.4  374814.50  9983.26  2.66
516.0  366570.00  9808.20  2.68
517.5  355197.15  9549.71  2.69
519.1  354929.90  9571.32  2.70
520.7  362824.00  9806.10  2.70
522.2  367311.50  9954.59  2.71
523.8  372349.55  10126.25  2.72
525.4  374627.75  10220.95  2.73
526.9  370029.70  10136.63  2.74
528.5  373078.65  10244.25  2.75
530.0  379469.25  10448.66  2.75
531.6  382178.80  10552.87  2.76
533.2  380081.30  10528.66  2.77
534.7  382256.00  10619.84  2.78
536.3  383111.80  10674.64  2.79
537.8  381597.65  10662.95  2.79
539.4  378589.20  10607.78  2.80
541.0  375166.80  10542.10  2.81
542.5  375525.60  10579.08  2.82
544.1  378437.40  10686.11  2.82
545.6  379980.75  10758.12  2.83
547.2  379790.45  10778.51  2.84
548.7  380072.00  10813.04  2.84
550.3  380925.80  10863.65  2.85
551.8  381534.30  10909.65  2.86
553.4  382868.20  10977.25  2.87
554.9  384745.70  11062.92  2.88
556.5  383483.60  11059.21  2.88
558.0  380225.50  10999.37  2.89
559.6  377081.25  10943.84  2.90
561.1  379080.75  11024.74  2.91
562.7  381590.55  11121.45  2.91
564.2  384483.55  11233.10  2.92
565.8  384022.00  11243.08  2.93
567.3  383784.35  11258.47  2.93
568.9  383393.70  11273.63  2.94
570.4  381480.30  11246.31  2.95
572.0  382068.75  11292.63  2.96
573.5  385162.05  11407.79  2.96
575.1  386232.00  11469.31  2.97
576.6  385733.50  11477.76  2.98
578.2  384504.25  11468.00  2.98
579.7  384360.15  11489.77  2.99
581.2  386666.30  11586.62  3.00
582.8  390325.95  11719.53  3.00
584.3  391604.50  11779.25  3.01
585.9  390047.10  11747.96  3.01
587.4  386143.20  11631.60  3.01
588.9  377018.00  11357.70  3.01
590.5  371051.00  11169.93  3.01
592.0  372097.80  11191.03  3.01
593.6  374030.80  11256.75  3.01
595.1  374827.20  11280.28  3.01
596.6  375888.80  11313.47  3.01
598.2  376516.25  11329.89  3.01
599.7  375771.05  11302.22  3.01
601.2  374462.55  11251.91  3.00
602.8  374325.00  11237.59  3.00
604.3  375944.80  11279.78  3.00
605.8  377529.80  11332.05  3.00
607.4  377439.75  11339.60  3.00
608.9  375552.55  11295.53  3.01
610.5  373474.75  11248.09  3.01
612.0  371685.60  11208.37  3.02
613.5  369333.75  11154.89  3.02
615.0  367122.35  11103.93  3.02
616.6  364193.60  11034.85  3.03
618.1  364505.40  11061.04  3.03
619.6  366586.00  11137.04  3.04
621.2  367904.20  11194.13  3.04
622.7  366681.60  11175.17  3.05
624.2  364437.90  11122.38  3.05
625.8  361456.00  11045.44  3.06
627.3  359569.25  10995.50  3.06
628.8  357215.60  10932.41  3.06
630.3  355794.70  10904.75  3.06
631.8  355083.30  10907.60  3.07
633.4  356206.40  10961.32  3.08
634.9  357381.30  11027.67  3.09
636.4  358918.00  11103.30  3.09
638.0  361038.60  11189.78  3.10
639.5  361158.00  11218.20  3.11
641.0  360313.80  11215.97  3.11
642.5  359790.20  11219.85  3.12
644.0  359437.00  11226.44  3.12
645.5  358220.90  11201.71  3.13
647.1  356124.80  11138.93  3.13
648.6  353614.50  11060.17  3.13
650.1  351920.25  11024.45  3.13
651.6  352408.00  11050.51  3.14
653.1  353203.50  11086.08  3.14
654.7  350625.40  11004.13  3.14
656.2  340547.90  10701.99  3.14
657.7  335544.80  10526.54  3.14
659.2  339931.80  10648.73  3.13
660.7  345996.50  10829.70  3.13
662.2  351466.70  10990.85  3.13
663.7  354024.15  11067.92  3.13
665.2  354779.50  11097.76  3.13
666.8  355090.65  11123.15  3.13
668.3  355014.00  11137.46  3.14
669.8  354740.65  11156.68  3.15
671.3  353912.80  11145.70  3.15
672.8  353468.60  11147.02  3.15
674.3  353092.40  11148.66  3.16
675.8  352995.00  11159.49  3.16
677.3  352743.30  11160.24  3.16
678.8  352335.50  11158.93  3.17
680.3  351612.90  11145.13  3.17
681.8  350659.75  11121.75  3.17
683.3  348535.55  11060.52  3.17
684.8  344104.80  10920.32  3.17
686.3  329969.60  10475.78  3.17
687.8  311766.00  9895.70  3.17
689.3  304423.00  9641.53  3.17
690.8  304869.60  9648.96  3.16
692.3  309799.15  9798.02  3.16
693.8  313312.50  9890.09  3.16
695.3  316058.60  9960.26  3.15
696.8  320171.40  10080.03  3.15
698.3  321328.00  10093.44  3.14
699.8  319669.25  10005.40  3.13
701.3  316970.00  9879.63  3.12
702.8  316809.60  9840.79  3.11
704.2  318603.60  9854.01  3.09
705.7  320635.20  9864.54  3.08
707.2  321715.55  9841.21  3.06
708.7  322108.80  9787.15  3.04
710.2  322463.85  9720.42  3.01
711.7  321909.50  9617.16  2.99
713.2  320635.20  9478.62  2.96
714.7  317796.60  9275.06  2.92
716.2  309027.20  8871.62  2.87
717.6  291276.00  8200.44  2.82
719.1  273547.40  7545.72  2.76
720.6  269062.40  7292.86  2.71
722.1  275443.00  7371.67  2.68
723.6  276180.30  7296.98  2.64
725.0  273182.40  7099.67  2.60
726.5  271947.00  6955.02  2.56
728.0  271325.70  6831.30  2.52
729.5  271494.80  6718.70  2.47
731.0  274000.10  6669.61  2.43
732.4  280331.70  6724.15  2.40
733.9  288342.95  6845.40  2.37
735.4  293447.00  6896.57  2.35
736.8  295773.00  6893.58  2.33
738.3  296728.90  6877.41  2.32
739.8  296950.50  6859.55  2.31
741.2  296809.65  6849.90  2.31
742.7  297664.80  6870.18  2.31
744.2  299527.20  6918.41  2.31
745.7  300397.50  6946.47  2.31
747.1  301067.10  6962.21  2.31
748.6  300750.00  6956.95  2.31
750.0  299368.40  6922.59  2.31
751.5  297923.60  6885.97  2.31
753.0  297040.30  6861.59  2.31
754.4  296732.00  6854.72  2.31
755.9  295687.50  6826.25  2.31
757.3  293119.45  6760.22  2.31
758.8  273313.10  6283.53  2.30
760.3  214075.50  4889.10  2.28
761.7  167168.00  3749.53  2.24
763.2  152196.00  3362.04  2.21
764.6  156643.20  3432.56  2.19
766.1  182448.00  4037.38  2.21
767.5  216305.80  4860.77  2.25
769.0  245298.50  5575.90  2.27
770.4  264327.25  6051.07  2.29
771.9  274680.00  6315.40  2.30
773.3  279816.25  6455.23  2.31
774.8  281567.00  6513.65  2.31
776.2  282403.80  6541.70  2.32
777.7  282359.00  6549.85  2.32
779.1  281644.00  6537.16  2.32
780.5  281062.50  6534.14  2.32
782.0  280493.30  6535.24  2.33
783.4  279321.60  6523.39  2.34
784.9  278290.60  6508.75  2.34
786.3  277218.40  6489.97  2.34
787.8  275322.80  6448.69  2.34
789.2  272558.65  6382.10  2.34
790.6  269616.30  6317.85  2.34
792.0  267059.80  6272.49  2.35
793.5  264713.40  6240.10  2.36
794.9  263608.65  6241.69  2.37
796.3  263360.25  6249.02  2.37
797.8  263882.50  6272.86  2.38
799.2  263902.90  6287.18  2.38
800.6  262525.60  6272.77  2.39
802.1  261191.35  6245.52  2.39
803.5  260055.40  6230.36  2.40
804.9  259355.20  6229.91  2.40
806.3  259624.00  6256.00  2.41
807.8  259502.20  6267.00  2.42
809.2  257677.50  6224.68  2.42
810.6  255333.75  6146.51  2.41
812.0  251933.40  6035.12  2.40
813.4  244800.00  5811.88  2.37
814.8  233820.20  5495.42  2.35
816.3  222648.75  5185.24  2.33
817.7  215326.80  4975.10  2.31
819.1  212980.10  4902.86  2.30
820.5  216793.50  5003.46  2.31
821.9  219092.45  5053.09  2.31
823.3  213278.45  4879.03  2.29
824.7  216641.80  4927.21  2.27
826.1  223361.60  5046.27  2.26
827.5  225199.50  5032.55  2.23
828.9  223451.00  4929.67  2.21
830.3  223344.00  4870.14  2.18
831.7  223787.70  4840.21  2.16
833.2  224189.25  4805.77  2.14
834.5  226562.70  4820.37  2.13
835.9  230274.85  4893.51  2.13
837.3  233800.75  4957.30  2.12
838.7  236028.75  5005.90  2.12
840.1  237734.70  5047.03  2.12
841.5  238746.80  5054.10  2.12
842.9  238721.55  5039.84  2.11
844.3  238303.00  5029.18  2.11
845.7  238618.40  5036.15  2.11
847.1  238849.80  5032.14  2.11
848.5  237674.50  5008.92  2.11
849.9  232902.50  4913.85  2.11
851.2  230151.90  4846.31  2.11
852.6  229117.95  4809.37  2.10
854.0  221349.70  4647.36  2.10
855.4  216681.55  4543.48  2.10
856.8  221774.75  4644.62  2.09
858.2  226888.80  4742.80  2.09
859.5  229225.00  4785.18  2.09
860.9  229862.40  4796.98  2.09
862.3  230265.20  4800.44  2.08
863.7  230593.25  4805.67  2.08
865.0  227369.25  4750.95  2.09
866.4  218710.80  4562.00  2.09
867.8  215909.10  4508.36  2.09
869.1  218892.00  4547.67  2.08
870.5  221502.00  4590.44  2.07
871.9  223068.20  4627.60  2.07
873.2  223293.70  4622.43  2.07
874.6  222466.30  4591.96  2.06
876.0  221663.00  4569.67  2.06
877.3  221433.50  4562.75  2.06
878.7  221127.50  4554.20  2.06
880.0  219859.20  4526.27  2.06
881.4  218337.00  4467.90  2.05
882.8  218572.80  4444.03  2.03
884.1  218628.75  4454.75  2.04
885.5  217974.60  4433.90  2.03
886.8  216108.75  4393.10  2.03
888.2  215600.35  4370.34  2.03
889.5  215792.50  4370.37  2.03
890.9  215467.20  4359.99  2.02
892.2  213332.25  4294.62  2.01
893.6  209376.35  4201.69  2.01
894.9  203011.20  4045.86  1.99
896.2  192986.25  3811.18  1.97
897.6  183270.00  3571.92  1.95
898.9  173402.50  3368.25  1.94
900.3  166375.30  3211.20  1.93
901.6  163968.00  3166.63  1.93
903.0  167831.80  3252.88  1.94
904.3  177746.35  3444.66  1.94
905.6  182638.95  3535.81  1.94
907.0  178304.75  3447.41  1.93
908.3  170210.30  3283.80  1.93
909.6  164805.30  3157.38  1.92
911.0  163658.40  3132.57  1.91
912.3  163733.50  3132.05  1.91
913.6  161289.90  3069.71  1.90
914.9  159794.00  3025.82  1.89
916.2  158544.60  2992.75  1.89
917.6  158875.20  2972.89  1.87
918.9  162644.95  3082.02  1.89
920.2  169241.80  3242.51  1.92
921.5  171852.80  3305.34  1.92
922.9  171720.00  3294.48  1.92
924.2  169983.85  3244.85  1.91
925.5  168861.00  3220.14  1.91
926.8  168093.20  3162.54  1.88
928.1  160963.65  3030.30  1.88
929.4  147854.55  2723.82  1.84
930.7  130400.80  2363.30  1.81
932.0  110639.00  1991.50  1.80
933.4  91589.90  1649.35  1.80
934.7  79459.65  1439.97  1.81
936.0  75091.50  1365.30  1.82
937.3  73169.00  1324.74  1.81
938.6  80974.40  1440.41  1.78
939.9  94713.00  1689.90  1.78
941.2  101092.00  1775.08  1.76
942.5  100109.10  1750.90  1.75
943.8  94335.00  1704.65  1.81
945.1  90072.60  1624.67  1.80
946.4  89326.60  1589.93  1.78
947.7  91098.00  1613.74  1.77
949.0  93135.40  1633.18  1.75
950.2  95530.50  1686.36  1.77
951.5  97096.05  1741.35  1.79
952.8  96787.90  1704.21  1.76
954.1  98889.00  1780.00  1.80
955.4  99153.00  1753.14  1.77
956.7  101233.60  1781.32  1.76
958.0  104812.80  1868.83  1.78
959.3  104686.40  1902.47  1.82
960.5  107989.80  1965.31  1.82
961.8  111929.00  2030.34  1.81
963.1  116091.90  2099.20  1.81
964.4  119691.30  2145.82  1.79
965.7  122326.65  2194.20  1.79
966.9  127372.20  2301.64  1.81
968.2  137165.15  2538.41  1.85
969.5  145379.20  2710.66  1.86
970.8  150450.00  2796.60  1.86
972.0  152217.45  2815.72  1.85
973.3  149153.40  2713.00  1.82
974.6  145220.40  2679.07  1.84
975.8  142285.15  2628.77  1.85
977.1  143782.60  2680.47  1.86
978.4  146003.00  2707.69  1.85
979.6  146833.05  2760.73  1.88
980.9  149892.75  2818.26  1.88
982.2  154340.25  2931.76  1.90
983.4  156807.40  2992.29  1.91
984.7  159234.60  3067.28  1.93
985.9  160425.10  3058.57  1.91
987.2  163200.60  3156.74  1.93
988.5  164356.50  3224.52  1.96
989.7  164143.50  3250.84  1.98
991.0  165357.20  3323.52  2.01
992.2  164938.25  3265.28  1.98
993.5  165362.40  3307.25  2.00
994.7  165611.25  3277.18  1.98
996.0  164983.60  3335.54  2.02
997.2  165654.00  3368.30  2.03
998.5  164473.50  3365.09  2.05
999.7  164959.50  3299.19  2.00
1001.0  164241.00  3424.18  2.08
1002.2  163841.65  3358.25  2.05
1003.4  161280.60  3349.67  2.08
1004.7  158959.35  3283.08  2.07
1005.9  155970.00  3264.97  2.09
1007.2  156488.85  3295.59  2.11
1008.4  156362.40  3291.84  2.11
1009.6  156870.90  3383.49  2.16
1010.9  156144.15  3347.40  2.14
1012.1  156856.70  3320.47  2.12
1013.3  155968.20  3404.80  2.18
1014.6  155283.20  3391.71  2.18
1015.8  155016.60  3428.84  2.21
1017.1  153931.90  3367.91  2.19
1018.3  155339.95  3336.16  2.15
1019.5  155334.90  3318.04  2.14
1020.8  154476.00  3389.89  2.19
1022.0  153823.95  3447.40  2.24
1023.2  153607.80  3450.61  2.25
1024.4  153380.25  3476.62  2.27
1025.7  153153.00  3480.75  2.27
1026.9  153406.80  3543.82  2.31
1028.1  154895.55  3536.99  2.28
1029.3  153706.95  3474.03  2.26
1030.6  153780.00  3562.57  2.32
1031.8  154457.55  3564.41  2.31
1033.0  153250.60  3444.75  2.25
1034.2  153367.50  3429.86  2.24
1035.4  153496.85  3557.68  2.32
1036.7  153327.20  3626.78  2.37
1037.9  153151.35  3760.55  2.46
1039.1  154197.45  3862.72  2.51
1040.3  154017.60  3690.01  2.40
1041.5  153082.65  3720.07  2.43
1042.7  153794.55  3718.11  2.42
1043.9  154552.95  3681.49  2.38
1045.2  153200.40  3705.31  2.42
1046.4  153610.80  3657.40  2.38
1047.6  153659.80  3822.76  2.49
1048.8  153712.00  3804.37  2.48
1050.0  153777.00  3824.71  2.49
1051.2  153820.20  4169.34  2.71
1052.4  153442.70  4022.69  2.62
1053.6  152614.80  3942.55  2.58
1054.8  154375.30  4174.66  2.70
1056.0  154001.10  3883.51  2.52
1057.2  152662.85  3964.68  2.60
1058.4  151274.50  3909.86  2.58
1059.7  152697.60  3769.72  2.47
1060.9  151233.50  4097.94  2.71
1062.1  150210.00  4005.60  2.67
1063.3  149135.40  4114.08  2.76
1064.5  150651.00  4387.38  2.91
1065.7  148992.25  4171.78  2.80
1066.9  149466.60  4317.92  2.89
1068.1  150549.15  4374.45  2.91
1069.3  148190.70  4591.01  3.10
1070.5  148685.00  4401.08  2.96
1071.7  146140.80  4445.12  3.04
1072.9  149716.80  4179.59  2.79
1074.1  148389.10  4451.67  3.00
1075.3  151713.00  4450.25  2.93
1076.5  148110.75  4410.41  2.98
