/*** Spectra Vista SIG Data ***/
name= 230503_1736_R701_T901.sig
instrument= HK: 9202056 (HR-512i)
integration= 30.0, 0.0, 0.0, 100.0, 0.0, 0.0
scan method= Time-based, Time-based
scan coadds= 166, 0, 0, 30, 0, 0
scan time= 5, 3
scan settings= AI, AI
external data set1= 0,0,0,0,0,0,0,0,0,0,0,0,0,0,0,0,0,0,0,0,0,0,0,0,0,0,0,0,0,0,0,0
external data set2= 0,0,0,0,0,0,0,0,0,0,0,0,0,0,0,0,0,0,0,0,0,0,0,0,0,0,0,0,0,0,0,0
external data dark= 0,0,0,0,0,0,0,0,0,0,0,0,0,0,0,0
external data mask= 0
optic= LENS 4(1), LENS 4(1)
temp= 23.5, 0.0, 0.0, 24.4, 0.0, 0.0
battery= 7.90, 8.26
error= 0, 0
units= Radiance, Radiance
time= 2/7/2023 1:17:41 PM, 5/3/2023 5:36:46 PM
longitude= 08034.7597W     , 07756.2047W     
latitude= 3202.4856N      , 3406.6023N      
gpstime= 150411.000      , 184540.000      
comm= 
memory slot= 701, 901
factors= 1.000, 1.000, 1.000 [Overlap: Preserve, Matching Type: None]
inclinometer x offset= 9, 5
inclinometer y offset= -5, 0
data= 
339.7  43164.00  27858.77  64.54
341.4  46926.00  30050.02  64.04
343.0  49269.20  31242.67  63.41
344.7  50371.92  31601.30  62.74
346.4  52717.43  32778.71  62.18
348.0  55535.88  34086.19  61.38
349.7  58078.80  35436.96  61.02
351.3  62995.07  37919.94  60.20
353.0  66448.90  39481.61  59.42
354.6  70947.87  41632.00  58.68
356.2  71952.65  41202.32  57.26
357.9  67509.75  37900.65  56.14
359.5  66680.40  37294.36  55.93
361.2  71871.63  39527.36  55.00
362.8  75610.85  41017.97  54.25
364.5  80697.75  43176.33  53.50
366.1  87780.77  46433.64  52.90
367.7  93706.20  48698.28  51.97
369.4  94763.90  48635.13  51.32
371.0  95823.00  48503.00  50.62
372.6  94003.75  46852.73  49.84
374.3  89235.92  43944.70  49.25
375.9  89392.78  43899.41  49.11
377.5  96894.42  47341.45  48.86
379.1  103831.57  49898.26  48.06
380.8  102179.47  48380.08  47.35
382.4  95944.50  44567.10  46.45
384.0  85598.55  39507.80  46.15
385.6  87648.93  40442.15  46.14
387.3  93225.60  42503.76  45.59
388.9  97661.37  44176.86  45.23
390.5  105116.73  47216.18  44.92
392.1  110639.25  48751.20  44.06
393.8  101333.33  43864.00  43.29
395.4  99696.10  43468.22  43.60
397.0  106159.73  45553.69  42.91
398.6  116721.43  50369.95  43.15
400.2  143067.73  60902.64  42.57
401.8  161594.42  67605.48  41.84
403.4  171304.23  70504.91  41.16
405.0  172640.00  70038.00  40.57
406.6  171055.50  68520.38  40.06
408.3  171420.55  67965.35  39.65
409.9  174861.07  68372.16  39.10
411.5  176829.75  68403.15  38.68
413.1  182783.33  69905.00  38.24
414.7  185777.90  70155.75  37.76
416.3  187498.67  70115.65  37.40
417.9  187345.70  69290.88  36.99
419.5  185498.30  67959.89  36.64
421.1  186351.20  67675.36  36.32
422.7  187793.47  67398.32  35.89
424.3  186340.40  66245.73  35.55
425.9  186108.63  65528.82  35.21
427.5  183714.50  64009.75  34.84
429.1  178741.55  61513.74  34.41
430.7  168335.00  57285.30  34.03
432.3  168241.45  57337.09  34.08
433.9  181009.03  60921.74  33.66
435.5  189273.38  63014.61  33.29
437.1  199208.67  65569.00  32.91
438.7  200599.60  65111.16  32.46
440.3  200312.93  64561.25  32.23
441.9  206715.75  66126.60  31.99
443.5  215294.37  68121.87  31.64
445.0  220707.08  68893.63  31.21
446.6  221973.22  68489.80  30.85
448.2  226249.38  69169.43  30.57
449.8  232415.08  70295.49  30.25
451.4  238767.83  71498.52  29.94
453.0  238611.45  70543.55  29.56
454.6  234904.25  68905.70  29.33
456.2  235486.42  68574.89  29.12
457.8  237987.95  68675.48  28.86
459.3  238330.95  68129.40  28.59
460.9  238800.47  67765.50  28.38
462.5  241780.80  68058.48  28.15
464.1  242365.60  67548.48  27.87
465.7  240135.20  66393.84  27.65
467.2  237776.25  65236.68  27.44
468.8  236461.05  64401.80  27.24
470.4  235561.50  63633.60  27.01
472.0  236020.60  63345.47  26.84
473.6  238584.68  63465.11  26.60
475.1  240059.55  63288.79  26.36
476.7  240079.13  62789.52  26.15
478.3  241302.50  62690.00  25.98
479.9  243304.20  62659.58  25.75
481.5  245031.10  62543.42  25.52
483.0  245182.72  61986.87  25.28
484.6  241126.40  60364.80  25.03
486.2  230718.48  57183.04  24.78
487.8  223599.60  55199.34  24.69
489.3  227575.00  55762.50  24.50
490.9  232772.80  56517.96  24.28
492.5  233702.70  56255.21  24.07
494.0  235206.00  56220.95  23.90
495.6  237509.42  56274.05  23.69
497.2  238344.02  56002.59  23.50
498.8  235856.50  54999.21  23.32
500.3  232143.00  53722.54  23.14
501.9  227625.50  52296.33  22.97
503.5  226302.27  51619.36  22.81
505.0  227035.68  51405.69  22.64
506.6  229019.25  51433.25  22.46
508.2  228398.40  50874.48  22.27
509.7  227920.65  50385.15  22.11
511.3  227906.68  49972.05  21.93
512.9  226219.95  49155.26  21.73
514.4  222345.00  47946.00  21.56
516.0  217890.00  46602.00  21.39
517.5  210999.75  44848.13  21.26
519.1  209919.23  44438.03  21.17
520.7  214368.00  45051.16  21.02
522.2  217200.67  45265.05  20.84
523.8  220066.17  45552.80  20.70
525.4  221663.40  45503.86  20.53
526.9  218841.70  44647.34  20.40
528.5  219855.95  44693.01  20.33
530.0  223536.85  45143.81  20.20
531.6  225249.87  45156.00  20.05
533.2  223942.63  44612.12  19.92
534.7  224858.67  44573.20  19.82
536.3  225504.33  44391.04  19.69
537.8  224573.30  43908.20  19.55
539.4  222860.80  43265.76  19.41
541.0  220478.00  42567.48  19.31
542.5  220303.20  42294.24  19.20
544.1  221793.90  42320.06  19.08
545.6  222610.50  42199.43  18.96
547.2  222475.08  41897.54  18.83
548.7  222404.00  41655.60  18.73
550.3  222816.63  41484.66  18.62
551.8  223038.90  41283.27  18.51
553.4  223613.87  41146.82  18.40
554.9  224495.20  41055.34  18.29
556.5  223798.53  40655.16  18.17
558.0  221741.67  40037.40  18.06
559.6  219515.33  39442.55  17.97
561.1  220226.43  39377.52  17.88
562.7  221332.43  39345.74  17.78
564.2  222634.17  39370.77  17.68
565.8  222113.13  39055.32  17.58
567.3  221439.45  38727.53  17.49
568.9  220758.90  38367.54  17.38
570.4  219140.55  37840.64  17.27
572.0  218745.25  37564.20  17.17
573.5  219950.50  37541.81  17.07
575.1  220207.47  37340.32  16.96
576.6  219528.83  37002.60  16.86
578.2  218667.32  36614.49  16.74
579.7  218510.55  36350.56  16.64
581.2  220084.33  36337.24  16.51
582.8  222645.03  36459.99  16.38
584.3  223964.50  36360.10  16.23
585.9  223448.10  35971.26  16.10
587.4  221335.20  35358.12  15.97
588.9  216084.50  34243.40  15.85
590.5  211729.67  33411.14  15.78
592.0  211961.50  33255.99  15.69
593.6  212962.53  33194.98  15.59
595.1  213318.23  33039.49  15.49
596.6  213933.60  32938.00  15.40
598.2  214453.83  32810.95  15.30
599.7  214132.13  32554.44  15.20
601.2  213537.57  32260.41  15.11
602.8  213377.13  32056.48  15.02
604.3  214334.97  32001.26  14.93
605.8  215317.60  31935.64  14.83
607.4  215346.60  31737.02  14.74
608.9  214329.20  31372.40  14.64
610.5  213103.55  30998.22  14.55
612.0  212049.50  30640.35  14.45
613.5  210686.00  30239.55  14.35
615.0  209407.92  29870.12  14.26
616.6  207664.80  29448.32  14.18
618.1  207534.60  29287.44  14.11
619.6  208594.67  29263.80  14.03
621.2  209310.53  29180.98  13.94
622.7  208550.40  28888.32  13.85
624.2  207122.40  28525.77  13.77
625.8  205045.78  28106.32  13.71
627.3  203236.50  27765.45  13.66
628.8  200966.73  27384.42  13.63
630.3  199750.00  27102.08  13.57
631.8  199431.27  26904.28  13.49
633.4  200406.80  26862.00  13.40
634.9  201582.87  26838.49  13.31
636.4  202821.75  26840.29  13.23
638.0  204330.00  26888.16  13.16
639.5  204820.00  26787.60  13.08
641.0  204550.50  26625.45  13.02
642.5  204362.20  26478.27  12.96
644.0  204235.67  26333.20  12.89
645.5  203596.60  26122.89  12.83
647.1  202187.73  25833.00  12.78
648.6  200564.47  25541.02  12.73
650.1  199464.25  25333.13  12.70
651.6  199787.77  25324.83  12.68
653.1  200440.30  25327.50  12.64
654.7  199424.83  25074.12  12.57
656.2  194002.83  24268.39  12.51
657.7  190436.27  23821.84  12.51
659.2  192789.35  24076.13  12.49
660.7  196316.17  24400.25  12.43
662.2  199582.93  24651.25  12.35
663.7  201196.70  24690.12  12.27
665.2  201618.00  24627.59  12.21
666.8  201766.78  24532.47  12.16
668.3  201728.80  24420.66  12.11
669.8  201722.95  24313.47  12.05
671.3  201359.10  24167.02  12.00
672.8  201113.15  23998.09  11.93
674.3  200930.67  23802.30  11.85
675.8  200838.50  23623.90  11.76
677.3  200703.77  23439.57  11.68
678.8  200440.90  23259.83  11.60
680.3  200047.50  23043.38  11.52
681.8  199455.90  22836.49  11.45
683.3  198284.17  22545.71  11.37
684.8  195652.67  22101.04  11.30
686.3  186610.60  21024.18  11.27
687.8  173318.60  19672.38  11.35
689.3  167176.22  19029.19  11.38
690.8  166980.00  18911.52  11.33
692.3  170564.20  19113.62  11.21
693.8  173486.93  19222.07  11.08
695.3  175880.03  19291.09  10.97
696.8  179146.87  19467.68  10.87
698.3  180096.00  19460.00  10.81
699.8  178937.15  19263.33  10.77
701.3  177211.73  19001.81  10.72
702.8  177339.80  18913.36  10.67
704.2  178813.27  18959.12  10.60
705.7  180221.07  19033.36  10.56
707.2  181070.78  19049.58  10.52
708.7  181542.20  19026.42  10.48
710.2  181890.35  19006.82  10.45
711.7  181775.17  18928.30  10.41
713.2  181096.53  18802.88  10.38
714.7  179501.20  18590.94  10.36
716.2  174114.73  17979.96  10.33
717.6  162594.00  16815.60  10.34
719.1  150820.53  15685.48  10.40
720.6  147224.53  15357.12  10.43
722.1  151528.17  15717.80  10.37
723.6  152467.13  15720.78  10.31
725.0  150297.90  15492.78  10.31
726.5  149369.00  15364.46  10.29
728.0  149094.45  15282.14  10.25
729.5  149174.80  15245.52  10.22
731.0  150664.68  15364.34  10.20
732.4  154649.00  15708.00  10.16
733.9  160146.70  16189.36  10.11
735.4  163888.45  16473.82  10.05
736.8  165699.00  16569.90  10.00
738.3  166735.57  16597.09  9.95
739.8  167205.50  16597.35  9.93
741.2  167474.25  16573.28  9.90
742.7  168172.53  16591.44  9.87
744.2  169461.60  16663.92  9.83
745.7  170106.75  16672.95  9.80
747.1  170622.60  16674.21  9.77
748.6  170545.30  16601.40  9.73
750.0  169840.22  16478.61  9.70
751.5  168982.23  16332.03  9.66
753.0  168523.90  16224.58  9.63
754.4  168309.33  16138.60  9.59
755.9  167750.00  16012.50  9.55
757.3  166325.90  15806.64  9.50
758.8  155412.08  14658.60  9.43
760.3  118873.50  11332.65  9.53
761.7  85934.80  8665.31  10.08
763.2  73524.00  7741.80  10.53
764.6  73526.40  7858.80  10.69
766.1  88905.60  9199.68  10.35
767.5  111409.70  11032.41  9.90
769.0  131794.00  12604.00  9.56
770.4  145725.08  13642.25  9.36
771.9  153743.33  14182.00  9.22
773.3  157843.25  14411.78  9.13
774.8  159516.50  14471.60  9.07
776.2  160289.10  14488.92  9.04
777.7  160491.10  14439.81  9.00
779.1  160160.67  14341.20  8.95
780.5  159843.37  14262.99  8.92
782.0  159512.55  14168.78  8.88
783.4  158924.80  14054.40  8.84
784.9  158271.13  13941.76  8.81
786.3  157626.27  13821.52  8.77
787.8  156346.30  13662.34  8.74
789.2  154587.52  13453.89  8.70
790.6  152695.05  13226.46  8.66
792.0  151245.03  13044.78  8.62
793.5  149911.20  12909.96  8.61
794.9  149352.45  12815.15  8.58
796.3  149106.45  12744.37  8.55
797.8  149252.53  12710.71  8.52
799.2  149385.80  12650.04  8.47
800.6  148575.20  12549.20  8.45
802.1  147670.35  12431.48  8.42
803.5  146976.87  12307.46  8.37
804.9  146544.67  12255.88  8.36
806.3  146787.92  12228.53  8.33
807.8  146839.30  12200.18  8.31
809.2  145882.52  12075.48  8.28
810.6  144261.00  11908.73  8.25
812.0  141912.73  11656.62  8.21
813.4  137168.75  11220.00  8.18
814.8  130020.17  10664.54  8.20
816.3  122704.20  10071.42  8.21
817.7  117762.67  9670.70  8.21
819.1  116339.72  9546.60  8.21
820.5  118888.00  9725.10  8.18
821.9  121222.55  9810.46  8.09
823.3  117480.18  9500.26  8.09
824.7  118914.43  9631.22  8.10
826.1  123528.53  9917.60  8.03
827.5  124999.50  9957.38  7.97
828.9  123899.08  9823.70  7.93
830.3  123735.33  9797.15  7.92
831.7  124108.00  9793.17  7.89
833.2  124490.45  9805.79  7.88
834.5  126048.30  9889.32  7.85
835.9  128600.98  10025.67  7.80
837.3  130941.42  10151.33  7.75
838.7  132633.75  10240.63  7.72
840.1  133985.50  10303.27  7.69
841.5  134785.80  10337.94  7.67
842.9  135113.35  10321.50  7.64
844.3  134948.67  10270.65  7.61
845.7  135227.20  10278.48  7.60
847.1  135512.17  10221.05  7.54
848.5  134983.33  10154.90  7.52
849.9  132478.10  9916.12  7.49
851.2  130600.80  9795.06  7.50
852.6  130206.45  9745.22  7.48
854.0  126187.97  9406.54  7.45
855.4  122969.42  9160.25  7.45
856.8  125756.68  9360.08  7.44
858.2  128707.00  9550.52  7.42
859.5  130211.33  9584.20  7.36
860.9  130757.60  9600.96  7.34
862.3  130862.07  9561.86  7.31
863.7  131058.32  9582.63  7.31
865.0  129708.92  9451.00  7.29
866.4  124819.80  9076.13  7.27
867.8  122746.25  8912.31  7.26
869.1  124290.40  9000.99  7.24
870.5  125963.35  9108.32  7.23
871.9  126933.67  9123.76  7.19
873.2  127139.77  9100.05  7.16
874.6  126585.90  9072.98  7.17
876.0  126177.40  9006.94  7.14
877.3  126020.72  8958.92  7.11
878.7  125888.40  8947.95  7.11
880.0  125197.60  8848.50  7.07
881.4  124131.75  8725.05  7.03
882.8  124156.75  8751.45  7.05
884.1  124343.75  8736.50  7.03
885.5  124015.00  8666.46  6.99
886.8  122941.87  8555.69  6.96
888.2  122420.32  8502.87  6.95
889.5  122509.57  8495.41  6.93
890.9  122312.93  8471.36  6.93
892.2  121082.57  8416.72  6.95
893.6  118497.10  8190.94  6.91
894.9  114273.60  7924.14  6.93
896.2  107700.08  7428.15  6.90
897.6  101106.00  7011.00  6.93
898.9  94976.33  6586.80  6.94
900.3  90436.02  6321.25  6.99
901.6  88816.00  6225.66  7.01
903.0  91135.87  6381.24  7.00
904.3  97318.53  6695.03  6.88
905.6  100934.38  6885.52  6.82
907.0  98548.67  6689.80  6.79
908.3  93405.87  6376.05  6.83
909.6  89616.35  6159.39  6.87
911.0  88765.47  6130.16  6.91
912.3  89093.08  6104.35  6.85
913.6  87389.45  6012.24  6.88
914.9  86200.80  5922.64  6.87
916.2  85705.13  5848.93  6.82
917.6  85656.20  5837.46  6.81
918.9  87781.48  5980.94  6.81
920.2  92304.33  6188.00  6.70
921.5  94602.67  6303.36  6.66
922.9  94764.00  6328.20  6.68
924.2  93539.50  6225.22  6.66
925.5  92829.92  6152.30  6.63
926.8  92351.60  6145.70  6.65
928.1  87849.48  5837.89  6.65
929.4  79015.85  5351.58  6.77
930.7  68521.60  4614.72  6.73
932.0  56628.13  3997.28  7.06
933.4  45247.60  3284.10  7.26
934.7  37926.75  2909.79  7.67
936.0  35523.08  2806.45  7.90
937.3  34145.53  2734.21  8.01
938.6  37891.87  2919.75  7.71
939.9  46374.00  3379.80  7.29
941.2  50280.67  3502.40  6.97
942.5  49987.00  3526.11  7.05
943.8  46891.67  3392.75  7.24
945.1  44334.80  3198.84  7.22
946.4  43452.33  3205.50  7.38
947.7  44536.80  3253.50  7.31
949.0  45905.60  3310.50  7.21
950.2  46943.00  3274.05  6.97
951.5  48168.15  3373.29  7.00
952.8  47544.93  3426.94  7.21
954.1  48816.63  3531.75  7.23
955.4  49017.67  3544.60  7.23
956.7  49967.87  3552.91  7.11
958.0  52571.20  3658.56  6.96
959.3  52678.73  3623.76  6.88
960.5  54080.20  3684.96  6.81
961.8  56918.93  3852.44  6.77
963.1  59547.90  4028.76  6.77
964.4  61822.53  4151.46  6.72
965.7  63448.95  4223.84  6.66
966.9  66479.35  4469.20  6.72
968.2  72851.20  4723.95  6.48
969.5  78578.13  5039.04  6.41
970.8  82010.00  5192.00  6.33
972.0  83428.80  5174.19  6.20
973.3  81635.40  5033.16  6.17
974.6  79287.00  4882.41  6.16
975.8  77204.05  4912.99  6.36
977.1  77855.13  4944.56  6.35
978.4  79195.57  5043.74  6.37
979.6  80070.25  5142.54  6.42
980.9  82199.25  5249.70  6.39
982.2  84804.92  5285.63  6.23
983.4  86316.00  5250.89  6.08
984.7  88056.00  5356.74  6.08
985.9  89708.12  5547.41  6.18
987.2  91177.80  5593.26  6.13
988.5  91830.93  5713.35  6.22
989.7  92347.40  5604.90  6.07
991.0  92774.67  5648.34  6.09
992.2  93213.83  5693.30  6.11
993.5  93391.20  5740.56  6.15
994.7  93174.58  5783.25  6.21
996.0  93251.60  5559.23  5.96
997.2  93563.83  5613.83  6.00
998.5  93579.75  5671.50  6.06
999.7  93153.60  5628.03  6.04
1001.0  92572.20  5673.78  6.13
1002.2  91927.72  5800.61  6.31
1003.4  90978.80  5789.56  6.36
1004.7  89349.70  5506.44  6.16
1005.9  88036.40  5406.96  6.14
1007.2  87744.30  5285.39  6.02
1008.4  88125.30  5143.50  5.84
1009.6  88175.80  5536.62  6.28
1010.9  88107.48  5408.92  6.14
1012.1  88274.33  5398.32  6.12
1013.3  88348.00  5504.76  6.23
1014.6  87857.60  5516.64  6.28
1015.8  87945.40  5440.98  6.19
1017.1  87469.13  5475.43  6.26
1018.3  87574.20  5317.01  6.07
1019.5  87706.10  5494.84  6.27
1020.8  87965.50  5363.75  6.10
1022.0  87639.65  5454.75  6.22
1023.2  87563.87  5342.88  6.10
1024.4  87104.83  5339.91  6.13
1025.7  87405.50  5337.15  6.11
1026.9  87208.00  5470.32  6.27
1028.1  87408.25  5488.43  6.28
1029.3  87475.50  5373.50  6.14
1030.6  87569.17  5510.45  6.29
1031.8  88010.00  5148.59  5.85
1033.0  87248.87  5289.18  6.06
1034.2  87373.00  5298.15  6.06
1035.4  86551.18  5451.29  6.30
1036.7  86492.27  5307.48  6.14
1037.9  86937.40  5458.86  6.28
1039.1  86703.62  5451.43  6.29
1040.3  86634.90  5454.79  6.30
1041.5  86691.97  5267.36  6.08
1042.7  87319.25  5239.16  6.00
1043.9  87406.35  5209.65  5.96
1045.2  86694.80  5522.34  6.37
1046.4  86558.47  5303.23  6.13
1047.6  86199.40  5246.92  6.09
1048.8  86463.00  5764.20  6.67
1050.0  86088.83  5717.35  6.64
1051.2  85680.55  5667.06  6.61
1052.4  86397.92  5391.23  6.24
1053.6  86199.10  5299.13  6.15
1054.8  86247.23  5435.75  6.30
1056.0  85556.17  5356.56  6.26
1057.2  85065.87  5468.52  6.43
1058.4  85334.33  5352.79  6.27
1059.7  84301.80  5248.98  6.23
1060.9  83747.58  5122.43  6.12
1062.1  83450.00  5007.00  6.00
1063.3  83138.70  5399.73  6.49
1064.5  82814.00  5286.00  6.38
1065.7  83074.47  5417.90  6.52
1066.9  83037.00  5812.59  7.00
1068.1  82375.95  5681.10  6.90
1069.3  83296.73  5811.40  6.98
1070.5  83263.60  5352.66  6.43
1071.7  82204.20  5175.82  6.30
1072.9  82136.30  5302.47  6.46
1074.1  80646.25  5483.95  6.80
1075.3  82037.40  5731.38  6.99
1076.5  81186.63  5595.30  6.89
